1,13,1,12,1,1,1,15,12,1,11,1,15,9,8,1,1,1,1,24,1,20,8,16,11,12,5,1,18,14,1,5,11,14,14,1,1,1,1,83,11,10,8,15,1,1,1,11,25,1,1,9,1,11,16,1,1,6,13,12,1,1,1,1,14,1,1,9,13,10,8,1,1,19,1,1,16,2,120,1,16,18,16,8,12,1,15,1,26,1,14,10,1,22,1,1,10,1,8,3,14,1,1,17,1,17,2,7,1,1,1,1,1,15,15,12,10,3,1,1,1,1,15,12,1,1,1,2,10,1,6,1,1,10,18,1,23,1,133,1,22,1,1,16,1,11,11,1,1,18,1,63,1,17,1,53,4,1,1,12,1,13,5,1,1,12,9,12,15,18,10,12,10,1,1,1,10,1,11,1,1,14,14,1,1,1,1,1,15,8,1,1,1,1,1,1,1,1,5,25,6,18,1,1,26,10,15,9,1,1,1,16,7,7,11,11,16,1,1,1,1,186,7,1,1,13,2,6,1,1,1,20,1,18,5,1,1,24,16,1,7,1,16,1,12,1,12,13,1,22,1,9,1,6,1,5,14,8,14,1,6,1,13,11,15,13,12,1,1,10,1,5,14,1,1,11,11,1,10,16,1,1,1,1,8,1,16,20,12,1,1,12,1,1,12,1,8,1,9,1,11,15,1,1,1,1,1,12,11,10,14,9,1,38,8,1,1,17,1,1,11,1,14,1,1,11,12,11,1,15,11,1,1,1,1,1,13,1,15,1,11,1,2,1,1,1,21,8,1,2,42,19,21,7,8,11,1,14,14,15,10,1,5,1,1,1,16,7,3,1,23,1,1,1,14,9,12,1,1,1,1,9,10,11,1,16,1,13,3,10,1,1,10,9,1,13,1,1,1,16,12,25,8,1,1,3,12,1,8,1,14,98,22,12,74,1,27,4,1,12,8,10,13,18,10,11,18,1,7,15,1,1,1,1,17,1,9,21,1,9,1,1,1,1,1,10,1,1,3,10,13,10,13,16,10,1,21,18,12,1,19,1,1,1,1,1,1,7,1,1,1,13,1,1,15,1,15,13,1,14,1,1,1,1,1,16,3,19,15,1,14,12,1,21,1,14,1,1,13,27,1,1,18,1,17,10,1,14,13,2,12,1,1,16,13,9,1,11,1,1,15,12,1,1,1,12,1,1,18,1,1,16,14,17,13,1,1,10,6,4,12,1,11,6,10,13,10,1,1,1,12,1,1,18,18,3,25,1,1,17,1,3,11,16,1,15,18,13,15,8,1,11,2,1,1,76,15,1,1,1,15,1,11,1,16,9,20,1,2,10,2,15,1,10,1,16,1,20,6,19,13,1,1,1,1,8,13,1,1,1,7,1,1,10,1,13,1,1,8,11,1,1,1,10,15,1,8,6,17,1,1,18,11,6,1,7,5,18,1,5,9,4,7,138,9,1,1,7,1,1,5,15,15,1,1,6,2,1,10,16,20,12,1,11,1,104,1,11,17,1,1,16,5,1,1,8,1,17,13,1,1,1,1,1,13,14,8,3,1,1,1,1,7,9,20,9,14,10,16,1,1,12,5,1,1,1,17,1,1,1,1,6,1,19,14,11,19,1,1,1,6,8,1,14,9,1,2,1,11,5,1,10,15,1,12,1,1,13,11,17,1,1,1,15,4022,14,19,1,1,1,15,13,12,1,1,2,2,1,14,14,1,1,8,4,1,1,15,10,20,16,1,7,14,1,20,14,18,25,1,1,1,1,13,1,12,1,1,6,1,11,3,17,9,17,23,1,1,2,1,1,1,13,1,5,8,1,13,14,1,2,1,5,14,1,1,1,14,8,1,1,1,14,12,14,11,1,12,1,7,8,1,1,16,1,14,1,1,6,4,11,15,16,9,1,1,5,1,16,1,17,1,1,1,48,8,1,1,13,1,1,1,1,1,3,13,1,1,14,1,14,1,14,3,1,10,12,16,2,9,1,14,10,1,12,154,1,15,1,9,50,1,13,20,7,9,1,1,1,14,16,1,10,1,10,9,14,29,1,1,38,21,10,16,1,1,9,12,7,1,1,1,1,8,15,11,1,11,1,6,9,12,1,1,10,1,9,9,1,8,8,12,1,1,114,1,1,22,15,19,1,1,1,1,1,1,1,19,12,1,1,1,12,8,1,1,12,1,14,13,1,1,4,2,4,11,1,17,1,1,9,1,1,1,1,1,31,2,1,12,13,1,27,9,14,10,11,14,14,1,11,1,7,6,1,1,19,14,1,9,1,22,16,21,1,1,1,12,12,1,10,17,1,1,1,15,6,8,1,13,17,1,6,17,13,1,1,6,1,23,2,1,16,17,9,1,14,1,1,5,10,1,1,1,13,11,18,1,11,1,20,1,19,12,1,14,1,12,13,6,1,1,1,25,19,1,22,2,8,14,9,23,7,80,1,17,14,1,1,1,1,11,6,24,5,13,1,1,3,11,10,9,1,1,20,1,1,19,7,14,1,21,1,14,18,1,3,1,4,27,12,9,2,17,7,9,1,9,1,15,15,1,13,16,1,1,5,1,15,16,1,1,1,1,1,8,1,1,1,1,13,3,7,1,1,12,21,20,13,1,1,14,13,1,1,1,10,21,1,18,13,1,1,1,10,1,1,13,1,1,1,1,15,1,1,1,7,1,1,7,5,1,1,11,12,11,16,9,3,1,1,16,1,15,1,1,1,19,5,1,29,5,1,22,1,1,1,11,1,15,17,1,1,9,1,1,17,1,9,12,1,6,1,36,17,26,1,1,6,19,1,1,163,13,1,6,1,46,2,6,1,16,1,10,17,14,39,18,1,1,7,8,1,1,1,1,14,18,12,2,15,13,9,1,1,26,2,7,39,14,14,1,8,9,13,1,1,16,10,1,1,16,1,1,1,1,14,1,4,18,9,16,17,1,12,16,17,11,19,1,3,17,15,12,17,17,10,20,1,1,15,1,13,1,12,9,13,1,4,1,7,1,1,1,1,26,8,1,7,1,1,1,17,1,1,1,2,1,9,1,11,1,1,12,1,17,13,20,10,18,1,25,1,15,1,1,19,14,19,6,1,1,3,8,3,12,10,8,15,1,14,16,15,1,1,1,1,1,2,1,11,19,12,1,13,7,6,1,13,5,13,17,24,1,16,11,11,1,87,1,8,1,4,22,1,11,15,69,1,1,1,1,1,1,3,17,1,9,9,1,13,13,14,1,12,1,1,1,11,17,1,12,1,21,1,1,16,9,12,114,1,1,8,10,12,5,1,12,1,1,83,1,15,12,1,1,57,1,1,1,8,1,1,4,34,1,5,11,1,1,2,1,3,32,1,12,1,14,10,1,1,1,1,18,1,1,1,31,7,7,1,15,1,9,10,11,15,6,8,10,1,10,15,1,9,1,1,7,1,17,1,20,15,1,1,1,1,15,1,1,1,1,1,9,1,1,14,1,22,16,19,17,19,1,16,18,1,5,11,11,5,24,11,1,13,11,1,1,1,1,1,1,7,11,12,1,16,1,8,1,1,1,1,10,1,1,18,1,1,15,13,1,1,1,36,7,8,13,1,1,1,1,1,18,1,1,8,1,1,15,1,14,13,1,1,12,6,1,10,1,1,1,21,19,1,10,9,1,1,7,1,1,1,1,6,15,1,1,6,7,1,17,15,16,3,1,12,19,1,49,15,15,3,1,1,1,1,1,10,13,1,11,7,23,1,1,1,1,13,5,15,1,15,1,9,1,16,1,13,1,2,1,1,1,3,1,21,1,1,10,14,11,16,11,5,6,6,13,478,2,6,1,1,10,13,1,8,1,2,8,1,16,9,2,116,14,1,1,50,70,18,1,1,13,10,1,26,6,8,15,9,9,7,15,23,5,1,1,1,1,1,8,19,9,19,1,12,1,5,16,5,1,1,273,1,1,1,11,1,11,12,1,9,1,10,8,17,15,1,1,1,14,19,1,20,10,1,15,14,1,14,5,12,1,9,1,1,1,1,1,14,1,1,1,1,1,1,1,1,1,14,1,14,19,14,20,11,1,18,17,17,1,19,1,1,1,1,1,15,1,8,1,1,18,23,1,13,1,1,14,1,14,1,18,12,4,19,4,1,1,29,2,3,10,12,19,1,1,9,9,6,1,1,11,1,1,1,1,1,10,1,24,1,7,11,11,10,1,1,13,1,1,6,16,1,16,1,16,14,5,1,18,1,1,1,1,1,1,1,1,1,10,2,15,10,1,9,1,19,9,12,1,24,1,21,1,4,1,1,1,9,14,1,2,1,1,7,1,11,8,12,5,1,1,14,12,1,7,15,16,10,13,1,24,17,17,1,18,14,13,2,20,5,18,1,1,1,14,2,7,11,1,1,10,11,1,14,12,18,1,4,1,1,1,12,13,1,1,11,10,28,14,12,1,15,13,20,10,8,1,13,1,1,1,1,1,16,1,11,1,11,13,1,1,1,4,11,19,1,1,1,13,17,9,1,1,16,1,20,11,2,1,10,7,14,18,7,1,23,1,16,1,1,1,1,14,30,1,4,1,7,1,11,8,1,2,6,1,14,1,8,1,1,17,1,14,1,1,10,1,13,17,1,15,1,1,1,10,1,16,1,1,17,4,1,1,12,1,19,1,21,1,7,1,18,15,1,1,1,1,1,11,1,22,1,1,11,1,3,7,9,1,2,11,19,1,1,1,1,1,1,1,1,1,9,1,10,14,14,16,5,1,1,11,1,5,16,1,1,1,1,17,1,13,1,1,1,1,9,13,32,1,7,1,1,1,10,1,12,1,1,1,16,1,15,1,1,1,12,9,10,9,17,1,8,1,6,1,5,7,13,1,1,4,13,8,1,1,1,1,8,1,10,1,3,7,1,1,1,20,9,1,14,10,10,2,6,1,1,101,12,18,1,1,1,14,18,7,19,21,1,1,1,1,12,1,1,2,1,23,5,1,1,1,15,1,1,13,14,11,17,1,1,1,15,10,1,1,26,1,16,1,1,1,1,88,1,9,1,1,1,1,13,12,1,5,15,1,1,11,1,20,6,4,20,4,12,11,20,14,1,1,11,9,1,11,15,1,5,1,17,8,79,1,11,8,12,15,16,15,1,1,1,14,1,1,1,1,18,13,1,1,1,37,2,1,1,1,1,10,15,1,6,9,13,1,12,1,12,11,16,1,1,14,1,18,1,1,1,8,13,1,9,42,1,132,14,2,1,10,1,1,10,1,1,1,3,9,1,1,1,9,18,1,3,1,15,10,17,3,11,14,1,1,1,1,1,14,1,16,11,11,7,1,12,17,6,1,1,1,1,2,4,7,16,20,1,1,6,86,1,3,22,1,1,12,1,9,13,1,14,1,1,2,1,1,1,1,1,1,1,1,1,9,1,15,13,1,1,1,1,10,1,12,1,1,85,1,11,9,1,14,11,11,1,1,1,1,12,14,9,1,11,13,13,1,6,1,13,13,14,14,16,4,8,8,1,8,1,1,16,18,11,2,1,7,9,8,1,14,1,5,9,1,1,1,1,5,1,1,20,9,1,13,1,16,1,11,1,1,11,9,2,1,11,1,9,10,4,21,11,1,1,13,1,1,5,1,17,1,1,12,1,10,1,20,12,1,1,1,1,9,29,17,1,1,15,1,13,5,1,1,1,1,16,11,12,15,16,1,7,1,10,1,1,1,1,43,1,1,27,1,1,1,15,19,1,1,1,14,1,4,4,3,73,7,1,19,6,1,1,1,1,60,1,16,1,1,1,1,1,9,1,1,11,11,1,8,6,14,7,1,1,1,10,14,1,12,11,4,1,6,16,25,6,10,1,1,11,1,1,1,12,2,8,3,1,13,1,11,1,17,1,1,6,6,12,7,1,5,17,11,11,14,14,1,1,13,11,1,76,14,23,17,11,9,1,2,1,7,8,1,1,1,16,4,12,13,1,1,1,1,1,8,17,12,1,10,1,12,9,7,1,9,5,18,7,22,4,10,1,1,1,9,13,14,1,1,1,17,99,7,1,19,1,2,10,1,7,30,1,1,1,9,23,12,1,1,9,6,1,1,13,1,1,1,1,19,11,1,15,20,1,1,1,1,1,10,1,6,1,23,5,9,16,1,2,1,1,13,8,1,1,1,14,4,1,1,11,11,16,1,1,27,12,1,9,4,16,1,9,14,1,1,8,1,1,13,2,13,1,9,19,13,1,10,21,17,1,13,12,1,1,1,14,18,1,9,6,19,1,11,1,1,1,1,1,1,10,1,1,1,13,1,24,1,11,8,15,23,8,15,5,1,1,1,6,3,11,1,1,8,1,1,1,1,1,1,3,16,6,1,2,1,1,1,1,1,8,12,16,16,1,23,14,1,16,1,19,1,12,4,11,1,1,20,18,12,18,3,110,13,1,11,1,1,1,14,12,12,1,8,7,15,6,1,1,13,1,15,1,9,1,1,1,11,1,11,1,8,14,3,9,15,1,1,10,14,1,1,14,1,11,14,13,1,1,1,1,11,1,1,13,3,1,7,1,1,1,1,1,12,13,17,114,1,12,1,10,15,1,1,16,16,7,27,1,12,7,11,14,22,8,1,14,1,1,12,1,12,1,1,12,1,1,1,2,11,7,77,7,14,1,21,1,13,19,13,1,13,23,1,1,1,18,13,1,30,1,2,1,7,1,11,1,1,20,7,14,1,10,16,1,16,14,1,7,16,1,9,1,10,1,15,11,1,18,9,15,1,1,16,4,13,14,10,1,14,1,19,1,1,16,1,1,1,23,1,16,1,1,1,15,27,1,1,17,1,3,1,1,14,15,1,1,1,9,1,18,1,1,14,1,23,8,13,10,1,1,13,11,9,1,9,5,1,1,1,12,64,1,16,1,1,9,18,32,1,1,15,1,1,1,1,8,2,1,1,205,1,8,4,1,19,8,7,1,1,1,19,21,1,4882,16,14,1,38,1,10,1,1,1,1,1,13,13,15,1,16,14,9,1,4,1,1,1,16,1,1,12,9,6,17,1,11,2,1,1,9,1,1,12,15,11,13,1,8,1,15,1,10,13,11,1,11,1,1,1,1,12,17,10,13,10,9,1,14,5,1,1,16,14,5,1,1,2,1,1,7,4,1,5,9,1,14,13,6,1,18,1,18,1,1,6,16,15,3,1,1,21,1,4,1,1,19,14,16,12,7,4,1,1,1,1,4,7,1,3,7,10,10,10,1,9,12,1,1,1,1,1,17,1,22,1,4,16,1,10,1,12,1,1,1,7,1,6,6,8,1,17,1,1,1,9,10,9,1,17,1,9,1,1,17,1,1,12,1,1,10,17,1,1,1,17,1,1,9,12,13,13,9,8,9,4,1,1,12,1,28,1,4,16,1,9,13,9,12,1,19,1,18,20,14,1,1,16,12,1,1,8,17,1,1,1,14,13,1,1,1,1,1,1,7,1,1,1,6,10,17,12,10,1,1,7,1,2,1,2,19,1,1,20,1,1,18,1,1,15,9,1,21,16,1,1,15,1,1,1,7,1,9,1,2,10,74,17,1,1,10,11,18,12,1,1,1,18,12,1,11,1,15,3,18,17,12,1,14,1,15,1,1,1,1,1,8,14,1,1,1,21,10,14,1,1,1,1,1,5,1,19,15,1,8,1,16,5,19,1,1,1,17,5,14,15,9,14,1,11,1,14,1,1,14,3,9,16,10,1,1,1,1,12,16,1,1,1,1,1,1,1,17,15,15,6,1,17,6,12,3,6,5,1,10,1,1,11,2,1,1,1,1,10,1,2,1,16,1,17,1,10,1,4,9,1,101,1,1,1,13,13,1,1,11,7,4,19,9,1,17,10,2,5,1,1,1,1,14,20,6,18,1,1,11,23,1,17,1,1,1,6,15,1,1,1,12,1,5,1,2,7,1,13,22,1,1,2,3,2,1,1,1,7,9,15,34,7,20,11,1,1,1,1,1,4,19,11,16,7,14,1,1,9,1,10,1,1,1,1,10,4,1,1,7,1,1,14,3,1,1,21,1,1,10,13,15,1,5,1,10,14,7,1,12,14,1,15,11,1,1,1,14,24,1,1,15,16,15,6,13,23,1,19,11,1,1,2,1,17,1,1,191,1,1,18,8,5,33,1,59,1,1,10,1,1,5,18,16,14,15,1,8,7,1,2,5,1,1,12,20,1,1,11,8,1,11,3,11,1,20,10,7,1,1,1,19,9,1,19,1,1,139,1,11,13,1,1,1,1,7,1,15,1,1,1,12,1,1,1,6,1,1,1,1,25,1,16,17,1,8,17,1,8,11,1,1,7,12,17,3,6,31,1,15,7,1,1,15,1,11,1,10,13,1,9,1,16,1,8,8,1,13,1,11,9,4,13,1,1,1,8,4,7,4,1,1,12,1,1,1,10,20,1,1,14,15,10,2,1,16,12,14,11,1,18,2,8,1,2,5,1,15,3,31,18,1,1,15,1,1,1,1,1,7,24,1,5,21,15,1,1,1,5,6,1,1,1,1,12,12,11,11,1,13,5,12,17,19,7,1,3,8,1,16,17,1,2,14,11,1,1,1,1,6,19,8,11,8,1,1,1,11,1,67,1,11,1,1,7,15,18,1,1,1,16,7,6,1,1,1,1,1,19,9,9,1,16,13,1,68,14,4,1,5,21,9,6,1,1,1,1,16,1,1,13,6,1,1,1,19,1,15,1,1,1,9,1,1,13,20,1,13,20,7,1,1,1,2,12,1,6,1,1,1,18,1,1,4,13,15,1,1,1,1,1,1,13,1,1,1,9,19,9,1,11,1,1,1,1,17,11,21,20,1,10,17,15,1,19,1,1,12,15,28,13,1,17,10,1,9,1,2,8,1,1,11,1,17,1,14,1,1,14,8,12,22,1,19,1,8,14,11,10,1,2,21,15,7,1,19,1,11,1,9,9,1,9,1,20,1,7,1,2,16,14,9,7,16,1,1,16,14,1,1,1,1,10,11,3,9,11,1,3,10,16,1,6,3,1,10,10,15,18,1,1,1,7,14,16,12,1,13,1,1,17,1,10,1,1,1,12,14,10,9,26,12,1,1,19,1,1,1,1,1,10,21,12,1,17,37,16,1,1,1,10,13,9,12,33,13,8,1,12,1,1,14,1,1,1,1,1,1,2,10,15,3,2,1,2,1,1,1,1,1,1,1,1,27,1,12,1,8,1,14,13,11,1,1,19,1,1,1,1,15,15,1,1,1,1,2,31,13,1,10,19,1,1,7,1,9,10,11,2,1,1,5,11,21,1,14,2,1,10,2,11,1,1,7,5,2,13,1,9,1,1,1,5,13,5,1,15,13,9,1,47,12,1,6,2,25,1,2,14,18,1,16,1,1,1,4,1,1,12,1,1,1,1,1,12,1,8,1,1,1,13,1,1,1,13,1,1,2,1,1,11,1,9,11,1,1,1,4,1,20,8,15,13,18,16,14,11,8,10,18,1,1,1,1,1,5,9,1,11,18,1,1,13,12,10,15,7,15,11,8,1,15,1,1,1,4,11,11,1,7,15,14,1,1,14,6,1,1,6,6,5,1,2,1,1,2,1,4,1,1,1,19,1,6,12,10,18,16,13,1,2,7,1,1,1,8,39,1,1,1,1,12,1,9,1,1,12,1,1,1,1,1,1,1,10,1,13,1,10,7,1,15,1,1,18,15,13,1,16,1,1,1,17,6,1,6,1,1,1,12,21,1,10,1,1,14,1,1,14,8,4,1,1,1,1,22,1,8,35,2,1,11,12,1,10,1,1,1,44,8,1,1,1,11,19,1,1,9,1,1441,10,3,1,1,8,1,1,1,1,1,1,7,11,7,13,17,1,1,15,25,7,10,814,11,1,1,14,1,11,1,1,1,18,16,10,1,1,11,16,15,1,8,16,9,1,1,1,1,19,20,6,1,18,17,5,9,1,1,7,15,1,1,15,1,17,16,15,1,1,1,1,14,1,1,1,11,4,1,23,9,1,1,10,1,1,14,3,10,1,1,1,15,1,1,12,11,11,17,8,1,14,13,16,1,19,14,1,10,13,1,14,1,1,1,1,11,1,13,3,1,1,5,1,14,1,9,1,19,1,1,77,1,21,12,11,1,5,1,25,19,14,1,15,17,1,1,21,1,1,32,10,1,14,1,16,12,12,15,6,1,19,1,1,1,11,13,22,17,14,2,1,1,1,1,10,1,1,1,1,1,1,1,1,13,21,4,12,15,1,1,1,1,8,1,13,1,1,1,1,17,7,11,12,1,1,1,1,1,1,13,14,9,1,1,4,27,8,1,1,8,8,12,1,1,8,12,1,20,14,1,1,12,12,23,11,6,1,1,10,2,1,14,15,8,3,13,10,9,1,1,10,11,1,10,4,1,20,1,1,1,12,1,15,6,1,1,10,13,13,1,1,1,19,2,16,13,16,1,1,1,14,10,21,9,1,15,1,13,1,1,4,12,14,13,10,1,1,1,1,1,8,9,3,1,15,1,1,13,10,1,1,1,1,1,1,1,1,1,1,16,2,6,16,1,14,10,10,14,28,10,4,3,13,1,1,24,10,1,10,1,18,1,1,1,17,27,25,1,1,8,8,124,15,1,1,6,1,1,1,6,17,19,1,8,15,2,15,1,14,1,1,1,9,1,1,20,41,1,1,8,12,1,1,1,5,9,1,6,14,18,6,17,13,12,1,1,16,8,7,15,1,10,1,16,8,1,1,10,12,1,1,7,1,12,15,1,1,1,14,1,9,1,1,19,14,14,1,1,1,1,78,13,11,9,15,13,1,7,77,1,1,1,24,1,1,1,1,1,1,14,1,8,1,5,9,12,1,1,1,1,15,164,6,1,7,1,17,1,11,1,7,1,1,7,15,1,1,1,13,1,12,20,16,1,1,1,13,25,16,1,1,1,1,1,1,12,27,1,1,1,1,1,11,5,1,19,1,1,1,14,1,11,27,1,1,1,12,4,1,1,1,1,11,5,16,13,6,12,14,1,44,1,13,2,1,13,1,1,9,1,17,15,1,1,1,1,3,1,28,18,11,12,22,1,1,10,12,13,12,13,10,1,1,1,1,1,11,12,1,10,1,1,1,1,21,1,1,13,6,1,12,3,1,1,1,1,1,13,14,16,1,1,1,1,1,7,1,1,1,12,1,1,3,10,1,1,1,1,1,12,1,1,6,1,1,13,1,1,15,1,13,14,1,1,11,82,1,1,7,1,23,1,1,1,14,8,1,13,11,11,1,19,1,9,13,14,16,5,2,5,1,9,1,1,1,1,1,19,9,1,1,1,1,5,1,1,20,10,1,1,13,14,16,16,1,1,1,1,1,9,2,1,2,17,4,1,1,5,15,12,11,15,9,1,12,5,1,1,7,11,1,11,21,8,2,19,1,27,8,1,27,19,17,21,9,1,15,1,10,40,1,13,1,10,2,13,1,16,20,22,10,1,1,14,11,6,1,17,1,7,5,1,12,19,14,6,16,1,14,1,1,9,12,8,15,17,1,1,13,17,1,1,13,1,1,1,1,27,18,17,17,1,1,1,10,1,1,1,99,1,1,1,9,1,1,1,2,10,1,17,19,17,19,1,7,6,31,1,1,1,1,1,1,1,1,6,13,1,1,14,8,12,17,1,1,16,12,1,2,1,17,10,87,13,3,10,1,1,7,14,7,13,81,1,1,8,1,13,6,1,1,6,12,1,1,1,1,14,1,1,14,1,10,1,1,16,12,1,1,12,10,1,10,10,16,11,3,1,15,16,1,1,1,1,10,12,11,9,1,11,1,15,13,1,1,17,4,1,1,12,11,1,16,1,1,11,11,1,11,24,14,1,13,1,1,10,16,16,11,1,1,14,10,11,5,6,1,15,15,1,1,8,1,11,1,12,1,1,1,1,1,15,1,12,1,1,12,1,4,1,1,20,1,1,8,1,16,9,11,1,1,1,1,1,9,17,1,12,10,1,13,1,1,10,24,9,9,1,1,16,82,1,1,1,1,8,7,16,9,10,11,12,11,1,1,6,1,1,1,14,20,4,4,17,8,1,1,7,1,14,6,1,1,17,1,26,2,1,1,1,1,5,1,1,1,1,1,1,12,17,1,12,1,8,1,1,1,17,8,1,17,13,1,18,1,124,14,9,10,17,1,1,13,1,14,16,1,13,1,9,1,1,1,12,14,16,2,1,1,173,1,19,22,1,3,14,1,11,1,1,8,13,1,1,1,12,14,1,11,1,9,47,1,15,2,1,18,1,9,6,14,8,13,23,15,7,11,1,1,9,19,1,8,1,17,16,7,29,1,1,1,15,7,3,1,8,1,1,1,1,1,15,13,29,1,1,15,1,4,1,8,1,1,39,18,1,9,7,1,1,12,59,14,12,14,6,1,19,1,1,25,1,1,14,5,2,6,9,1,19,1,1,1,13,16,1,1,2,7,6,2,1,1,5,6,12,1,18,1,10,8,1,1,1,1,1,1,1,11,1,12,1,1,12,1,1,1,1,1,2,114,17,22,10,1,1,20,1,1,16,12,1,22,1,9,11,14,1,13,27,1,13,8,1,1,1,21,1,14,1,16,1,20,17,12,16,14,1,9,14,1,26,15,1,16,1,13,14,1,1,8,1,30,1,11,19,13,1,2,1,1,1,1,1,1,11,17,1,13,10,1,13,1,33,1,1,1,1,1,10,12,1,1,15,1,15,5,10,7,1,18,5,17,1,1,8,9,13,1,1,32,12,1,13,13,1,12,1,1,1,3,1,1,1,1,1,24,1,17,12,17,7,6,21,9,1,13,2,2,1,16,1,1,10,7,18,1,19,13,2,1,16,7,30,14,9,1,1,1,10,27,1,7,21,16,1,1,1,1,1,1,5,6,16,13,1,17,1,23,1,7,1,12,5,1,16,49,1,17,1,9,13,6,1,1,14,2,7,1,1,16,16,1,6,8,14,1,7,1,1,1,1,1,1,1,1,14,2,15,11,1,1,4,10,42,13,9,1,17,15,10,1,11,1,17,1,6,1,8,4,20,10,12,1,1,9,1,15,1,9,8,14,13,1,1,12,17,1,1,8,1,1,18,28,1,1,1,12,11,1,1,10,1,1,1,1,14,19,1,1,16,1,1,1,12,1,1,1,1,1,18,1,15,16,1,1,1,1,2,1,1,8,16,1,1,1,33,1,21,6,12,1,11,1,8,2,2,2,9,18,2,14,9,9,1,15,1,6,16,15,24,1,19,1,1,6,5,6,1,13,1,1,12,22,19,1,2,1,1,11,1,12,1,12,19,8,1,1,1,1,12,1,17,11,1,1,12,1,1,25,8,9,1,14,10,1,16,11,1,1,1,11,18,1,7,1,20,11,1,10,9,11,11,1,19,2,1,1,1,1,7,20,12,21,2,1,15,1,1,10,1,2,1,1,7,13,1,7,11,1,19,1,5,12,16,1,9,2,1,10,18,14,13,12,1,18,17,6,6,10,9,15,13,11,13,1,1,1,1,38,14,1,1,1,12,1,1,1,8,1,7,22,1,2,15,12,1,10,1,11,1,5,1,1,9,1,1,1,12,1,1,14,8,1,1,1,18,13,11,1,12,20,6,13,1,25,1,21,1,1,1,1,6,15,1,1,3,26,1,9,23,1,39,4,1,1,13,9,6,1,11,1,1,1,12,20,16,13,1,9,13,12,13,1,13,14,1,1,9,15,1,1,15,1,1,7,13,12,15,1,1,13,10,1,1,20,1,24,1,11,4,15,19,15,1,15,10,1,1,1,1,1,1,10,12,84,1,1,1,10,1,261,1,8,34,14,1,10,9,16,5,1,1,18,1,1,1,1,1,1,1,1,1,13,11,10,1,19,1,2,2,1,9,11,4,13,16,19,1,1,11,1,1,6,1,15,1,15,15,1,1,5,12,1,1,11,10,1,18,1,1,1,8,1,1,1,1,13,10,17,1,10,1,6,10,1,1,17,15,6,11,10,1,7,1,13,7,1,1,3,12,1,6,1,10,1,16,1,10,1,1,1,18,1,14,1,8,8,1,8,155,12,18,1,1,1,10,1,1,1,15,19,1,1,6,1,16,12,9,1,10,10,1,11,21,7,12,1,1,1,15,1,1,1,11,1,2,1,13,1,13,1,20,15,1,1,12,1,9,7,11,1,12,17,1,1,1,1,17,1,12,1,13,24,8,1,1,13,1,1,3,6,1,1,25,1,11,1,1,1,21,1,12,1,17,1,11,14,1,1,1,1,6,1,1,1,12,1,16,6,16,13,1,1,12,24,6,1,1,1,1,1,13,1,10,1,1,26,7,1,1,1,1,17,1,17,1,55,16,1,1,18,1,26,1,1,3,1,1,1,1,1,1,1,4,5,5,15,26,1,18,78,15,10,14,1,1,1,1,12,1,1,9,1,10,15,15,18,1,5,18,11,1,11,1,1,11,1,1,6,12,1,6,1,1,10,12,15,12,1,1,1,1,23,2,1,19,1,7,14,1,1,14,11,1,8,16,15,1,11,1,14,1,1,19,1,11,2,17,10,2,6,1,7,1,1,8,4,9,1,109,1,9,8,14,11,1,23,1,1,9,1,5,1,1,1,1,15,13,35,7,1,1,11,5,1,15,2,1,3,7,1,2,1,18,1,17,22,1,1,1,1,9,9,1,8,1,1,11,1,14,1,13,1,1,1,1,1,19,1,1,1,9,1,13,1,1,14,1,9,14,1,1,1,17,6,14,9,14,12,2,1,12,1,10,13,1,1,12,1,15,20,2,11,20,12,1,36,9,18,1,1,1,2,1,10,1,13,1,10,1,11,1,15,7,1,6,1,1,19,16,1,16,3,12,1,1,1,12,16,1,2,2,1,10,81,12,1,1,4,1,10,12,15,1,16,1,11,13,19,11,1,16,1,1,10,1,4,1,1,1,12,1,1,1,16,1,1,14,1,1,10,11,1,1,1,1,14,1,1,1,6,1,3,9,14,9,1,14,6,1,3,20,1,4,22,1,9,1,1,1,1,1,1,1,1,15,10,12,10,7,14,13,1,28,19,14,1,8,1,2,14,1,16,17,17,18,13,1,1,1,10,15,1,1,1,2,1,1,1,1,1,42,3,1,9,16,8,8,21,3,9,1,15,1,1,6,1,1,1,6,15,15,18,1,20,20,1,1,1,1,1,12,7,14,1,22,10,1,1,12,1,13,35,1,16,8,15,11,16,1,11,1,10,1,11,1,2,1,1,15,16,7,23,27,1,39,1,6,1,77,15,1,12,1,14,1,9,1,14,10,1,1,15,4,1,1,8,11,1,16,6,86,12,12,1,4,1,1,14,1,1,8,22,7,10,12,13,12,1,1,2,1,12,4,1,1,1,1,11,14,11,12,1,9,10,1,10,7,1,1,5,3,1,6,16,1,4,9,1,8,13,12,20,12,13,16,11,1,1,7,11,1,14,11,18,10,12,1,1,12,1,5,12,11,13,1,13,21,14,1,1,1,1,1,15,8,17,5,11,8,13,1,16,1,1,17,1,2,14,11,1,1,13,16,1,40,21,1,9,1,13,1,1,6,1,1,1,1,16,1,11,9,11,16,12,8,1,1,13,7,1,1,1,7,1,10,1,16,18,15,1,1,10,1,1,13,19,5,1,11,5,1,10,7,12,1,30,13,10,1,1,1,25,8,32,1,7,1,1,5,11,14,9,14,1,12,4,1,16,1,14,12,1,1,1,9,1,1,17,21,5,11,12,1,1,7,1,1,1,7,17,5,13,10,12,1,1,19,1,1,10,1,2,1,15,1,12,1,1,1,6,1,7,5,1,1,1,1,17,18,18,1,3,1,1,1,2,1,1,6,1,1,15,1,86,1,1,1,26,4,1,1,99,1,1,2,10,1,1,18,13,1,1,6,12,1,1,1,11,1,1,21,21,2,13,1,1,13,1,1,16,1,1,1,8,28,4,15,1,4,1,13,1,122,15,33,1,18,14,12,11,1,10,10,1,1,17,1,1,1,1,1,1,19,1,1,1,1,1,15,1,18,19,3,2,17,1,6,1,8,16,1,1,2,9,8,11,11,15,9,1,6,11,17,15,1,14,1,9,1,12,1,12,1,1,1,1,11,15,1,9,1,1,12,1,9,11,1,1,13,11,2,13,1,1,1,9,1,1,1,1,17,1,9,14,10,1,11,1,1,21,43,9,1,1,8,1,9,2,1,26,5,1,29,1,12,21,11,1,12,1,1,10,11,16,1,12,1,13,20,13,1,15,1,466,16,1,1,16,1,11,1,13,15,1,11,1,10,1,6,1,1,2,4,1,1,1,1,19,4,1,8,10,1,1,14,7,1,9,13,1,2,1,12,1,1,1,12,1,1,14,1,16,1,11,16,24,14,10,2,1,10,10,1,1,7,12,14,6,14,13,1,5,1,1,1,14,15,15,7,15,10,1,1,1,1,20,17,3,1,21,19,1,1,13,8,20,16,8,24,3,10,8,1,1,1,9,13,2,8,1,1,14,1,1,11,12,15,2,1,14,1,1,1,12,1,16,25,7,1,1,1,3,1,9,1,1,1,12,1,1,14,1,12,1,1,1,18,1,69,12,9,1,27,11,9,26,1,1,1,13,15,1,12,14,6,1,1,11,1,2,1,15,13,9,63,1,1,1,9,1,11,11,1,19,1,11,2,1,7,1,1,1,10,1,1,12,6,14,11,1,17,14,1,7,11,8,1,21,1,1,1,11,8,8,1,1,1,1,15,14,10,1,1,1,1,14,8,18,9,11,22,8,15,3,14,7,8,9,11,7,4,1,10,1,1,18,19,1,16,8,12,1,1,1,1,1,7,1,15,14,1,14,1,25,12,2,9,5,18,8,15,89,12,8,17,18,1,1,17,1,12,12,1,1,7,10,2,10,1,1,36,9,1,12,1,1,1,1,14,10,1,1,20,1,2,5,3,1,9,10,1,17,15,1,1,4,7,1,13,9,7,2,10,6,1,18,26,17,17,1,8,1,6,25,1,15,10,12,13,1,1,16,15,1,1,14,13,1,20,1,19,10,12,11,1,1,8,19,1,1,1,7,7,16,13,9,16,2,15,1,16,1,13,19,1,1,1,1,1,1,1,1,12,12,7,1,10,1,1,1,1,12,1,9,9,5,1,23,1,1,10,1,1,14,24,13,1,1,9,1,10,2,13,10,14,1,1,1,13,9,7,14,6,1,11,4,1,1,20,1,1,1,24,1,19,7,1,1,5,14,11,12,67,7,1,8,12,1,13,4,20,1,5,16,1,1,1,9,11,1,1,12,1,12,7,1,1,16,1,8,1,2,16,1,1,1,1,7,9,19,1,13,1,1,102,9,1,1,1,1,5,9,1,3,1,9,1,14,17,15,1,1,9,1,1,16,39,6,11,1,6,12,15,10,26,14,1,9,15,14,15,1,6,7,22,1,1,1,14,14,1,1,14,14,9,1,6,12,1,14,1,12,4,1,5,1,1,12,1,8,1,1,1,75,2,9,11,1,12,13,1,1,13,1,2,15,1,1,1,17,12,11,1,10,1,1,1,1,1,11,1,1,11,21,4,13,1,16,16,6,1,1,11,7,1,9,1,1,14,10,16,6,9,16,15,1,1,1,7,11,1,1,5,1,1,1,7,18,1,14,14,37,10,1,16,1,1,1,1,1,1,1,5,17,12,1,23,1,1,1,27,12,1,1,15,1,11,32,1,85,1,8,1,1,1,1,1,23,1,20,13,1,1,14,1,24,12,14,17,7,1,1,1,15,1,12,12,13,1,4,1,11,11,1,6,1,1,20,1,22,1,1,1,1,13,1,1,1,19,13,1,1,18,1,1,1,1,24,1,1,17,1,3,18,1,15,16,1,1,16,9,1,2,15,1,21,1,1,17,1,1,9,12,12,1,13,1,1,1,21,11,1,2,17,18,9,1,10,11,1,8,10,8,1,12,12,11,1,19,12,1,5,1,1,15,10,4,1,1,1,7,1,9,1,1,8,1,1,20,2,18,8,1,8,14,7,11,1,9,1,1,1,12,9,23,1,16,1,12,1,15,1,5,1,13,13,1,1,1,1,15,16,1,1,1,14,1,9,1,1,1,2,109,16,1,14,12,17,1,8,1,1,1,1,8,9,1,11,15,1,17,14,1,1,12,1,19,1,11,1,1,1,7,1,1,18,1,1,20,1,12,11,1,11,8,1,1,1,9,1,20,17,1,1,16,1,9,1,1,1,2,1,15,1,23,8,1,16,18,15,17,1,1,1,1,1,7,14,12,1,1,12,1,1,1,14,1,5,5,1,9,13,1,1,1,1,1,3,1,1,8,13,1,14,12,3,1,1,9,1,1,12,8,1,15,8,2,1,15,6,8,1,11,14,1,1,9,1,1,1,1,24,1,10,1,1,13,14,4,1,6,1,1,1,2,12,1,20,7,1,1,13,1,1,17,5,18,1,13,1,18,1,1,1,13,1,15,1,13,20,1,7,1,1,1,1,8,1,6,9,7,1,1,1,10,17,24,1,3,1,1,16,1,1,1,1,14,8,1,11,1,9,1,12,15,1,8,1,1,1,1,11,10,13,1,1,1,11,12,12,1,10,11,16,1,1,1,1,1,13,1,3,1,1,1,1,1,18,1,1,1,1,1,12,1,16,13,1,3,6,15,1,14,23,8,10,1,1,1,1,9,5,10,1,16,1,2,1,29,10,15,1,9,17,1,1,12,1,1,20,1,1,3,1,17,11,1,1,1,1,1,9,1,1,1,1,16,1,2,11,1,10,2,1,24,6,1,1,14,10,1,1,1,13,10,10,1,1,1,1,1,1,1,18,19,7,1,1,1,13,2,12,1,1,1,1,1,9,20,2,6,12,8,1,11,13,1,1,2,1,1,1,9,12,1,16,13,1,15,24,1,6,1,1,1,1,1,8,8,10,17,31,9,12,3,1,6,1,12,1,11,11,1,1,3,11,14,35,12,1,1,21,4,16,11,1,13,7,1,11,1,1,17,1,5,11,9,1,9,13,16,1,13,1,17,10,1,1,1,16,18,13,12,1,1,2,1,1,1,8,19,14,1,11,16,12,1,1,2,16,5,7,7,1,13,1,11,1,1,13,7,1,1,11,1,1,1,8,1,1,12,10,25,19,6,4,1,10,11,6,2,1,13,1,12,9,10,13,1,10,6,1,15,11,1,1,9,8,1,1,1,1,1,16,27,1,8,1,1,11,1,1,79,18,1,1,1,13,1,27,10,1,1,1,9,1,1,7,16,1,1,1,1,18,18,2,1,18,1,1,1,15,17,1,1,1,2,15,10,9,12,1,10,14,1,16,1,1,7,1,7,8,7,1,1,22,17,1,10,1,82,10,18,4,17,1,1,1,19,14,24,1,1,4,15,14,9,1,1,1,2,13,1,10,1,11,1,11,12,21,13,13,1,8,17,9,6,18,12,25,13,15,1,1,9,1,18,5,22,1,13,1,11,12,7,12,1,15,14,12,13,1,18,1,1,11,12,14,88,1,1,1,8,1,3,9,10,1,1,13,1,1,11,8,13,1,7,1,15,17,15,1,19,1,6,1,20,1,1,1,12,1,6,1,13,5,1,18,13,1,9,1,1,1,7,11,5,10,8,1,8,2,7,1,1,18,1,1,16,1,1,7,13,1,23,1,1,1,15,1,12,1,1,1,1,1,3,1,1,11,1,1,1,1,15,6,1,1,19,12,6,12,16,12,1,4,9,1,1,13,1,14,1,20,15,5,7,1,124,1,1,10,7,1,1,8,15,10,1,1,22,1,1,31,1,1,11,9,1,1,1,90,2,10,11,7,27,11,1,13,8,1,1,1,2,10,42,1,1,1,1,1,1,10,13,1,1,1,1,16,24,1,1,1,1,22,8,2,1,13,1,1,1,1,14,3,1,1,1,1,12,14,11,32,1,1,1,1,15,13,1,6,1,18,11,1,14,13,1,7,8,1,1,9,26,1,16,13,1,1,2,15,13,1,1,1,1,13,11,1,27,1,1,10,2,1,11,1,9,15,1,1,2,4,16,16,1,17,1,21,1,11,1,15,1,23,1,10,28,3,5,2,1,15,1,1,1,14,13,1,15,12,10,7,9,9,1,18,5,1,25,1,10,1,1,1,11,1,1,14,11,1,1,1,16,3,1,1,1,12,1,9,18,13,1,1,17,10,5,20,1,13,11,11,8,3,1,1,11,1,1,15,1,11,9,19,14,1,8,1,1,1,22,12,1,7,1,21,1,16,8,8,9,18,3,3,14,6,13,1,13,25,11,1,12,1,14,1,1,11,1,7,13,1,1,1,9,1,1,1,6,12,1,11,12,1,1,12,1,1,13,97,13,2,407,1,1,1,17,11,1,2,14,8,11,12,12,1,7,1,61,8,11,1,14,13,15,1,17,1,14,1,1,17,2,12,1,1,1,12,8,8,1,11,1,47,8,1,1,14,1,8,1,3,9,1,1,19,1,7,31,1,1,1,7,13,6,18,11,1,1,19,15,13,1,1,1,1,1,5,1,8,1,19,13,1,1,7,18,15,1,10,12,9,17,18,1,10,1,1,1,28,6,5,7,4,10,1,15,7,11,1,44,12,1,10,1,1,1,1,1,153,13,29,1,14,8,12,2,1,1,1,1,2,1,1,10,11,1,1,1,1,1,13,11,1,12,1,1,1,13,12,1,1,11,12,1,1,4,1,9,1,1,13,9,1,1,10,12,16,1,9,9,12,1,10,2,1,11,5,4,42,1,8,12,11,1,1,9,12,10,1,15,10,1,3,1,9,1,12,1,1,11,1,15,1,1,1,23,1,1,15,1,12,8,5,10,1,1,1,13,20,10,11,1,11,14,1,1,1,11,1,1,10,1,1,6,23,1,10,13,1,10,1,13,1,15,16,3,7,1,15,1,16,22,1,10,10,1,1,15,1,17,8,1,1,1,24,19,18,11,10,1,6,12,20,1,31,10,13,1,19,1,1,9,11,1,1,1,9,6,10,1,1,1,11,15,1,1,21,8,1,1,1,14,23,15,1,16,1,12,1,15,8,1,1,1,1,12,1,13,12,10,3988,13,1,12,9,1,1,17,12,10,11,1,26,1,1,11,13,17,1,7,1,7,1,12,15,1,12,8,17,2,1,11,9,1,13,1,1,1,1,1,1,1,1,10,54,2,6,7,1,13,8,21,19,16,8,11,12,14,16,1,10,16,1,11,1,1,10,3,14,1,12,15,1,17,8,1,4,6,5,1,8,9,4,1,17,23,11,19,10,1,9,11,1,16,72,21,1,13,13,16,1,44,1,1,11,1,1,12,1,1,21,2,1,1,1,19,1,1,8,1,5,2,1,13,32,9,14,7,1,1,15,1,11,16,23,14,12,1,17,8,14,1,1,1,1,1,13,3,1,5,1,1,9,1,14,4,10,1,16,1,8,4,15,13,13,1,1,1,18,16,1,1,13,14,1,2,1,1,1,1,6,8,13,24,7,8,1,1,1,1,13,21,23,1,1,1,1,14,5,3,9,17,10,6,1,10,1,13,1,1,12,1,17,1,12,1,26,1,1,12,1,17,1,2,12,5,17,1,21,13,8,1,15,1,13,16,1,1,9,9,12,1,1,7,24,7,1,7,1,11,23,1,1,17,5,13,1,1,12,1,15,7,4,13,11,1,10,1,12,19,1,9,1,1,11,1,13,1,10,1,14,1,9,1,1,1,14,10,1,1,1,11,9,1,12,13,1,18,5,17,23,4,1,1,13,19,1,24,6,15,11,1,11,1,9,8,14,14,1,1,1,15,1,1,1,10,1,17,11,1,4,9,1,1,1,1,1,9,1,1,5,12,1,15,1,1,10,6,1,1,1,15,120,12,1,1,1,1,11,1,25,3,9,13,19,10,1,13,17,7,6,1,10,18,12,1,10,1,1,11,1,1,1,19,16,1,22,1,1,13,1,1,19,13,1,20,1,1,15,10,10,13,1,15,1,9,1,14,1,8,7,10,1,1,1,1,8,1,1,2,5,1,14,1,15,1,8,1,9,14,1,1,12,1,1,23,15,11,16,12,10,1,1,1,1,14,1,16,13,1,12,12,1,19,1,1,11,15,10,1,13,1,1,1,1,2,1,1,1,19,13,1,1,19,5,16,17,17,1,16,17,17,14,3,1,1,10,1,1,1,13,1,9,8,1,1,11,26,1,10,1,16,1,20,15,1,1,1,12,18,24,1,15,24,18,15,1,1,16,1,1,8,13,1,6,1,1,7,1,19,20,1,9,27,13,9,1,20,22,16,16,1,1,5,15,9,1,10,1,1,1,4,1,19,1,1,1,17,16,1,1,1,9,1,1,14,1,8,15,1,1,1,15,7,1,1,1,1,11,1,13,1,15,14,4,16,21,3,1,1,15,12,1,11,10,19,1,1,17,20,1,11,15,13,10,1,9,6,1,13,2,6,1,13,1,2,1,1,1,10,13,1,1,1,5,29,4,14,7,1,11,1,1,14,10,1,24,10,1,1,1,1,12,1,20,8,8,9,23,1,9,1,9,1,4,1,1,1,1,1,2,1,17,8,2,8,12,14,1,1,4,14,1,10,1,1,1,1,1,20,1,1,6,14,1,1,1,1,1,14,1,1,5,11,6,15,11,10,7,1,14,16,1,1,27,1,2,1,1,24,1,4,7,1,1,28,43,1,1,2,1,12,1,22,6,17,1,14,17,11,8,1,16,28,16,1,11,11,14,1,11,2,10,1,1,7,19,1,9,1,1,13,1,9,1,1,15,9,3,18,12,1,1,1,1,1,11,1,1,1,1,1,14,5,11,13,6,2,1,18,10,7,19,13,17,1,8,11,21,1,1,1,11,12,8,5,31,1,4,4,2,12,7,16,15,1,11,4,1,1,7,9,13,1,7,11,1,1,9,1,9,1,8,1,1,1,1,21,1,13,1,1,1,129,15,1,6,9,1,1,1,12,1,1,21,1,12,1,1,14,10,1,9,1,8,10,12,16,1,18,13,5,1,1,20,12,1,9,16,1,16,1,13,1,3,1,1,8,1,1,20,1,1,19,1,4,14,1,11,17,1,6,18,9,6,1,1,13,1,1,11,1,13,1,1,1,10,15,14,1,6,14,1,12,3,11,12,1,8,12,1,15,8,1,6,1,1,1,1,9,15,10,18,2,14,1,1,1,1,9,1,1,1,13,1,11,10,1,9,9,1,1,1,24,8,1,7,7,1,5,13,1,2,10,11,12,1,1,12,1,11,16,1,1,17,1,14,15,1,4,2,8,1,4,1,9,11,1,19,1,11,10,1,1,16,1,10,15,16,1,6,9,1,16,10,1,1,13,13,13,1,17,14,11,1,1,15,25,1,1,1,1,14,15,1,6,1,12,7,1,13,9,1,6,12,11,10,13,10,5,1,1,1,11,1,8,11,8,20,8,1,1008,19,2,12,1,1,12,8,1,1,1,1,19,15,19,1,10,1,11,22,9,1,1,1,11,13,1,13,1,20,1,45,6,1,5,1,21,15,17,1,8,12,11,1,1,1,1,1,1,1,1,7,5,12,13,5,1,23,24,1,12,1,1,1,1,2,14,1,15,17,16,5,1,9,12,8,1,17,1,11,1,1,11,6,1,1,1,1,16,12,19,17,1,43,4,9,10,1,1,4,12,1,1,16,2,12,1,1,1,1,11,15,11,1,3,1,1,1,1,13,12,1,1,15,1,18,16,2,1,2,12,1,5,1,6,16,1,1,1,1,1,19,1,1,1,1,18,1,1,1,1,26,1,11,7,11,1,1,1,11,18,1,1,1,11,16,1,1,1,5,14,1,1,1,1,5,122,1,1,9,1,1,1,1,1,37,9,2,1,14,2,1,14,8,1,11,132,12,19,1,1,21,1,17,1,1,1,1,1,1,1,10,1,9,4,16,11,15,1,1,1,1,18,3,1,11,1,11,21,1,6,4,1,5,1,17,1,10,22,10,9,1,3,21,4,1,12,1,5,1,1,1,7,12,1,5,1,19,1,7,7,14,15,14,1,12,1,1,21,9,14,18,6,14,18,14,1,15,1,1,20,11,11,1,1,1,1,1,9,25,7,1,1,1,5,14,11,2,1,1,16,3,1,1,1,1,28,1,1,1,12,18,1,1,2,1,27,15,9,1,14,21,1,1,1,8,14,1,1,11,16,11,1,1,1,1,11,12,14,8,1,1,16,6,1,1,1,1,36,12,15,5,21,1,7,1,21,23,15,1,1,13,3,1,1,1,16,1,1,1,9,8,1,1,5,1,17,32,13,15,8,79,1,1,1,8,24,1,15,1,12,1,1,1,1,1,1,1,1,5,13,1,1,19,6,1,1,1,24,1,1,12,1,12,16,1,1,16,4,1,1,1,1,11,1,9,20,1,1,13,1,1,1,7,1,1,8,2,6,16,1,9,20,1,1,7,1,1,9,1,6,1,10,1,1,15,4,8,12,14,23,13,1,8,1,9,19,1,10,20,8,1,7,1,18,8,1,5,19,1,1,1,2,9,19,1,14,1,1,4,3,1,22,1,14,1,1,1,14,15,1,11,15,1,9,1,1,1,1,3,12,1,1,1,1,1,24,1,2,8,7,13,6,1,1,1,11,1,17,1,22,11,21,16,1,1,1,1,1,10,20,18,1,1,1,16,1,2,6,8,19,9,14,1,7,1,10,8,14,9,1,9,1,12,16,1,11,1,1,16,1,1,1,10,6,1,7,1,1,21,1,6,1,16,1,9,1,1,1,41,14,1,1,18,1,1,1,17,12,1,1,9,19,1,16,9,13,1,1,14,1,2,23,10,1,12,11,1,1,14,20,10,1,1,1,1,1,1,12,9,11,1,1,19,1,5,6,1,17,8,1,1,15,1,10,18,1,8,1,1,14,11,18,1,421,13,15,1,16,1,13,14,17,7,1,1,9,1,8,1,1,17,1,1,15,1,25,12,20,1,1,1,7,1,1,13,9,9,1,12,1,13,1,12,4,1,10,9,13,25,1,14,10,1,2,18,1,11,1,1,17,1,18,1,14,13,7,9,1,16,1,1,1,18,1,8,1,9,12,94,15,1,343,15,1,13,1,7,13,16,9,12,5,1,15,1,18,1,9,13,1,1,14,1,17,9,1,7,14,1,1,1,13,1,15,15,20,4,7,10,1,1,1,1,21,1,128,12,4,1,17,7,9,1,1,14,1,3,24,9,11,12,1,1,1,19,8,34,7,10,1,7,9,9,17,1,1,24,16,13,1,7,9,11,1,1,1,1,1,16,11,8,1,14,1,13,12,26,8,1,9,6,10,1,10,1,1,1,11,20,8,1,13,18,13,12,1,1,19,1,1,1,17,1,5,14,1,10,20,5,24,1,1,1,1,13,10,1,1,11,15,1,28,12,1,11,11,1,1,1,1,1,12,1,1,5,1,1,1,1,12,13,5,17,15,1,10,1,22,1,1,1,16,1,1,14,1,14,12,1,1,19,1,1,1,1,1,82,1,12,19,16,12,1,14,15,19,1,1,1,1,1,3,8,1,14,1,1,14,11,1,1,1,8,1,1,1,1,2,15,11,1,16,6,1,15,18,11,1,12,1,13,22,16,1,1,1,1,1,19,18,13,1,1,7,17,1,1,8,11,1,11,3,7,1,11,1,4,16,1,12,5,1,6,12,1,1,109,11,12,12,13,3,4,13,8,1,1,58,3,1,8,5,11,11,2,9,1,18,1,1,12,18,1,7,1,1,8,1,18,14,10,1,10,13,1,1,1,1,1,81,12,1,1,2,1,19,14,1,12,1,12,1,1,5,11,1,1,1,1,1,1,10,17,1,6,1,10,15,11,1,12,1,15,16,1,2,1,15,5,1,15,17,1,12,5,1,5,1,2,1,9,53,11,1,1,1,1,15,1,1,9,4,1,1,10,1,13,2,1,20,1,1,13,1,1,18,1,1,9,1,26,1,12,1,1,1,14,14,17,1,7,17,1,1,1,1,5,19,1,1,1,1,1,7,1,15,1,1,1,12,1,1,1,9,1,1,17,1,1,8,13,1,5,15,11,9,1,1,12,1,16,1,25,1,15,1,13,1,22,18,10,16,26,11,1,17,1,2,1,1,15,14,1,11,1,1,24,1,15,18,1,1,9,6,1,1,11,5,1,11,1,13,13,6,1,4,1,1,9,1,1,16,1,1,4,1,10,2,1,1,12,1,1,23,35,14,12,1,13,9,1,15,2,1,14,9,13,16,1,24,14,11,5,1,11,16,1,1,13,14,7,2,1,1,1,14,12,1,12,16,12,1,8,12,3,7,13,16,17,1,1,1,1,1,1,2,1,1,9,1,1,10,1,14,8,11,1,7,1,15,11,2,8,11,21,1,1,1,7,11,1,1,22,11,81,1,8,1,14,12,1,1,13,12,15,1,1,11,1,9,1,11,9,1,1,1,1,1,1,9,1,12,12,15,1,1,1,17,1,12,1,10,13,12,1,14,12,10,1,1,18,17,1,1,2,29,1,1,1,14,1,14,1,1,21,1,17,12,1,1,1,1,1,17,1,8,13,5,32,7,1,1,1,1,1,5,1,1,8,11,1,9,6,10,10,1,17,1,1,10,1,1,1,13,12,1,2,2,1,15,9,2,1,1,19,1,1,9,15,17,14,12,12,1,1,1,1,1,1,1,14,2,10,14,1,1,1,15,1,1,1,1,15,17,1,13,1,1,13,1,1,1,17,1,1,15,20,1,1,1,1,16,15,13,1,1,14,1,1,1,9,1,7,10,1,30,1,11,10,13,8,15,1,6,12,15,8,24,15,1,12,1,3,1,1,11,1,3,1,1,12,11,1,1,3,1,13,1,1,8,11,1,1,11,1,21,1,1,7,1,11,2,1,5,1,11,7,1,1,10,16,17,1,19,16,1,13,1,8,1,3,1,1,10,11,1,1,20,10,9,1,11,1,1,14,12,22,12,14,1,1,10,1,11,9,1,17,27,1,15,1,5,1,2,6,1,14,1,1,1,1,9,20,8,1,1,15,14,1,13,1,8,1,7,1,1,1,17,14,1,13,2,1,1,1,1,15,12,4,1,1,15,9,20,1,396,1,8,1,10,1,14,8,15,1,13,8,2,11,1,1,1,1,14,16,2,17,1,1,17,14,1,16,1,13,17,6,1,14,1,1,36,1,9,1,15,9,15,12,12,1,17,1,1,1,13,17,1,1,11,1,18,1,9,9,11,1,8,1,8,6,18,14,1,11,13,7,1,12,5,1,14,15,1,9,11,1,1,9,18,10,1,2,2,1,5,1,12,1,1,15,1,3,1,1,22,16,14,1,12,1,1,1,1,8,14,1,3,1,1,11,18,20,1,10,9,11,12,1,10,12,18,8,14,1,4,3,18,8,1,10,13,1,1,12,15,24,11,1,11,1,1,1,1,1,6,12,1,1,10,18,8,15,1,9,11,18,18,1,1,2,1,7,1,19,60,70,2,11,12,1,1,2,1,1,21,1,1,1,1,1,9,1,1,4,1,24,1,15,7,1,12,17,9,1,11,11,1,1,1,1,1,9,20,2,14,1,16,1,9,17,9,13,13,12,6,1,1,1,1,1,1,15,7,21,1,27,9,1,1,9,9,11,1,1,1,1,1,1,1,6,1,1,1,6,17,11,8,8,1,13,2,1,7,1,7,11,1,12,1,1,1,7,12,1,8,1,1,1,1,9,13,1,9,1,1,1,7,1,1,1,2,1,1,13,14,10,13,1,1,8,16,1,1,18,10,1,1,1,1,10,16,11,19,1,1,29,12,1,1,40,6,1,1,18,1,6,1,11,3,1,1,13,5,1,1,1,13,10,1,1,16,16,1,1,14,9,14,8,21,27,13,1,1,10,21,20,8,11,7,13,9,1,1,17,1,3,2,1,1,7,1,9,17,1,9,1,1,1,1,9,1,1,1,1,18,18,16,1,5,10,22,2,17,1,1,26,1,12,1,9,6,1,1,14,1,1,1,45,6,15,1,1,1,13,6,1,1,22,9,1,1,1,12,1,6,1,9,9,8,9,1,9,1,1,9,1,1,1,17,1,2,1,1,12,13,10,9,105,2,1,1,1,1,13,1,12,1,12,1,13,1,1,11,1,1,2,12,1,1,2,1,1,13,1,12,1,1,16,1,1,1,14,1,9,70,1,17,1,4,10,8,5,15,11,14,3,11,6,8,4,13,1,12,1,1,1,14,1,81,1,8,6,1,1,12,1,1,4,5,2,6,1,1,10,10,1,1,2,1,1,1,6,1,9,1,57,1,12,16,11,46,14,14,7,1,1,13,1,12,1,19,10,1,23,10,14,11,1,2,16,14,1,1,1,13,13,11,1,1,23,1,11,18,11,1,9,1,17,8,10,16,1,18,1,1,14,1,9,19,1,13,20,1,16,4,1,1,15,7,6,12,12,1,1,11,1,1,18,1,15,1,1,13,5,12,2,6,1,16,13,3,14,7,7,1,1,23,1,17,1,2,1,1,7,4,10,13,1,10,16,91,1,1,28,1,1,13,7,1,1,7,8,1,1,18,17,1,9,1,13,1,1,10,1,16,11,24,8,16,1,12,1,1,9,6,1,1,1,9,1,1,1,12,9,1,13,8,9,28,11,10,18,28,22,16,1,1,1,7,5,1,1,19,1,7,11,10,10,1,1,14,1,22,11,16,14,1,16,1,12,11,1,21,1,43,14,1,1,1,7,11,18,1,10,1,11,1,9,1,11,1,1,13,1,14,9,12,1,1,9,1,8,13,8,12,7,1,1,1,19,2,1,10,1,1,1,16,1,8,19,9,1,13,10,9,1,1,1,1,21,20,1,20,7,7,1,11,21,1,7,15,1,10,1,10,1,12,1,16,12,13,15,9,1,15,1,1,7,15,1,7,13,16,9,10,28,1,33,1,14,1,1,1,1,1,1,9,10,1,1,1,52,13,39,1,1,1,13,1,1,17,6,1,15,2,17,9,1,2,1,65,1,18,1,1,26,1,20,1,3,3,126,1,1,1,16,1,1,9,16,17,1,1,1,1,1,1,1,2,6,11,1,13,8,18,1,1,13,20,14,1,1,10,1,11,1,1,10,18,15,78,12,1,25,1,20,1,1,8,5,5,1,9,1,1,9,1,15,12,1,16,3,1,1,1,1,9,1,1,7,1,11,1,1,1,12,9,1,13,1,1,1,12,7,17,12,11,17,1,1,9,1,22,10,6,1,1,1,2,22,1,18,1,1,14,17,10,1,6,1,8,14,1,1,18,5,12,1,1,1,2,13,1,1,5,11,1,1,13,1,4,2,11,1,16,1,26,1,24,1,9,15,1,1,15,1,1,1,1,17,14,1,12,1,8,1,1,8,13,14,1,1,1,1,1,8,13,1,18,7,16,2,1,9,9,1,17,1,1,1,18,1,11,15,9,1,15,1,1,25,1,1,1,12,19,7,16,1,12,1,1,9,12,1,17,1,1,18,1,15,8,15,9,6,1,20,1,1,21,1,1,1,1,20,20,1,35,1,11,1,9,1,15,7,2,8,2,1,1,1,16,1,1,1,24,8,1,3,1,10,1,1,24,13,1,17,9,21,1,8,10,16,1,2,3,9,1,22,13,15,11,1,1,37,5,10,12,1,20,22,14,11,15,1,1,1,1,11,1,18,1,1,1,1,1,13,1,15,1,1,1,1,13,1,22,1,9,6,9,15,1,1,14,22,8,1,1,18,13,1,5,10,1,1,1,1,1,12,2,1,14,1,1,15,7,1,1,6,1,1,11,1,23,13,1,12,1,14,1,1,11,10,11,8,1,8,20,1,14,1,8,10,3,1,20,1,15,15,1,14,1,26,1,1,6,1,22,1,1,20,25,1,1,1,4,15,6,1,14,1,1,1,1,13,1,21,2,12,25,11,14,1,8,16,20,13,1,14,3,1,4,16,1,6,1,1,1,12,1,15,1,18,1,1,1,1,1,4,1,8,8,1,1,13,1,13,12,14,17,13,1,1,9,10,13,38,13,5,1,1,10,1,1,1,1,10,1,9,11,1,1,13,15,1,1,9,1,14,11,2,14,24,1,1,2,1,15,1,15,12,77,1,1,11,1,1,10,13,2,10,7,7,6,1,1,19,1,12,2,16,1,10,14,1,1,1,1,17,1,37,12,15,16,1,1,17,1,10,11,1,27,16,1,1,1,6,18,1,1,20,6,14,8,1,3542,1,1,1,8,12,1,11,1,7,1,7,14,1,1,16,12,16,1,1,15,1,12,6,15,1,10,15,1,17,1,15,1,14,13,1,13,1,1,1,1,12,1,1,1,14,11,11,1,10,10,13,16,1,1,6,2,1,11,3,1,1,1,1,4,6,1,1,7,13,4,14,1,5,1,7,1,7,32,13,1,1,20,1,1,1,6,20,9,28,1,11,13,1,20,1,1,6,1,1,1,17,16,7,10,4,26,2,1,1,13,1,93,1,1,1,18,7,1,16,8,1,1,5,14,4,1,4,20,11,1,1,1,1,12,7,13,1,15,1,1,9,1,9,1,1,15,8,1,16,1,6,21,2,3,1,18,10,1,13,21,10,1,10,12,1,5,12,1,1,15,18,16,1,1,1,1,1,13,3,1,15,9,18,1,14,16,1,2,21,1,17,1,70,1,1,1,18,1,1,1,1,1,6,1,7,8,1,14,1,15,1,19,17,1,1,14,20,1,15,11,13,10,20,11,15,1,1,1,1,10,1,1,1,1,16,8,11,9,1,11,1,21,57,1,1,22,9,12,11,22,20,1,10,1,29,1,5,24,1,1,1,1,1,9,1,1,18,1,1,2,9,14,1,1,1,1,14,22,1,16,1,13,14,1,1,14,1,4,1,1,14,2,24,14,17,1,11,4,10,1,11,1,9,16,1,15,13,11,1,1,31,1,1,1,1,1,1,6,15,1,1,9,18,19,21,1,28,4,1,19,19,1,1,3,15,15,15,1,13,17,1,16,10,1,11,1,1,1,10,1,1,26,18,1,1,1,1,10,1,1,1,1,1,1,7,1,1,4,1,1,1,1,13,1,19,19,43,21,14,7,5,1,1,1,39,11,26,1,3,18,20,1,1,14,16,1,14,1,1,1,1,1,11,16,1,9,10,12,1,12,1,1,1,17,1,1,15,1,10,13,1,1,9,1,6,14,29,1,25,1,1,10,1,1,1,10,7,9,1,1,1,1,2,1,1,10,8,16,4,9,1,1,9,13,1,22,1,6,8,1,1,1,11,18,1,17,1,1,6,1,7,1,1,10,10,1,1,1,10,13,2,14,19,21,1,11,11,1,6,7,1,14,10,5387,1,1,17,1,14,13,13,10,13,1,10,83,1,1,15,21,7,22,1704,23,13,7,5,13,1,1,2,10,2,1,12,8,2,1,1,16,8,13,1,12,22,53,9,1,16,14,1,1,18,24,1,1,14,11,1,1,1,1,1,8,1,1,1,17,16,1,7,20,1,1,2,1,17,91,1,18,10,11,7,12,2,11,1,1,1,18,21,1,15,1,13,15,1,3,1,13,9,10,1,8,1,13,11,14,1,8,1,1,11,1,1,15,16,12,1,13,1,7,8,1,21,1,1,1,1,8,1,1,9,17,6,1,1,1,12,19,1,16,19,17,1,21,16,4,2,3,1,1,1,10,1,6,1,11,3,8,14,1,1,14,13,20,1,1,1,11,1,1,1,1,1,13,1,23,18,1,1,7,1,1,2,17,10,1,6,1,1,9,1,19,15,1,8,13,16,1,1,1,8,1,20,11,1,7,14,11,1,10,22,1,15,1,23,6,11,1,17,13,1,1,12,18,46,1,5,1,1,1,1,12,13,6,13,1,2,18,1,1,15,1,13,10,1,1,1,5,1,9,1,11,1,1,1,8,1,15,9,1,1,10,16,1,1,16,1,20,3,1,11,1,1,1,6,1,1,1,16,6,7,1,21,6,1,1,1,17,1,7,1,10,13,1,1,1,1,5,15,24,10,2,6,59,1,10,1,1,1,19,1,1,26,13,1,16,10,80,1,6,14,15,1,1,1,1,20,1,1,17,1,2,22,13,7,15,18,9,1,1,3,1,1,1,8,22,11,1,12,15,16,15,1,9,1,9,1,25,1,5,11,1,10,3,1,1,21,1,1,3,1,5,1,1,20,1,1,6,1,1,1,16,8,18,3,1,1,1,1,18,1,18,1,14,13,1,1,1,1,16,1,16,12,5,1,1,16,17,13,1,1,10,6,2,13,1,1,1,11,28,1,34,1,19,8,16,1,7,15,18,3,16,1,1,1,3,1,1,1,1,1,11,1,1,1,11,13,1,10,1,17,1,17,16,16,9,1,18,1,1,12,1,19,13,12,5,16,17,15,1,7,11,1,1,11,5,7,1,1,1,119,13,1,8,2,6,11,1,11,1,11,1,9,1,1,1,1,1,8,1,1,10,17,14,9,12,1,1,17,1,1,9,16,11,1,13,1,12,1,22,14,12,1,13,13,15,1,1,6,1,12,11,1,1,1,15,1,1,20,11,1,4,3,1,18,1,7,8,1,13,1,1,15,1,16,1,1,11,1,20,11,2,1,1,23,1,1,1,13,28,1,1,14,1,1,3,11,1,1,11,1,11,1,1,13,11,12,17,6,1,1,12,9,6,1,7,1,1,16,16,8,12,1,11,1,1,5,5,15,1,1,4,16,4,32,10,1,1,13,9,14,11,7,1,8,1,20,1,6,10,12,16,12,1,14,4,10,8,1,1,1,1,18,20,1,8,11,1,1,13,16,1,10,12,1,16,15,1,7,64,7,1,183,6,7,7,1,12,1,1,1,1,2,12,5,13,1,8,11,1,12,2,1,1,13,1,1,7,1,6,1,8,1,1,17,8,10,29,1,11,10,1,1,1,1,2,1,4,1,1,1,3,11,15,9,10,1,1,1,1,1,1,1,1,12,11,1,1,17,19,6,1,7,11,14,1,4,1,1,1,1,15,13,9,1,1,8,1,1,1,1,9,3,1,1,10,1,1,30,10,7,1,13,1,10,1,10,1,1,15,1,1,1,14,1,15,1,9,1,12,1,16,14,19,1,9,1,4,9,1,1,17,1,1,1,7,15,10,16,9,16,10,19,1,1,1,1,14,1,17,11,11,2,3,1,13,1,8,10,1,1,1,21,1,1,1,1,1,3,2,1,5,16,14,13,16,9,22,13,17,12,1,1,16,19,1,4,8,48,1,1,1,2,5,1,11,1,1,12,13,1,10,8,13,1,25,20,1,1,1,15,14,3,1,1,1,1,9,10,1,1,1,5,14,1,26,1,11,22,1,1,17,1,1,32,1,9,1,1,13,4,1,1,5,1,7,1,21,1,1,12,1,1,5,20,1,1,11,8,16,10,1,26,1,1,17,13,1,1,1,1,1,1,9,1,1,10,1,14,1,13,1,1,28,1,1,7,17,2,1,1,16,1,1,1,20,13,21,1,10,9,11,9,13,1,1,1,16,1,8,20,7,13,2,14,16,9,12,1,1,1,18,1,10,12,15,5,9,8,13,1,12,1,9,16,1,15,1,17,9,6,1,1,11,10,1,11,17,15,11,13,10,12,1,1,12,1,1,11,8,9,1,1,1,11,1,23,15,1,1,9,10,8,4,1,1,11,13,8,6,1,18,1,1,21,1,12,1,1,16,10,5,9,7,13,12,21,15,1,1,1,1,1,17,10,8,1,5,9,1,17,1,20,1,1,12,1,9,1,11,17,25,1,1,30,1,1,13,4,6,16,9,8,1,12,1,14,1,6,12,11,1,19,1,1,1,18,17,1,2,6,8,5,1,1,20,3,14,1,1,15,14,1,6,1,14,17,1,1,17,1,1,1,1,16,1,1,1,3,8,1,1,6,7,1,62,16,16,19,1,8,1,1,1,1,1,18,12,1,11,1,14,1,1,1,9,17,1,1,17,16,1,10,11,7,1,1,7,13,13,1,13,1,12,1,1,2,4,14,1,13,18,1,1,10,9,1,1,1,21,1,1,1,10,1,1,20,12,17,1,4,15,6,2,12,1,14,3,1,1,15,1,14,13,8,1,23,20,1,29,17,5,1,14,15,1,14,21,1,1,12,1,3,1,1,1,6,2,1,8,8,1,23,15,2,9,12,1,15,5,1,1,8,7,13,12,1,1,6,13,1,1,1,11,18,12,15,1,1,15,6,1,1,9,9,7,1,1,1,8,1,13,22,11,7,1,10,12,16,12,4,1,1,1,1,18,11,9,1,3,1,1,1,1,1,1,8,1,13,13,12,15,10,1,12,1,1,1,16,1,17,15,1,1,1,1,18,1,14,1,1,1,1,13,1,15,25,1,8,8,12,22,16,1,11,1,1,1,1,1,16,16,16,9,6,15,1,1,1,1,1,1,12,14,1,1,8,12,14,12,11,1,1,1,17,1,1,1,1,1,1,1,1,11,20,10,15,1,9,19,7,1,13,1,1,20,1,8,14,14,5,13,14,11,1,2,12,17,2,20,7,1,1,18,1,1,11,19,9,18,1,23,22,27,1,17,1,12,1,15,10,6,12,5,12,1,1,11,15,11,9,11,7,1,1,1,1,80,1,6,2,12,4,6,14,18,18,14,12,2,1,9,1,1,3,1,15,15,13,1,13,7,8,1,16,1,7,1,18,5,1,1,1,16,7,1,12,10,1,1,1,19,1,1,1,1,11,4,14,1,12,1,1,1,3,16,1,9,1,1,1,21,11,1,1,9,1,8,16,5,1,11,17,3,1,1,1,15,1,14,9,1,1,1,12,4,22,12,1,1,1,1,24,1,1,1,1,1,14,1,1,17,1,1,1,18,1,1,16,1,1,11,1,3,1,1,4,14,19,13,6,1,10,12,1,1,2,12,1,3,1,1,8,3,13,1,15,15,21,1,1,12,12,1,13,1,19,8,1,1,3,1,1,1,14,1,1,1,2,1,17,6,1,8,15,19,13,1,11,8,14,6,21,8,11,1,13,15,1,13,6,12,1,13,20,11,1,14,17,11,1,17,1,9,4,19,1,2,17,1,1,1,1,8,14,10,7,1,1,7,15,1,12,19,9,12,22,9,1,16,6,1,8,1,1,18,12,9,1,1,14,18,13,12,8,20,4,1,1,1,6,1,1,26,16,5,1,1,11,5,1,14,21,14,1,1,8,1,20,1,12,3,1,25,15,1,14,10,1,7,12,13,1,12,1,15,1,23,1,2,1,17,1,8,12,12,1,1,15,27,16,4,1,14,1,16,1,18,1,2,17,1,1,1,12,1,1,1,1,8,9,1,1,1,1,11,17,1,1,1,22,1,1,16,1,20,2,1,17,15,4,10,1,5,1,11,1,1,1,14,18,1,18,15,2,1,1,1,11,17,19,1,16,11,1,1,7,6,8,10,22,22,1,1,1,11,6,18,11,15,14,12,20,1,1,5,6,1,1,8,1,7,1,1,23,157,1,1,11,1,11,23,1,1,1,1,6,1,15,1,1,1,1,1,10,1,13,42,18,1,1,9,1,14,1,28,13,3,6,11,5,1,1,1,1,1,10,17,1,1,8,15,17,12,9,10,16,11,3,1,7,19,11,14,1,8,5,8,1,1,1,1,1,1,1,1,1,6,16,1,10,1,1,1,17,14,1,1,13,14,15,12,1,9,2,5,14,11,9,14,1,1,13,10,2,1,6,1,1,13,15,1,23,1,14,13,10,1,2,1,16,33,16,12,1,1,1,13,13,1,1,13,16,1,1,1,1,12,1,2,1,1,1,9,1,4,16,1,1,12,14,1,1,6,21,7,1,12,9,1,1,12,1,14,19,1,1,1,1,1,1,1,11,4,1,18,1,1,11,1,1,11,1,1,13,1,21,1,1,1,11,12,11,10,1,16,13,1,10,10,13,1,7,60,15,9,4,1,1,89,1,1,1,8,12,17,10,1,18,1,16,2,1,1,1,8,10,10,8,55,13,13,1,10,1,1,1,13,7,12,11,10,12,1,13,14,1,1,10,1,1,1,15,9,1,11,1,1,11,1,1,10,1,6,1,1,86,1,12,4,21,52,8,8,1,12,1,9,1,12,11,10,1,8,1,14,1,14,3,1,12,11,1,14,1,13,10,8,19,9,1,13,13,1,1,1,1,11,5,11,1,20,1,19,12,1,12,10,10,1,11,5,26,1,2,15,18,1,1,14,14,1,4,1,14,1,2,6,31,1,9,1,1,9,6,1,18,9,8,12,1,1,1,1,1,18,1,1,1,1,4,1,1,1,1,1,1,1,18,1,1,25,16,1,8,14,11,8,18,18,2,1,10,1,9,1,1,1,1,1,6,1,14,15,27,1,17,6,1,1,1,21,8,1,1,16,1,13,15,1,2,12,12,1,13,6,19,12,9,1,12,9,1,26,12,15,1,1,15,3,1,7,23,1,15,24,11,12,17,1,1,12,8,1,15,4,1,9,1,1,10,1,11,2,11,19,10,12,7,1,1,15,1,1,6,13,1,12,1,1,9,1,16,7,28,14,18,1,2,1,11,21,10,1,10,1,1,9,3,1,22,7,1,1,1,1,1,9,47,12,1,1,1,1,14,1,1,1,17,18,5,24,1,25,14,11,9,1,14,1,1,13,6,3,8,31,11,12,5,1,1,16,13,1,12,1,8,1,1,1,2,1,17,1,15,1,1,1,2,15,11,1,1,1,9,1,1,4,9,1,1,1,1,1,39,11,1,1,1,1,1,1,9,1,18,1,1,2,14,9,2,1,1,21,9,11,11,9,1,17,20,13,1,10,13,1,10,2,1,1,1,1,13,1,17,18,1,14,13,26,10,1,13,11,8,15,6,9,16,3,1,1,13,12,1,1,1,7,1,1,14,1,3,1,1,2,6,12,38,12,1,1,1,1,1,1,17,16,1,1,6,10,1,1,1,9,1,1,1,2,16,12,14,10,1,5,2,5,1,1,1,1,1,4,1,1,14,1,17,1,8,1,1,1,9,1,1,4,1,14,10,1,1,10,6,8,10,10,22,1,1,1,1,18,22,1,1,15,2,1,63,16,1,1,13,1,8,1,1,1,17,5,1,77,12,11,1,9,17,1,1,18,14,10,1,13,1,33,1,5,1,1,1,12,23,19,1,1,2,17,1,1,1,1,17,1,1,1,1,6,12,1,1,1,16,1,1,1,16,1,1,11,1,1,19,1,1,1,14,1,10,1,17,18,1,10,12,1,1,1,7,12,1,25,2,1,1,1,1,18,13,1,1,1,1,1,1,10,1,1,11,19,10,1,12,1,1,5,3,1,7,5,1,7,10,1,19,30,20,1,5,12,9,9,1,11,13,16,1,9,10,1,1,1,10,1,1,1,1,263,1,8,20,20,8,1,9,11,16,1,1,14,16,1,1,1,20,9,13,1,13,19,8,1,1,1,1,2,1,8,12,1,1,13,1,199,1,1,60,13,81,1,13,1,1,1,1,6,17,10,10,1,1,1,9,1,19,17,5,1,18,1,15,19,1,20,1,10,13,10,11,1,1,1,6,1,18,1,22,1,1,1,20,6,1,1,10,18,1,1,1,1,8,22,15,1,1,1,1,95,1,1,9,1,11,10,15,10,15,16,7,63,1,1,14,1,20,14,1,1,16,1,18,1,24,1,3,1,3,11,1,1,5,16,7,1,17,1,11,18,6,1,12,1,2,1,1,11,9,1,7,1,10,5,1,1,1,13,9,15,1,1,12,9,1,1,6,1,12,1,1,1,1,19,1,6,14,7,34,6,1,1,5,1,5,11,12,1,8,12,15,10,1,1,1,7,2,23,11,1,12,10,14,1,16,15,16,12,1,10,1,6,1,17,5,20,14,2,11,20,1,1,6,1,20,20,9,1,12,15,1,1,1,1,1,1,10,9,13,12,11,1,9,1,1,17,1,1,15,24,12,5,1,1,1,12,1,27,15,1,16,17,5,13,12,1,19,1,14,1,1,19,10,1,1,1,1,19,11,1,1,1,14,17,1,2,1,30,2,1,17,24,3,10,8,1,13,19,1,11,3,1,1,1,14,1,20,5,1,5,24,1,9,13,2,1,1,1,8,1,20,1,7,11,1,15,44,1,37,1,12,16,18,1,10,14,1,10,1,8,12,1,1,15,1,4,1,13,1,7,1,12,8,10,1,1,10,1,1,7,1,4,10,2,16,11,1,20,1,1,19,17,2,12,1,10,1,1,12,1,8,1,1,1,8,1,12,8,15,13,1,1,1,12,15,1,1,1,1,19,1,1,1,1,19,1,1,7,1,16,15,1,16,9,1,1,11,70,1,1,2,17,1,11,22,1,8,1,2,4,1,14,1,16,1,6,5,11,1,18,8,10,12,1,13,1,1,1,1,12,10,12,1,13,1,1,14,31,1,9,13,1,14,19,1,1,1,1,7,1,1,20,1,16,15,1,1,1,19,1,5,1,1,409,1,1,10,1,1,1,11,1,1,9,1,1,12,1,8,3,11,16,12,1,1,5,8,1,1,16,13,12,18,7,11,18,15,1,1,2,1,1,12,10,1,16,6,11,1,1,17,1,6,19,15,16,62,1,1,2,1,10,1,21,1,7,1,1,1,1,16,3,14,1,1,5,1,17,13,1,1,11,12,13,1,1,1,16,1,6,12,12,9,1,5,12,1,1,1,15,13,1,11,1,12,18,1,3,14,11,14,1,1,10,6,10,1,12,10,16,1,13,10,5,2,10,6,11,1,3,11,12,14,1,1,1,11,4,19,17,14,1,1,8,23,1,8,1,10,4,1,13,9,1,6,1,1,9,15,1,12,13,1,1,14,13,7,1,1,1,30,7,11,1,5,74,13,1,1,1,1,1,1,1,9,1,1,1,1,9,6,16,5,3,2,1,14,1,16,13,1,47,13,8,5,30,11,12,1,14,1,1,7,1,9,8,1,12,1,6,1,10,1,9,1,1,14,17,8,15,1,1,1,1,17,1,5,1,9,5,12,1,14,15,1,6,14,1,9,1,9,10,17,11,1,1,21,1,1,1,1,1,16,1,11,19,22,13,17,1,16,11,1,18,1,1,7,1,13,13,1,1,14,14,6,1,1,15,1,2,5,22,1,18,1,1,13,9,10,1,1,8,17,1,15,1,11,14,1,1,82,1,1,14,23,1,1,1,13,1,1,1,1,10,1,1,11,2,1,15,1,1,1,14,1,1,4,7,1,1,14,1,262,15,70,18,1,10,1,9,1,1,1,13,7,1,1,12,8,20,10,9,1,13,1,15,12,15,30,7,17,1,13,14,41,1,17,1,12,1,1,1,12,1,16,1,1,1,11,1,1,13,15,1,1,3,19,20,1,1,1,1,1,1,4,12,5,1,2,1,7,7,5,1,7,10,1,1,1,1,12,16,14,1,11,9,22,20,1,17,1,18,5,1,1,9,1,1,14,1,1,16,13,13,1,7,2,1,1,1,3,1,27,11,1,1,1,19,11,3,1,1,8,9,7,14,18,7,9,1,1,1,1,1,1,1,1,1,1,10,14,2,12,1,1,1,12,1,16,1,6,1,1,1,3,13,19,12,1,1,11,1,1,9,16,8,16,1,1,1,1,15,1,1,11,23,6,14,1,1,1,3,1,1,1,1,1,1,1,14,1,83,5,1,5,14,1,1,12,1,13,1,1,1,10,12,1,5,1,32,1,1,19,1,16,14,1,1,1,14,1,1,10,18,15,29,7,15,1,19,13,1,4,1,16,11,1,10,1,9,8,1,1,2,1,10,1,14,11,4,10,15,12,1,15,1,1,13,10,2,8,11,124,1,1,1,1,4,1,13,1,17,1,5,60,14,15,10,14,1,8,1,1,79,1,1,1,17,14,1,21,7,1,14,14,8,1,1,13,18,18,1,14,11,7,9,12,1,1,10,1,16,1,13,1,1,1,1,1,1,15,1,1,7,17,1,1,27,14,17,1,16,1,1,14,18,11,2,23,11,1,9,9,1,15,10,8,1,1,1,18,1,1,12,8,1,6,7,12,1,9,10,1,1,11,21,17,1,15,5,10,14,5,15,7,13,1,8,1,1,13,2,1,8,11,24,1,1,18,1,9,15,1,10,16,1,9,15,1,1,19,1,1,1,9,10,1,11,1,1,13,4,1,1,1,1,18,1,1,1,10,8,1,10,9,14,1,2,1,11,8,1,14,12,1,1,12,1,1,19,1,7,13,1,14,2,1,15,1,12,3,15,1,1,1,11,1,11,1,12,1,1,1,2,1,1,2,12,1,10,1,20,12,21,2971,15,1,1,1,8,10,1,1,89,6,1,1,1,15,14,8,14,1,5,1,21,9,16,20,1,1,1,16,1,1,13,84,1,13,13,1,23,1,22,17,11,10,1,35,11,7,25,17,21,1,1,7,1,11,1,1,1,1,28,16,1,11,8,1,1,1,1,1,6,1,7,1,8,13,10,3,1,1,8,9,15,1,1,13,6,6,9,1,1,1,1,17,1,1,1,1,1,1,15,1,10,12,14,12,1,1,22,13,12,1,18,6,16,1,3,1,13,11,1,1,15,1,10,18,1,14,1,31,1,1,1,1,1,17,1,1,1,15,1,1,1,16,21,1,14,12,5,1,15,1,1,1,11,1,11,1,1,1,16,20,13,1,11,10,16,21,1,4,1,1,1,3,2,1,1,14,7,13,20,19,13,12,2,1,1,12,23,2,1,1,17,17,16,17,22,1,1,21,29,1,11,3,17,7,1,1,6,1,11,1,14,12,13,6,4,16,11,1,1,7,1,12,13,1,10,1,16,1,1,1,15,1,12,13,6,12,9,1,1,1,21,1,12,15,1,14,1,15,9,3,11,1,2,1,19,25,16,23,1,1,12,1,1,12,1,1,2,13,7,6,8,18,1,1,1,1,1,1,1,1,1,6,11,5,1,1,21,7,18,7,1,1,1,1,1,9,1,9,1,1,6,1,2,3,11,19,2,2,1,12,1,1,3,1,1,15,13,1,8,2,1,1,4,13,8,19,1,8,5,1,18,14,18,8,11,15,1,1,1,1,8,1,1,6,4,1,16,1,9,1,1,1,87,1,4,11,1,9,1,9,9,1,1,1,9,16,20,1,1,1,1,1,2,13,5,1,1,4,15,1,11,8,1,8,12,1,1,1,1,24,18,1,1,1,1,1,11,15,1,14,19,1,1,1,1,1,7,1,15,15,1,26,1,1,1,1,1,9,1,11,1,12,15,6,13,6947,1,12,1,1,11,1,1,1,16,1,7,1,1,1,10,24,1,1,1,14,13,1,11,1,20,1,1,10,1,8,1,1,1,1,1,1,8,11,1,1,1,1,1,12,1,32,11,1,1,1,14,12,14,1,8,6,13,19,16,1,16,9,13,15,14,1,1,1,20,1,7,27,12,1,11,21,2,13,18,8,1,11,11,11,1,1,1,1,10,17,17,1,1,15,13,1,1,1,1,1,16,14,15,1,1,10,87,1,19,21,12,8,1,16,1,1,9,7,13,1,1,1,18,1,2,1,20,16,3,9,1,15,14,1,9,1,1,5,7,1,52,1,13,15,11,2,13,1,1,1,7,10,11,1,1,1,10,8,1,10,1,1,1,22,1,1,1,10,8,1,1,8,1,1,7,8,1,15,1,12,1,3,12,14,14,1,1,1,10,1,1,16,2,12,1,3,14,7,1,1,6,1,1,1,1,15,1,15,8,17,13,10,1,1,1,1,1,6,8,11,1,11,1,1,1,1,11,1,1,1,1,1,14,4,7,1,9,1,15,19,10,12,22,1,1,1,1,1,21,14,10,18,11,1,3,15,1,16,8,1,173,1,3,3,1,1,7,15,1,1,47,1,1,1,10,1,1,4,1,8,1,1,32,5,1,4,21,24,15,1,10,1,1,1,1,1,12,16,11,13,12,1,3,15,12,1,21,1,3,1,2,84,1,8,16,1,11,2,10,10,1,8,12,4,1,1,9,1,2,12,92,1,1,1,1,1,10,15,24,1,1,14,1,5,12,10,1,13,5,17,1,16,1,9,10,4,68,1,12,1,1,7,13,1,16,1,1,4,1,11,1,6,2,1,1,15,1,1,17,15,22,1,15,14,1,13,6,1,1,1,1,62,11,1,13,87,12,16,1,1,1,1,1,1,2,1,1,1,1,1,1,5,13,15,11,10,1,9,10,1,11,1,9,16,1,1,32,4,21,1,1,3,7,17,1,1,6,9,17,1,1,15,12,10,1,8,12,14,8,1,1,1,11,16,14,9,1,16,1,15,1,14,10,1,16,4,1,6,1,12,1,1,8,1,1,1,8,1,7,1,8,9,10,22,1,1,1,1,15,12,1,19,13,8,1,1,1,1,4,1,16,18,1,1,1,14,31,1,1,13,1,1,37,11,5,19,14,1,19,1,9,11,6,16,15,13,10,1,16,1,1,1,12,15,15,1,10,1,1,9,1,1,22,5,1,1,1,1,4,1,8,18,10,1,18,1,1,1,15,1,1,5,14,1,1,1,13,1,1,2,9,15,6,7,1,9,13,16,1,9,12,1,11,1,1,9,1,1,1,5,1,10,17,17,8,8,11,1,20,1,22,17,32,2,13,5,17,9,16,1,1,1,1,1,1,1,14,1,1,16,1,1,1,1,13,1,21,7,1,11,1,1,13,27,8,17,13,1,1,32,13,1,8,13,61,7,10,1,14,13,1,13,11,1,16,1,1,7,1,8,13,6,1,9,19,1,1,1,12,1,3,12,1,1,1,1,19,1,38,8,18,1,9,12,1,9,11,1,12,1,1,11,1,1,12,17,1,18,16,1,4,8,11,14,19,15,1,9,12,18,1,18,16,25,580,11,16,1,1,1,14,1,2,2,11,1,5,1,6,21,1,1,11,11,1,1,12,8,1,1,11,1,14,1,9,19,26,7,1,9,1,1,3,4,1,1,23,1,16,1,1,1,14,1,1,11,14,2,2,1,10,1,1,6,1,4,1,8,1,4,15,1,1,1,11,3,1,18,1,9,1,10,1,15,1,15,4,1,9,18,16,13,24,1,1,14,1,9,1,2,1,3,17,2,21,5,13,1,7,2,10,1,9,7,10,1,1,15,13,19,1,11,1,1,1,1,1,1,1,11,22,1,1,14,3,9,1,6,1,1,1,10,1,1,1,12,11,1,13,11,15,10,1,13,1,19,11,5,8,13,10,14,16,17,1,2,30,1,1,22,17,15,12,1,1,13,1,4,1,15,1,14,18,11,1,17,11,1,10,17,22,1,16,1,11,1,10,2,10,1,1,11,26,1,1,1,11,1,8,16,1,46,23,1,1,1,1,1,16,9,6,13,19,1,9,14,1,1,14,6,1,4,1,1,1,89,22,14,1,12,1,1,28,15,19,1,10,9,1,14,1,1,1,7,1,1,32,1,8,1,17,11,479,1,1,9,2,13,1,8,18,1,1,23,17,1,6,1,65,1,6,1,1,1,1,13,1,14,11,8,1,16,1,15,1,1,14,1,1,1,1,45,19,1,13,3,25,1,17,1,1,1,1,1,2,1,1,9,8,1,1,1,8,13,11,9,1,12,12,1,1,17,17,1,1,1,72,1,1,1,10,10,2,1,19,1,10,12,1,16,1,1,1,1,17,1,1,1,1,1,1,11,3,1,18,10,6,1,12,1,16,12,12,1,1,12,7,13,13,14,1,8,12,1,15,1,1,1,6,2,8,11,24,29,17,1,1,1,1,9,16,9,1,1,1,1,15,1,1,19,9,1,15,13,12,124,1,9,10,9,1,1,12,1,1,21,9,8,14,10,1,4,1,11,1,1,1,13,18,17,1,9,16,1,17,1,1,17,6,9,1,27,2,22,1,8,14,13,17,13,13,14,1,119,13,8,1,11,11,1,1,25,2,10,1,1,1,1,11,18,15,17,11,1,1,12,1,5,10,1,9,1,1,14,1,1,14,18,1,27,15,1,1,1,1,1,1,17,1,12,3,16,1,14,1,22,16,1,12,17,1,1,12,12,1,17,7,17,1,1,7,1,1,1,1,3,1,12,106,1,1,11,1,13,1,18,1,14,13,1,1,1,17,1,1,9,9,8,1,1,12,1,12,1,1,1,1,1,1,1,19,4,12,9,1,1,16,98,1,7,1,10,9,1,15,1,10,1,9,19,32,1,10,1,1,8,11,1,1,1,15,2,127,1,1,8,7,17,20,14,10,8,19,2,1,1,9,28,13,21,2,10,1,16,1,1,132,1,12,1,7,6,11,1,1,1,9,22,1,8,8,5,13,9,8,1,20,1,16,23,10,15,1,15,14,1,1,1,13,1,7,1,14,7,15,1,1,3,1,1,1,1,1,1,1,1,1,1,1,13,1,11,23,1,20,1,16,13,1,20,8,18,1,14,7,5,1,1,9,30,1,15,2,1,13,1,1,1,8,13,1,9,1,14,1,1,6,16,1,17,25,1,1,14,1,8,11,19,1,8,1,2,1,14,1,1,15,15,1,23,20,1,8,1,16,1,2,1,15,1,15,13,10,1,11,1,1,14,1,11,1,11,9,9,11,1,2,1,5,15,13,1,14,9,1,14,1,5,1,15,12,1,6,15,12,11,1,1,6,6,2,10,1,1,1,11,9,5,12,11,15,14,1,41,1,1,11,23,8,1,1,24,10,14,18,1,1,3,1,1,1,6,1,1,17,1,1,1,13,22,1,1,1,17,18,1,1,34,1,1,1,1,10,1,19,1,20,13,1,1,11,1,16,14,1,1,15,1,1,1,18,1,15,1,6,13,1,10,11,6,11,17,15,13,12,1,12,11,10,1,16,12,1,22,5,1,15,1,9,1,11,14,2,20,12,8,1,1,1,6,1,1,8,10,4,8,1,1,1,6,1,1,14,1,1,51,14,13,1,16,10,18,12,1,1,1,9,6,14,33,4,1,9,1,1,11,1,1,12,11,10,1,1,6,29,15,11,1,1,27,16,7,14,1,8,10,1,1,1,1,1,14,2,6,7,6,7,8,2,1,18,1,1,16,15,1,1,15,13,18,9,1,1,1,1,12,1,1,1,18,22,7,7,4,6,10,1,1,1,2,1,13,14,5,1,19,16,15,20,1,1471,1,1,1,5,1,15,21,1,11,11,8,14,4,1,22,15,23,1,1,4,7,1,14,1,5,1,1,17,38,9,1,8,12,1,1,8,1,6,11,1,9,12,1,1,1,1,1,1,1,1,1,10,10,12,1,1,1,6,1,12,1,15,10,1,1,18,107,9,1,15,9,1,1,16,1,48,20,12,2,11,14,22,20,1,1,12,21,1,1,9,1,20,3,1,1,18,16,80,1,9,1,1,1,1,7,1,15,12,11,1,11,16,1,12,2,12,1,14,1,12,1,1,6,8,12,1,14,8,1,1,24,1,1,19,1,1,1,1,1,1,3,27,1,1,1,10,1,1,1,2,6,1,4,15,2,11,10,10,23,19,13,4,6,6,23,5,18,4,14,4,1,7,9,13,9,1,1,14,14,15,1,8,13,3,1,19,1,1,52,15,17,1,7,1,14,1,1,13,12,11,15,8,9,12,1,1,10,15,1,1,11,1,1,12,1,1,15,11,9,1,1,1,14,16,10,5,13,15,1,8,1,1,8,14,2,12,1,1,1,1,4,11,11,16,1,1,1,1,1,11,1,1,14,1,1,13,11,1,13,1,12,9,68,1,18,9,1,1,10,7,1,11,1,4,1,9,8,7,15,1,1,1,1,22,12,1,7,1,11,1,10,5,1,11,10,1,14,14,1,1,1,14,1,1,1,1,8,7,14,9,1,16,1,14,4,1,5,1,13,9,1,13,15,1,1,1,17,9,12,11,35,13,1,8,1,1,1,1,16,11,1,1,8,1,1,9,1,5,22,1,7,16,9,14,1,1,1,5,1,1,3,20,1,1,1,8,1,8,1,14,10,2,13,50,6,16,1,1,12,11,1,1,1,26,11,1,10,67,14,10,13,20,31,1,1,13,9,12,13,18,1,14,1,1,8,16,1,1,1,16,6,10,1,14,20,1,1,12,12,13,11,1,1,10,9,1,1,7,1,20,1,8,18,1,7,14,10,16,1,6,1,13,1,14,12,1,1,1,10,6,9,9,7,10,14,38,4,1,1,1,11,1,16,14,10,11,13,1,8,12,16,14,8,18,11,1,19,10,1,11,9,1,1,1,1,4,1,1,16,16,1,1,1,18,8,14,9,13,16,9,21,12,11,1,1,14,1,21,14,1,18,6,1,1,1,12,16,1,1,10,14,1,14,2,12,1,1,1,25,12,1,26,1,10,11,10,1,1,1,10,16,1,9,2,13,1,11,24,1,1,15,10,1,13,1,1,10,10,12,19,1,1,12,19,1,12,15,1,5,9,1,1,5,1,1,1,1,1,1,13,1,1,1,21,1,8,11,1,1,1,1,1,3,14,8,1,7,17,1,12,25,15,4,1,8,1,10,1,1,12,1,3,7,1,1,10,1,1,19,23,19,169,13,14,1,4,15,15,10,1,10,1,1,1,15,6,1,15,10,1,14,1,1,16,15,3,10,15,15,9,1,1,14,13,14,12,12,9,11,5,1,13,1,8,1,12,1,14,16,6,6,63,12,10,9,22,1,12,1,14,1,12,8,1,1,1,1,18,10,1,1,1,3,1,7,1,6,1,1,1,19,8,12,17,12,20,8,5,1,1,4,14,1,1,1,1,10,1,13,1,12,16,21,1,1,14,14,11,1,11,10,194,1,7,1,14,20,1,7,1,12,1,1,11,1,4,1,1,1,1,20,18,18,12,1,8,9,1,14,5,2,8,1,9,1,1,5,8,24,1,1,8,1,10,11,1,16,1,25,7,11,4,1,14,1,17,16,18,2,2,1,7,1,1,1,1,1,1,1,1,6,17,14,1,17,4,1,1,1,1,12,1,1,16,1,1,1,2,1,9,14,18,1,13,16,7,16,11,12,14,1,1,1,1,14,16,1,9,15,9,1,16,1,5,1,6,12,7,19,2,1,1,6,1,15,1,14,1,1,1,1,19,1,9,1,1,7,1,8,1,1,1,10,1,1,11,10,1,1,1,1,7,1,38,12,1,1,7,17,18,1,1,10,1,12,25,8,1,9,15,7,13,1,28,5,9,6,16,10,16,17,1,12,1,15,1,1,1,3,8,1,1,12,55,10,47,9,6,9,1,19,1,1,1,19,13,14,1,1,1,1,1,24,1,1,21,11,6,1,1,1,1,5,9,1,1,1,10,19,1,2,1,1,12,17,1,1,10,12,13,1,8,1,1,3,2,14,1,1,14,16,1,1,1,1,23,1,11,1,1,19,1,13,1,1,4,10,1,5,4,13,66,1,1,1,17,1,1,8,1,11,1,1,1,29,1,1,1,19,10,1,1,1,21,13,1,14,12,14,1,11,10,1,23,17,16,1,20,12,13,19,1,13,7,8,6,24,20,15,1,11,1,1,1,1,14,16,12,1,1,1,11,1,12,1,47,14,1,19,5,15,12,6,33,16,28,13,1,19,11,29,5,15,14,1,1,1,1,32,2,11,10,1,22,1,1,3,8,15,10,1,1,1,16,1,25,1,20,1,13,1,14,10,1,1,1,1,1,10,1,10,9,9,1,1,1,21,1,11,3,1,22,1,1,3,12,15,18,1,14,12,10,15,13,3,5,1,1,1,7,15,1,1,1,7,14,20,1,8,11,1,1,9,1,20,1,1,13,1,8,1,12,1,1,1,1,13,1,14,1,1,19,1,9,19,13,16,7,10,1,20,1,1,1,12,1,8,1,1,16,1,1,11,1,9,18,12,1,1,8,15,1,1,10,7,17,11,12,2,1,1,1,32,4,16,2,6,1,1,26,9,14,22,11,13,1,3,1,11,1,1,1,14,1,1,6,12,11,12,1,20,1,1,11,19,1,18,13,12,1,1,15,5,12,1,1,1,13,10,11,14,13,1,1,1,1,16,19,17,1,10,1,14,13,1,6,4,1,1,12,10,17,14,1,18,12,16,24,11,17,5,1,1,15,1,1,1,9,1,1,19,396,1,1,17,1,15,1,2,11,26,14,1,12,8,5,1,1,1,1,15,2,27,1,16,1,17,9,1,1,1,1,11,20,10,19,1,20,1,1,1,1,1,1,24,1,1,1,9,140,9,1,1,28,1,3,15,1,1,1,11,1,23,6,12,25,1,10,1,17,18,1,16,1,1,17,10,1,4,1,19,16,1,1,14,6,1,11,7,13,13,1,2,1,1,8,1,1,1,1,1,21,13,1,1,12,1,1,7,1,1,14,1,11,12,14,1,1,1,55,1,9,1,10,1,1,10,12,13,1,1,2,1,15,1,1,19,6,15,1,1,17,14,7,29,12,1,9,22,14,1,13,6,1,1,13,1,1,1,1,1,14,1,1,12,13,16,1,17,16,8,8,15,22,15,11,9,19,20,117,6,2,7,1,11,1,14,4,2,1,14,1,1,1,11,4,16,1,18,13,18,10,29,9,1,5,20,12,1,22,7,7,1,15,33756,1,25,1,1,6,1,12,1,13,1,25,13,11,1,13,24,1,9,1,6,14,10,9,11,1,16,1,9,1,1,1,6,17,6,1,7,2,6,16,1,14,1,19,13,27,1,13,13,14,3,1,6,12,21,1,1,1,4,6,12,1,1,1,1,1,9,1,9,13,1,1,2,7,1,13,1,11,10,16,1,13,2,1,1,8,13,1,12,1,1,14,1,1,9,8,8,11,1,1,17,1,12,12,14,7,5,13,10,1,1,23,1,1,5,16,19,25,1,1,1,5,1,13,7,1,23,1,13,9,1,93,1,13,1,11,21,1,13,1,7,1,12,7,10,1,1,21,14,13,17,1,12,1,1,1,5,19,1,9,1,1,11,11,1,1,8,7,33,11,1,1,16,8,32,8,32,15,22,8,18,14,8,8,13,1,12,3,1,1,1,1,1,1,1,1,1,1,1,7,1,20,1,1,18,12,1,18,15,19,1,10,9,1,6,1,1,1,1,1,9,11,4,16,9,8,10,1,1,13,15,12,1,11,1,22,1,1,1,1,14,1,1,19,1,1,1,7,1,10,11,14,1,1,7,1,1,9,1,4,17,13,1,1,1,1,14,1,1,1,11,17,14,1,17,16,1,15,1,1,19,11,1,2,17,1,1,1,1,12,6,20,28,1,17,3,1,1,14,19,1,1,13,1,10,124,12,10,10,16,1,1,24,1,15,1,14,15,1,12,1,25,1,13,13,16,20,1,1,1,13,27,1,1,1,11,6,13,9,8,1,1,1,1,1,21,5,15,7,1,1,4,1,1,7,13,1,1,1,1,1,6,1,1,1,18,20,22,5,27,4,6,1,12,10,15,12,1,15,11,4,6,13,1,11,3,14,13,1,1,1,9,1,1,12,8,1,1,1,10,14,10,8,11,1,1,1,12,1,1,9,9,1,7,13,1,1,20,15,1,1,1,1,1,1,1,1,7,12,1,1,31,13,1,1,1,10,10,1,16,17,14,16,11,1,1,1,1,1,1,12,1,27,1,1,17,12,1,11,19,1,15,7,1,1,1,6,18,1,1,13,1,22,1,1,11,1,12,10,12,11,1,11,12,1,1,4,1,1,1,1,1,1,17,1,21,1,1,1,6,9,3,13,1,1,5,1,13,6,13,16,10,7,14,1,1,12,11,1,1,10,12,1,10,1,13,1,1,10,1,1,3,1,18,1,1,13,9,1,1,18,1,1,1,13,7,15,15,21,1,1,16,24,13,16,1,9,13,7,9,14,5,14,12,1,17,1,15,1,13,6,8,8,1,7,28,1,1,1,5,1,15,11,30,1,1,1,1,12,1,1,13,1,117,1,1,59,15,1,14,8,1,15,2,1,17,17,1,13,1,12,1,12,6,1,1,9,4,1,1,19,1,1,14,12,6,14,10,1,1,1,1,1,13,23,1,1,131,1,10,7,16,8,1,17,9,1,1,6,1,1,1,15,1,1,14,8,19,9,2,1,1,1,12,9,1,10,1,13,12,12,1,1,11,1,1,1,1,9,1,6,1,1,10,9,5,1,1,1,1,10,14,15,14,20,1,3,1,1,1,1,23,20,1,8,1,13,8,1,26,1,13,1,1,1,2,11,1,12,11,19,12,1,1,7,1,1,1,10,2,9,6,10,1,19,1,15,9,1,13,1,1,8,16,15,14,16,22,1,1,1,1,1,1,9,12,22,2,1,11,1,14,8,23,17,15,1,19,1,12,1,13,1,1,17,5,14,11,1,45,2,10,11,1,1,1,5,12,17,12,4,13,12,1,29,11,1,1,1,1,11,1,3,1,1,12,10,16,19,1,1,30,1,1,1,1,16,17,16,2,1,1,1,6,1,10,5,1,16,1,4,1,1,1,6,13,13,15,1,21,7,16,1,14,9,1,12,8,22,12,1,1,1,1,14,1,11,23,13,1,4,15,1,1,9,8,13,1,16,1,1,1,17,1,1,1,16,14,16,24,1,1,13,1,12,17,10,1,1,11,1,1,7,3,9,1,24,16,2,1,8,16,9,1,7,20,1,1,1,6,10,13,1,6,17,28,1,5,1,1,13,1,21,8,10,19,5,1,1,15,2,11,1,4,16,15,1,1,1,1,1,1,1,1,12,9,1,1,11,27,14,13,13,1,1,3,1,8,1,13,23,8,1,5,1,1,1,17,1,1,1,1,11,1,1,1,16,1,56,1,1,1,1,10,1,1,17,1,1,10,10,1,1,1,17,6,1,20,17,1,1,31,1,12,14,10,12,18,11,7,1,6,4,1,14,1,8,17,18,1,6,1,1,32,10,1,1,6,4,1,1,11,1,14,12,28,1,16,14,1,1,1,9,1,1,1,21,14,10,1,2,10,1,17,1,3,1,16,11,19,8,1,15,1,1,16,1,9,12,1,1,1,1,3,7,1,1,12,1,11,10,1,1,13,1,5,1,11,1,1,15,12,16,1,8,12,16,11,9,1,3,18,10,1,9,8,1,10,16,1,1,1,20,9,19,12,1,10,8,1,18,1,14,4,1,17,1,12,16,1,1,1,12,1,13,12,9,4,10,1,1,17,1,8,1,1,29,4,1,1,1,12,14,10,17,3,10,1,1,9,10,6,9,14,4,15,1,1,17,3,1,1,1,61,4,15,1,1,1,1,1,10,12,20,1,11,1,1,14,1,1,1,1,13,1,1,15,1,14,110,6,17,1,21,4,11,20,1,10,2,18,14,2,1,14,1,1,1,2,1,6,2,9,13,16,9,5,1,1,7,20,12,1,4,1,7,14,4,18,11,3,7,1,19,6,22,1,13,11,21,1,1,1,12,1,6,16,11,1,9,12,9,11,12,1,13,1,18,1,1,11,9,17,12,3,7,1,1,1,11,1,1,12,1,1,7,1,13,1,17,1,1,14,1,10,13,1,1,1,9,1,7,1,1,6,9,1,1,1,10,15,9,2,1,1,12,1,1,1,15,1,15,11,15,9,1,1,17,8,3,20,5,1,11,3,15,1,1,1,1,16,10,13,11,1,11,13,12,1,1,11,17,1,1,12,1,10,1,14,12,11,1,1,1,16,1,1,13,15,15,1,1,13,13,1,8,5,17,1,18,1,20,1,1,1,16,16,1,1,19,20,11,1,11,4,1,1,1,9,1,1,1,1,9,1,1,14,12,15,8,1,1,12,1,1,2,1,1,1,10,13,11,1,1,1,19,1,5,1,1,1,2,1,19,2,1,20,114,1,10,26,8,1,1,13,4,10,17,1,7,10,1,7,17,9,1,19,14,2,1,10,14,8,1,16,11,1,12,5,1,1,1,15,3,1,1,18,21,1,22,13,18,6,1,20,19,9,1,14,10,15,3,1,1,11,7,2,1,12,1,20,1,10,22,1,14,1,18,1,1,1,1,13,12,9,9,1,15,1,1,1,15,1,1,10,12,1,1,14,1,1,12,1,6,19,1,2,1,1,1,1,1,13,15,1,4,1,1,1,2,1,7,1,1,1,22,1,1,1,10,10,16,1,1,5,1,1,1,1,10,56,13,16,12,12,9,2,16,1,5,1,1,1,12,11,12,12,16,18,1,9,1,1,1,8,1,6,1,1,1,8,9,3,6,20,1,1,1,24,1,1,15,1,1,12,11,1,13,1,19,31,1,1,12,1,15,1,3,8,5,1,10,12,13,12,10,16,1,27,1,1,22,11,18,3,16,16,1,1,25,15,1,13,20,6,10,17,1,1,9,1,106,1,10,1,2,1,11,4,1,22,10,16,1,1,1,1,1,13,10,1,6,11,1,1,6,1,1,6,1,11,1,1,1,1,1,1,6,19,17,39,1,1,19,26,1,23,8,1,23,1,1,5,17,1,1,1,1,1,1,9,1,8,1,7,12,1,1,16,1,13,1,1,31,1,2,14,1,14,14,1,1,1,15,1,1,19,16,1,1,21,13,1,1,1,1,2,1,15,1,4,1,8,1,1,3,11,1,1,1,14,17,6,10,8,1,2,12,10,12,1,14,1,1,1,24,12,1,6,8,14,16,12,9,10,1,1,1,1,1,10,1,13,12,13,14,10,1,9,10,1,5,8,11,1,3,1,1,12,1,11,17,15,5,1,1,1,1,11,1,17,1,6,43,1,14,12,15,1,15,1,14,10,1,12,12,6,1,1,1,17,1,1,6,1,2,14,22,13,16,1,1,5,28,18,13,1,1,16,17,19,1,1,16,1,7,1,4,23,19,5,82,1,12,4,6,1,6,16,1,32,1,1,1,11,10,7,9,10,1,13,6,2,1,7,12,4,12,14,1,2,20,1,1,1,1,1,1,1,1,1,11,1,12,11,3,1,1,1,1,23,75,13,26,11,1,2,6,5,30,1,1,15,13,15,12,1,21,9,11,10,69,15,1,9,1,6,1,10,17,1,10,1,6,17,95,6,1,1,10,11,1,1,1,19,16,1,21,1,1,1,8,7,1,7,22,26,18,5,1,17,14,17,1,25,1,1,1,2,9,1,14,1,15,1,5,1,1,1,17,1,1,11,1,1,9,1,14,53,1,1,115,7,11,1,1,17,1,1,5,1,12,22,1,8,2,26,1,1,1,1,11,1,1,1,16,1,12,14,1,2,1,1,6,17,32,7,3,1,11,12,10,11,13,11,1,13,13,14,13,1,1,1,1,12,14,1,9,15,17,1,19,24,1,22,1,16,1,18,20,18,19,1,1,10,12,1,12,1,12,1,1,1,1,1,21,1,153,14,1,1,1,15,1,10,10,7,1,1,18,1,1,9,1,1,1,1,4,2,6,13,11,15,18,1,17,9,5,13,14,1,9,9,12,1,1,6,1,1,15,1,18,9,1,14,11,11,14,12,23,1,11,6,1,13,1,18,1,57,1,1,88,14,16,1,16,11,67,1,6,12,1,9,1,14,18,1,19,1,7,1,1,7,14,12,1,1,11,1,1,1,10,78,1,17,1,10,17,1,1,12,12,1,10,1,10,1,13,10,1,1,1,17,14,1,4,1,7,1,13,1,1,4,1,11,10,7,1,22,1,1,1,12,11,14,1,13,20,14,11,1,1,8,1,6,8,1,16,14,1,12,1,18,12,11,19,1,19,1,1,1,1,10,31,6,16,12,16,1,9,11,15,1,1,1,58,1,12,1,1,1,1,5,1,13,1,31,1,1,19,10,1,13,1,8,19,22,29,27,1,1,1,2,16,1,1,1,13,1,14,1,12,1,34,11,1,1,1,23,1,18,13,15,1,1,16,8,1,11,1,16,6,18,11,1,1,1,1,8,1,1,1,1,14,1,16,1,16,8,3,1,15,2,58,1,1,1,18,18,1,11,9,1,14,1,1,1,11,1,1,1,17,15,13,1,1,1,1,1,1,5,1,12,2,15,1,1,1,11,11,1,1,1,16,5,15,119,25,1,9,14,1,7,27,13,14,1,13,12,1,53,1,11,11,1,1,8,1,8,1,18,2,1,1,12,1,1,16,1,1,1,33,7,5,1,1,1,1,14,1,1,1,1,7,22,11,7,1,14,2,1,1,18,11,16,8,1,19,22,8,1,1,6,1,1,1,11,1,10,11,17,1,1,14,9,1,13,1,1,9,1,1,1,1,1,9,57,1,1,1,1,12,14,12,11,1,11,13,1,1,1,2,2,1,1,1,11,1,1,1,1,14,1,1,15,15,1,1,11,13,10,33,1,1,1,1,14,1,1,1,1,11,1,1,14,1,1,1,8,1,1,1,15,13,1,65,1,1,1,18,14,12,12,1,17,3,22,8,10,21,1,13,1,1,1,13,1,12,35,2,13,1,1,17,9,16,4,1,1,7,12,10,1,13,12,1,1,1,1,1,14,1,1,1,12,19,8,4,10,1,1,13,12,14,19,1,1,82,16,10,1,13,1,17,11,4,14,13,3,12,13,1,1,1,5,12,1,6,1,13,8,15,1,1,1,15,7,1,1,1,16,1,22,1,20,32,2,1,16,9,1,1,13,1,1,12,21,1,8,1,13,1,17,1,1,1,13,13,10,1,20,1,20,1,9,8,8,15,18,1,1,1,1,1,7,1,20,1,1,13,20,11,1,1,15,1,18,17,1,29,1,1,1,1,1,9,1,12,11,1,1,1,10,12,10,15,1,13,7,20,1,10,18,1,1,1,1,1,1,1,6,106,11,24,16,11,1,1,1,1,11,12,3,18,11,2,1,12,9,16,1,11,1,1,1,10,1,15,11,1,1,8,5,12,11,1,1,9,8,1,13,1,5,14,12,11,13,16,1,1,9,10,13,32,9,9,20,12,29,16,7,1,15,1,12,1,1,12,8,14,14,8,2,1,9,1,14,1,1,14,16,7,1,1,1,6,1,1,1,1,1,1,1,1,1,1,1,1,1,1,1,1,22,12,1,1,1,1,13,8,1,1,6,20,1,1,8,5,19,11,12,1,1,1,13,1,1,10,1,1,46,4,1,13,1,4,14,1,15,13,10,1,14,1,4,2,1,1,1,17,1,23,1,1,15,1,1,1,15,20,1,15,10,4,1,27,1,10,1,14,1,1,1,4,7,16,15,1,1,1,23,9,1,15,33,1,18,1,15,14,12,1,7,1,1,11,1,15,1,3,10,1,1,12,14,16,8,11,1,1,15,1,1,16,13,3,13,9,1,12,13,3,10,7,1,1,1,11,1,1,1,12,1,14,1,15,19,1,1,12,17,1,1,7,4,21,10,20,12,8,1,19,13,1,30,1,7,1,12,82,3,16,11,1,1,12,23,16,12,14,17,11,1,15,7,1,1,12,1,10,9,1,1,1,7,14,1,1,1,16,1,1,1,1,10,8,11,1,10,1,1,12,13,25,1,12,1,10,3,1,1,1,14,1,1,15,5,16,1,10,1,10,12,1,12,13,9,7,1,2,1,13,2,1,1,16,13,7,11,1,1,13,14,1,1,8,15,12,1,28,1,1,6,5,1,21,1,1,1,1,17,13,12,15,14,1,11,1,1,1,1,110,11,13,1,1,1,4,1,18,15,2,12,1,5,18,1,1,15,1,1,15,1,14,7,11,1,13,1,9,12,1,1,14,10,5,19,1,1,1,20,11,1,1,1,1,10,12,1,9,8,9,1,9,1,1,5,1,1,1,1,1,12,14,1,8,1,25,1,13,1,13,1,1,5,4,1,1,1,1,1,17,16,26,14,1,17,7,14,1,11,56,7,1,17,1,14,14,1,1,706,1,1,17,1,14,12,1,9,1,19,1,1,1,11,1,10,1,1,1,9,9,1,13,8,18,10,25,8,8,1,1,5,1,1,1,1,13,18,1,12,10,20,3,1,1,11,1,1,1,13,4,1,1,9,1,21,1,12,1,16,35,10,16,7,1,45,2,13,11,8,27,1,1,8,1,1,1,1,11,1,1,13,1,1,18,29,1,1,112,10,9,7,1,4,8,10,25,1,1,42,14,1,13,16,1,102,13,5,10,7,1,14,7,9,14,1,1,11,15,14,11,15,13,1,1,10,8,1,8,1,13,16,6,1,1,7,1,15,17,1,5,12,1,14,13,30,8,1,14,1,1,1,16,1,1,1,1,9,20,1,1,15,12,19,1,11,8,15,16,1,1,11,18,14,7,14,2,10,4,11,16,1,5,6,15,6,1,1,11,1,11,1,19,12,9,15,1,11,1,1,21,2,13,11,11,1,13,1,1,91,1,1,9,1,14,1,1,1,1,18,1,1,1,17,17,1,15,1,1,2,17,2,1,1,1,20,15,1,5,1,1,10,1,7,13,15,1,11,1,18,15,12,16,15,11,1,1,1,1,17,1,1,1,1,10,1,1,1,14,1,1,1,1,1,1,1,10,1,1,1,1,7,1,35,1,14,14,10,9,1,4,1,1,1,1,1,5,1,17,1,11,1,11,1,1,1,1,16,14,8,1,1,1,1,1,15,10,1,1,1,12,1,6,11,13,9,8,8,11,1,1,1,1,1,14,16,16,1,5,8,1,17,1,1,1,16,13,9,1,1,6,1,9,1,8,1,7,14,1,10,12,18,1,7,1,1,22,101,1,28,1,4,10,1,14,1,1,13,13,8,8,1,1,17,1,1,1,11,20,1,1,1,14,1,1,19,36,18,7,2,14,12,1,1,5,17,1,1,14,1,10,1,1,21,2,13,1,1,8,1,1,8,1,1,1,1,10,1,2,5,13,1,1,1,27,1,12,1,18,15,1,12,1,22,1,8,21,1,1,18,18,1,4,1,1,1,1,18,8,1,1,6,14,1,7,16,1,2828,17,1,1,15,1,1,1,1,1,1,1,6,7,10,17,16,1,1,7,1,8,1,8,1,1,7,1,1,1,1,13,1,12,8,11,2,12,1,19,1,10,1,6,1,12,1,2,14,19,1,1,24,1,1,14,17,1,2,8,2,1,1,60,15,1,1,1,16,8,1,1,1,21,1,10,1,14,11,10,14,1,10,9,12,8,1,1,4,1,8,3,14,10,13,16,1,1,1,1,1,1,1,2,13,5,1,1,1,1,8,6,15,11,1,5,7,2,8,1,15,1,1,1,5,1,1,10,1,1,8,1,13,17,9,7,1,6,1,1,17,1,1,13,1,5,12,8,5,1,13,17,1,1,14,13,1,1,9,1,1,1,16,1,9,1,2,1,19,1,1,12,20,5,16,11,1,14,9,14,12,1,1,12,1,1,15,13,15,13,17,1,23,1,16,1,1,1,2,17,15,1,10,1,10,1,1,18,14,23,1,14,1,10,20,1,11,1,1,2,17,11,25,21,1,8,1,25,1,18,9,1,15,22,1,1,1,1,1,1,1,10,9,1,1,16,13,9,1,15,1,13,7,4,18,1,1,1,6,10,16,14,2,1,1,16,1,3,4,10,8,20,18,15,9,1,1,11,16,22,125,1,1,1,7,1,14,1,11,1,1,1,1,78,1,1,17,1,91,1,1,8,9,7,1,5,11,7,1,1,39,1,1,1,13,1,1,8,2,1,8,1,16,13,11,1,2,1,1,13,1,1,7,1,1,1,1,32,9,1,9,17,1,11,1,1,1,1,11,10,1,15,1,1,8,18,107,1,9,13,5,1,14,2,1,1,7,1,15,14,15,14,18,1,1,13,8,20,16,1,1,13,13,1,27,1,1,1,1,1,1,10,10,14,1,1,1,1,12,12,11,16,1,1,8,1,1,24,1,1,10,21,1,1,22,14,1,1,1,35,21,1,13,3,1,6,1,12,24,4,11,12,14,1,1,1,9,11,1,1,40,18,11,15,6,23,8,1,1,12,1,1,10,1,21,1,1,1,25,1,6,23,1,1,14,1,1,1,19,1,16,1,1,14,1,10,1,18,1,12,11,30,11,13,25,1,15,1,15,1,1,1,17,12,6,1,1,1,1,1,1,1,14,15,11,18,9,12,1,15,1,1,1,1,1,16,12,1,1,1,1,3,1,15,21,1,1,1,1,7,11,1,13,1,9,17,1,1,1,32,1,1,3,11,1,1,1,9,12,4,14,4,1,8,9,23,1,10,14,15,1,1,1,1,7,17,1,15,11,28,15,36,10,10,1,11,3,1,1,1,12,12,3,9,11,14,1,1,12,21,1,11,1,16,18,1,1,11,7,1,10,1,1,9,15,10,1,6,14,15,21,1,1,14,1,12,10,1,22,1,14,14,10,1,2,1,20,21,1,17,1,1,7,1,1,10,1,1,1,1,1,1,1,1,2,11,1,11,1,6,15,1,11,1,1,1,6,4,8,1,16,14,6,1,16,1,1,1,1,2,10,9,10,7,1,12,1,1,17,8,15,1,1,1,14,1,13,10,1,1,8,15,1,8,8,17,14,1,14,1,1,8,1,1,1,1,1,12,22,9,14,1,99,1,21,1,1,4,1,1,1,9,11,2,1,1,12,1,1,18,14,12,1,1,12,17,14,6,1,22,1,17,1,1,1,1,1,1,1,12,1,6,12,1,1,12,1,3,10,11,1,1,18,11,1,1,16,19,11,8,1,13,13,26,16,28,1,1,22,1,8,1,1,1,17,9,1,5,1,1,1,1,1,1,1,10,1,15,1,14,1,12,4,10,1,1,10,1,13,1,1,1,18,1,1,16,1,17,13,1,31,11,15,16,1,1,1,10,5,1,8,3,8,1,1,19,8,1,19,21,4,10,12,1,1,1,1,8,17,12,54,1,23,11,1,11,12,9,1,20,14,1,1,17,16,1,2,9,1,8,1,16,15,1,1,11,1,7,7,11,1,1,1,1,16,17,1,10,14,1,9,10,1,14,1,20,1,15,4,1,12,37,87,1,1,1,1,1,5,1,11,10,18,19,1,1,15,1,11,1,1,1,4,9,3,26,1,1,19,1,1,3,1,15,17,1,1,10,1,8,1,1,43,104,22,1,1,11,1,1,9,10,9,16,1,1,1,1,16,11,1,4,1,1,1,17,10,1,10,7,1,1,1,26,25,1,38,1,1,1,1,9,1,15,1,9,1,1,1,1,1,11,15,8,1,1,1,1,8,1,15,17,24,1,1,1,5,1,23,2,14,1,1,1,1,4,1,1,1,14,19,14,1,1,6,12,19,14,2,1,15,1,1,1,10,1,14,1,14,11,1,16,1,1,1,1,1,3,21,1,1,1,1,8,1,3,1,1,14,16,8,1,1,1,1,10,1,3,16,1,8,17,1,1,17,1,1,1,1,8,1,1,1,8,1,11,1,1,1,5,13,1,1,17,11,1,1,8,8,9,1,19,1,1,1,1,2,7,1,12,19,13,1,1,16,16,10,14,19,18,1,1,1,2,1,1,10,1,1,5,8,17,1,22,1,1,1,6,1,15,1,9,1,1,16,1,13,1,1,1,8,12,13,1,1,1,1,18,1,1,8,13,14,1,1,9,1,7,1,6,13,1,1,10,18,14,1,1,1,1,18,1,14,5,1,1,1,16,1,4,1,5,1,18,1,1,1,1,24,10,9,1,1,17,11,13,13,1,12,9,2,15,11,13,1,1,20,16,19,8,5,12,11,1,1,16,1,16,1,8,15,1,16,23,1,1,1,8,8,8,12,1,1,1,1,1,1,6,1,13,1,1,1,13,1,1,7,9,13,1,17,1,21,6,1,9,1,1,1,1,13,7,1,1,14,8,16,1,1,1,1,4,16,1,1,1,6,1,1,15,9,13,1,11,21,1,5,14,20,1,1,1,1,17,1,1,1,17,1,1,14,11,1,19,10,18,14,1,21,8,10,1,11,10,1,1,24,18,1,1,1,1,1,7,17,10,5,1,1,21,7,1,1,17,1,19,1,19,1,1,1,1,1,1,1,2,1,7,1,18,1,1,1,1,1,3,14,1,8,8,15,16,1,1,25,15,13,24,18,15,2,1,15,1,13,1,1,1,2,9,11,18,5,8,1,7,1,5,13,21,1,11,11,89,1,1,1,14,15,1,1,1,1,11,17,14,16,15,15,9,21,16,6,1,1,1,1,10,9,13,16,10,1,1,46,12,30,1,10,1,8,14,15,1,1,13,14,14,12,1,15,12,12,32,1,1,8,1,17,1,10,7,1,1,7,10,2,1,13,2,1,1,61,12,10,1,1,1,1,1,18,1,1,1,1,12,1,10,1,12,1,1,1,18,1,10,1,8,2,21,2,18,9,1,6,15,1,1,9,10,1,1,1,9,1,12,4,1,1,1,5,23,18,10,2,10,10,8,1,1,6,16,1,1,2,1,1,14,12,1,16,8,9,12,12,10,11,8,13,17,13,11,8,1,1,1,1,14,1,10,1,13,16,14,1,1,1,9,1,15,1,1,12,1,1,5,1,11,1,6,1,1,1,1,1,1,8,1,1,15,1,11,3,1,1,17,1,20,1,14,8,1,1,1,1,1,12,13,15,1,2,1,5,21,1,106,1,1,13,1,1,16,1,1,16,10,11,8,1,1,1,2,1,12,1,1,9,1,13,1,14,14,11,1,1,16,1,1,6,1,4,1,1049,1,8,19,1,16,12,1,1,1,1,7,12,22,10,1,14,1,14,1,19,14,41,1,9,1,12,1,24,1,1,9,1,1,10,12,1,1,15,19,28,1,1,13,7,1,1,11,12,1,10,1,5,12,1,1,9,19,4,1,10,1,13,1,278,1,1,5,1,6,1,15,1,9,1,1,13,1,1,16,17,22,13,12,1,6,14,13,63,12,1,3,15,1,9,16,9,18,1,11,2,1,1,1,1,1,10,15,1,13,1,14,1,1,1,1,48,6,1,1,1,8,21,13,10,13,1,1,1,15,10,16,9,11,1,8,1,1,15,20,1,1,5,1,10,1,6,15,12,1,1,9,1,17,5,1,15,1,1,1,1,1,1,11,1,1,1,1,15,1,20,4,1,1,1,12,1,15,11,1,10,1,1,1,1,1,19,1,5,11,1,1,1,13,12,1,406,1,1,1,1,8,7,1,11,1,1,8,22,1,1,1,8,10,1,14,12,2,1,12,25,1,15,1,13,1,1,1,1,10,16,17,1,16,2,23,1,14,1,1,11,7,1,9,1,16,1,13,1,1,1,18,73,1,1,1,10,19,11,11,10,14,8,6,14,16,13,16,14,9,11,9,1,1,1,11,1,14,7,1,12,1,13,14,1,1,6,13,1,7,20,1,1,8,1,17,16,9,1,1,10,1,25,10,13,1,1,12,2,1,12,15,14,27,15,1,1,12,17,11,8,1,10,16,2,1,6,1,1,1,17,1,1,1,7,1,1,7,1,1,10,21,13,9,22,12,17,15,1,1,1,1,1,8,10,11,1,1,14,20,1,8,15,1,1,1,2,2,25,11,1,7,1,4,17,17,1,4,11,1,2,1,2,10,13,16,13,16,7,1,1,1,1,1,10,1,1,1,1,1,1,1,1,8,1,16,1,1,2,1,1,6,1,12,8,17,1,115,1,17,10,10,1,13,1,13,1,3,9,1,1,1,19,14,16,15,1,1,1,11,13,10,10,1,17,13,1,3,1,1,23,14,9,1,1,15,1,1,11,1,2,1,1,11,1,9,17,11,11,1,20,1,14,15,1,18,2,1,22,5,11,1,1,21,1,1,12,12,1,9,1,13,17,3,2,1,20,8,13,27,12,7,15,1,13,9,1,1,18,1,9,11,1,26,1,5,1,15,8,1,6,1,7,1,15,14,1,11,1,10,1,6,1,1,1,1,10,7,1,1,7,21,14,2,1,1,1,8,1,3,8,9,14,1,1,10,1,18,1,1,4,11,1,9,1,12,1,15,189,12,1,16,2,1,1,6,1,1,1,12,14,34,1,12,1,5,1,1,1,15,11,1,1,11,1,16,13,16,1,15,1,8,17,1,8,14,1,1,13,1,12,5,1,8,17,14,1,10,3,15,9,18,1,1,1,8,1,17,1,1,13,14,12,15,4,20,1,1,11,13,1,1,1,8,27,13,17,1,1,15,13,1,1,1,14,17,1,16,1,20,10,1,1,21,1,1,2,15,1,16,1,22,1,18,6,1,11,1,1,1,22,1,15,1,22,1,18,12,1,1,6,7,14,1,1,1,13,11,11,1,16,1,17,1,16,1,16,1,12,18,1,1,1,10,1,15,16,13,1,11,1,1,1,1,20,14,1,1,19,1,16,10,1,20,12,11,17,1,1,13,1,1,12,1,22,9,1,17,1,7,17,7,13,1,1,16,1,10,14,1,1,19,16,5,6,1,16,17,1,13,1,1,14,1,11,1,19,1,10,15,15,1,11,15,3,42,1,16,1,7,1,1,19,21,1,3,15,1,1,13,15,13,11,11,11,19,1,16,11,1,15,4,1,13,1,1,1,1,1,1,16,10,1,1,1,4,9,1,8,3,13,1,1,1,13,1,8,1,1,13,12,1,1,18,9,8,1,16,2,1,18,1,13,1,1,3,9,15,1,1,16,7,8,15,10,10,11,15,10,1,1,1,14,1,11,2,1,13,18,19,1,1,1,19,12,14,8,6,1,8,14,1,1,12,6,1,15,9,12,14,2,3,104,14,12,2,1,1,1,10,12,16,1,1,14,2,1,17,1,12,1,6,1,13,8,8,11,1,1,9,1,28,14,16,8,1,13,1,12,9,15,2,1,21,12,1,1,12,5,9,1,12,2,1,8,1,14,1,15,1,1,1,1,18,19,2,12,1,1,1,1,4,1,2,1,5,1,3,14,13,7,11,45,9,1,17,2,10,1,17,20,14,8,1,1,1,3,5,1,6,18,12,1,1,1,10,18,1,1,1,1,3,1,19,2,1,1,12,9,1,1,19,21,15,16,12,18,5,1,8,1,1,9,25,9,10,1,8,1,13,7,1,14,17,6,19,1,1,3,2,1,1,17,1,1,10,1,1,85,14,19,1,1,2,21,30,1,10,1,1,1,1,1,1,16,1,10,13,1,6,1,1,1,1,9,1,11,13,10,2,10,1,19,11,18,1,1,16,8,1,13,18,1,1,1,1,1,1,6,1,2,1,1,11,1,1,3,1,1,10,1,1,1,28,1,12,1,10,5,1,5,5,7,1,1,6,1,10,1,1,1,12,1,16,6,1,1,1,15,12,2,1,27,15,1,4,1,1,6,1,1,59,1,1,11,1,9,1,15,1,12,1,1,1,18,2,2,1,1,10,1,12,10,16,12,14,1,5,1,1,12,2,1,1,8,14,1,1,18,8,1,1,11,16,1,15,1,1,16,17,1,17,59,1,1,1,21,1,9,9,12,14,10,15,18,1,6,1,10,1,1,37,26,16,15,13,14,1,1,91,1,26,1,27,13,13,1,1,15,9,1,13,1,14,1,1,1,1,1,1,20,13,16,1,9,1,9,1,17,1,1,8,1,12,1,1,1,11,14,17,1,1,1,12,1,1,9,1,12,1,16,1,48,7,1,11,1,1,9,22,19,6,1,8,1,18,1,8,1,8,9,1,11,3,8,1,1,1,1,11,6,17,14,14,1,6,9,1,9,1,1,30,28,1,17,20,10,1,1,10,8,18,1,21,10,32,9,15,1,1,1,1,10,20,4,11,1,9,11,1,6,1,1,1,1,1,1,16,1,1,1,1,1,1,7,1,15,10,14,1,15,10,1,1,1,1,17,8,3,14,6,1,1,1,10,22,14,17,14,1,2,10,14,1,1,2,1,1,1,1,9,2,11,1,1,13,1,7,10,24,1,1,16,1,13,1,73,1,1,3,16,1,21,1,14,1,8,1,1,1,1,22,4,1,9,1,10,2,1,14,16,1,24,1,15,1,18,7,1,12,1,7,24,1,1,6,1,1,1,16,1,17,2,18,15,71,1,5,13,14,26,4,1,1,5,1,1,7,14,19,1,1,1,1,17,1,1,1,23,1,1,18,1,1,1,10,1,1,1,11,1,3,7,1,1,1,11,10,1,2,1,1,13,14,4,12,9,12,1,17,12,61,2,2,16,1,1,4,1,1,1,10,13,1,12,914,7,14,17,1,1,18,12,9,12,10,28,1,1,1,1,9,1,1,11,2,24,3,16,1,16,18,1,12,20,1,1,73,9,1,1,10,10,1,11,13,14,1,11,123,1,1,16,1,1,14,7,1,1,1,14,15,12,1,1,1,1,14,17,30,23,13,46,1,1,1,14,1,12,1,1,1,1,1,1,2,9,3,12,6,1,18,2,6,24,15,12,7,20,1,1,11,1,3,1,13,90,12,13,10,20,1,1,1,12,14,7,1,1,11,1,9,1,13,6,1,1,12,6,22,19,1,1,1,1,2,1,1,1,16,1,1,1,10,1,1,12,1,1,17,15,2,4,14,1,1,5,1,10,1,1,1,1,8,1,19,1,81,1,15,1,17,9,1,19,18,60,14,14,1,1,1,10,15,1,12,1,1,1,16,1,15,12,29,16,11,14,1,10,1,1,7,1,1,1,1,20,7,7,9,17,228,8,1,1,15,33,8,9,20,17,12,10,1,1,2,8,13,12,14,3,1,13,1,1,2,1,1,1,13,1,1,16,14,9,13,5,1,1,1,1,1,13,1,1,15,1,13,1,1,1,1,6,1,15,1,13,1,1,1,19,16,1,20,8,1,8,1,10,7,1,1,11,15,3,1,1,11,17,22,15,1,1,1,1,10,1,14,12,16,1,16,1,1,8,1,1,16,1,9,1,1,11,1,16,12,1,16,9,1,5,13,12,1,1,2,15,11,11,1,19,8,27,1,11,1,1,1,1,1,3,12,9,11,1362,19,1,18,1,1,1,1,10,14,1,1,9,1,1,18,7,18,1,1,1,1,1,7,1,1,1,14,1,1,1,17,1,20,1,11,1,10,9,19,1,14,1,1,2,1,1,15,1,1,1,9,1,6,1,1,15,1,1,1,1,10,1,1,14,7,1,12,12,1,19,1,120,3,1,1,8,13,26,13,10,1,1,1,1,12,15,1,1,12,1,9,16,13,1,1,1,1,1,14,11,1,6,1,1,3,1,1,11,6,16,7,1,16,15,11,1,13,9,1,6,15,8,1,21,1,46,1,22,1,20,1,1,1,6,12,10,1,14,1,9,1,1,1,10,2,1,8,1,9,13,2,9,13,1,1,1,1,9,1,1,1,1,1,7,1,17,12,11,13,17,12,1,12,10,14,7,8,1,1,16,1,13,1,1,11,1,6,1,13,1,18,1,14,1,1,18,1,1,1,5,1,12,1,1,24,13,1,11,1,1,9,13,1,13,1,10,5,15,11,4,2,2,15,9,17,6,12,1,1,1,21,10,3,1,1,1,1,8,7,18,1,1,14,4,1,13,12,8,18,12,12,16,1,13,1,1,18,1,13,1,1,1,12,14,8,1,32,11,12,10,12,7,1,1,1,8,1,1,11,1,1,18,1,17,13,10,1,1,8,15,1,1,1,1,1,1,1,1,13,1,1,1,1,1,12,1,1,1,9,1,1,16,1,1,1,5,2,1,5,13,15,15,8,14,1,14,14,13,18,9,1,15,1,1,12,14,10,14,26,21,22,10,1,1,1,1,1,10,1,12,1,52,1,1,10,13,11,14,8,15,13,14,9,15,15,13,1,1,11,15,1,3,1,2,1,15,19,9,1,1,5,7,1,12,1,1,14,1,1,19,11,1,1,14,1,19,1,1,9,9,1,23,1,15,1,12,1,4,1,1,13,1,1,10,1,1,10,5,1,12,1,3,1,12,1,1,15,2,1,1,17,1,20,1,5,1,1,20,14,20,123,27,18,7,1,40,9,16,1,16,1,1,1,14,1,3,1,1,10,1,1,11,17,5,1,1,28,1,15,1,14,12,1,4,1,14,1,16,1,1,45,1,16,4,1,10,1,16,10,1,23,10,1,1,1,1,1,1,1,1,15,1,1,14,9,4,9,1,15,20,17,11,9,11,1,1,1,17,9,5,1,1,1,1,15,14,6,1,3,1,18,1,11,1,10,2,1,11,12,1,20,9,1,19,12,5,1,14,9,2,1,1,9,6,1,7,13,1,17,1,59,1,10,1,1,1,1,17,16,1,1,1,1,10,9,1,1,8,1,1,1,9,35,12,1,14,1,1,15,9,9,11,22,1,6,1,1,15,11,10,9,1,1,1,13,15,1,15,10,1,6,1,15,1,10,2,16,9,1,1,1,1,2,1,6,1,1,10,12,15,14,10,1,15,1,1,1,10,4,6,10,17,6,1,1,10,1,1,1,1,17,20,16,15,9,1,3,1,8,1,11,1,1,1,6,3,12,1,1,15,12,1,1,1,1,1,11,10,1,11,13,1,1,4,16,13,1,1,13,10,17,1,9,1,1,8,1,18,1,4,1,12,1,1,1,17,1,1,6,1,13,1,20,1,1,1,13,10,1,12,1,1,1,2,1,37,11,1,1,1,10,1,1,14,3,1,1,1,19,1,7,14,1,12,1,1,12,3,8,1,1,1,18,1,1,1,15,7,15,14,9,1,15,12,1,1,11,1,8,1,1,1,1,11,20,1,24,24,11,1,7,16,6,11,1,11,1,1,35,1,1,1,2,15,24,13,7,1,6,34,10,8,13,1,1,1,11,1,7,1,10,5,1,1,10,11,18,1,1,1,1,1,1,1,9,14,1,1,1,1,7,11,1,15,1,13,1,10,2,1,1,15,1,9,10,13,16,1,6,1,12,14,1,12,16,12,17,20,1,13,13,10,11,18,1,17,1,1,1,1,1,16,18,24,10,11,1,1,1,1,13,14,15,14,19,1,3,1,22,68,102,1,16,1,1,1,1,1,1,1,12,1,1,19,1,1,14,1,25,15,1,15,1,1,1,1,1,1,16,14,14,1,1,1,1,12,17,3,1,1,17,11,6,12,13,1,17,1,39,19,1,1,17,7,7,1,1,1,1,1,9,2,3,1,15,1,14,6,11,9,9,13,1,1,1,7,1,12,1,12,1,8,1,1,1,7,1,1,1,1,7,1,13,19,51,18,1,24,15,1,13,1,11,15,22,15,1,1,7,1,12,13,1,1,10,10,14,1,1,12,132,15,1,10,1,9,1,3,1,1,26,1,17,13,8,15,1,1,25,7,2,18,1,11,9,12,15,1,6,13,1,1,1,9,10,12,10,7,9,2,9,11,19,1,14,1,10,12,2,1,1,1,10,7,1,13,1,1,1,1,2,7,14,1,11,19,9,12,8,14,5,17,9,1,14,12,12,1,1,1,9,1,9,5,32,1,17,1,1,1,29,1,1,1,1,10,12,8,23,16,14,1,1,1,1,13,1,1,1,1,9,25,12,1,17,1,9,16,1,9,1,17,14,1,1,9,1,1,1,1,1,13,16,12,6,11,13,13,9,1,2,19,12,1,6,1,14,12,1,1,1,1,1,12,1,13,3,1,10,1,13,5,16,1,1,10,11,1,1,12,1,1,1,1,10,1,1,13,1,1,1,14,45,11,1,2,13,2,253,16,1,1,9,1,12,1,1,6,1,1,1,1,14,1,1,1,1,1,11,1,4,1,1,18,11,7,16,1,8,1,19,16,1,4,1,1,5,11,1,8,1,1,13,1,1,17,1,26,23,1,1,3,8,9,10,1,4,1,1,9,13,16,1,21,1,1,1,1,14,22,1,11,10,16,1,1,7,13,1,1,1,8,8,14,1,2,12,7,1,7,13,9,1,1,5,8,15,1,8,16,10,8,1,1,1,7,6,18,1,13,13,1,12,1,1,1,1,14,1,15,1,8,11,2,19,10,10,1,19,11,13,1,1,1,1,1,7,1,7,12,14,1,1,1,1,1,1,1,21,12,71,1,6,1,1,1,1,8,1,15,38,1,9,13,1,7,18,1,1,11,12,21,1,1,22,12,39,1,1,13,1,1,14,1,1,14,9,1,15,1,1,17,17,1,1,1,1,1,11,2,11,1,17,19,1,1,4,13,12,1,1,11,11,1,1,13,15,15,8,1,1,10,11,1,20,10,2,9,1,1,27,1,11,1,1,12,1,11,1,17,20,12,2,1,1,14,7,14,15,1,13,14,1,9,1,20,1,1,15,6,13,1,1,2,14,2,13,23,6,1,10,11,9,13,12,1,1,12,16,3,15,12,10,19,1,9,1,1,1,1,1,1,2,1,12,1,12,1,14,9,1,11,13,21,1,1,1,10,13,1,1,1,1,7,1,1,1,1,1,1,1,1,12,18,12,15,1,12,1,12,1,1,8,14,1,1,1,8,1,8,1,9,11,1,1,1,1,1,11,1,17,12,18,1,1,22,31,10,6,1,1,17,15,1,12,15,9,1,1,1,1,18,1,1,14,1,16,19,1,1,10,9,12,1,19,1,1,14,13,10,14,22,1,18,13,5,1,1,7,1,1,12,1,1,1,12,1,1,13,60,9,1,11,10,1,11,17,1,1,38,11,1,1,1,18,1,1,10,1,1,21,2,9,1,15,13,3,9,1,13,1,1,1,16,16,1,15,18,13,17,13,13,1,1,9,9,16,13,9,1,11,14,1,22,20,11,5,11,15,1,1,1,16,1,1,16,11,1,15,15,1,18,17,1,4,11,12,1,10,20,1,1,2,1,16,1,1,1,16,6,18,1,7,13,4,1,1,1,15,26,12,1,14,31,1,1,10,23,1,15,1,1,13,10,10,13,1,15,1,1,1,1,16,13,1,6,9,1,8,1,20,1,15,1,16,1,7,10,10,1,1,1,3,1,1,16,12,1,14,13,26,1,14,4,1,1,4,13,1,12,14,2,10,78,12,1,1,10,3,5,15,1,9,17,1,2,1,6,8,13,2,9,10,1,16,1,1,11,27,2,12,13,1,1,1,12,1,7,9,12,5,18,8,1,1,1,16,2,1,1,5,6,1,10,1,1,1,1,1,1,1,1,13,11,1,10,1,1,21,1,3,1,20,1,1,1,1,1,1,1,1,2,1,18,5,13,1,22,1,22,12,2,8,9,18,9,14,1,1,1,1,6,15,1,12,15,1,9,16,4,9,1,7,1,1,22,6,1,11,1,13,1,3,1,1,8,10,1,17,1,1,1,1,10,31,20,10,1,21,7,20,8,1,72,12,18,1,11,1,1,1,2,1,9,16,10,1,1,1,1,8,1,8,10,1,12,1,18,4,1,9,1,8,29,1,65,10,1,16,10,13,15,1,1,1,1,1,11,1,9,1,1,1,6,12,11,1,1,1,1,1,11,15,1,1,17,1,4,1,18,34,24,1,15,12,10,1,1,11,8,5,10,59,15,1,5,14,20,1,1,13,10,14,11,1,12,21,8,1,1,6,1,15,1,19,1,1,1,1,1,6,18,1,1,16,5,1,70,7,11,1,1,9,19,2,9,13,1,7,11,11,1,1,13,1,11,1,15,1,16,1,10,73,8,9,1,1,1,13,16,1,1,9,1,9,1,4,14,1,10,10,1,17,11,20,1,1,1,7,1,11,1,1,1,1,1,8,15,13,1,8,16,1,6,1,1,1,4,25,11,13,5,12,7,7,17,25,14,1,1,19,1,1,1,1,1,1,18,1,9,10,18,14,1,6,1,7,1,1,9,1,8,1,1,1,1,1,1,18,1,1,24,11,1,1,14,11,10,1,1,1,15,16,1,1,14,1,1,7,1,1,1,1,1,1,22,12,24,2,1,23,12,1,1,1,9,1,15,22,1,1,1,1,1,8,1,1,1,1,1,12,8,16,35,14,15,1,15,10,1,23,12,3,13,11,121,1,1,17,1,19,1,1,1,14,15,7,15,4,8,51,15,1,10,1,87,1,11,11,19,1,12,19,8,1,4,1,1,1,15,21,6,1,9,1,13,1,1,1,13,16,1,1,10,20,15,8,5,1,1,12,4,13,10,1,11,1,1,1,1,14,13,15,1,1,1,3,8,1,20,23,6,1,1,1,1,1,1,18,1,1,1,1,1,1,11,1,20,1,6,1,12,8,1,13,1,16,1,1,1,1,11,14,1,1,12,93,10,1,14,12,1,15,1,13,1,8,22,16,13,1,16,20,1,15,12,9,13,5,63,10,1,1,15,1,20,14,3,4,4,1,16,23,7,1,1,1,1,11,1,1,1,16,13,1,1,18,1,1,17,12,12,13,1,1,9,6,7,15,1,1,1,1,1,18,11,4,31,4,1,1,1,1,13,17,1,21,90,5,1,13,17,19,12,15,1,5,1,1,7,132,1,23,8,1,1,15,1,17,94,8,21,1,1,16,2,11,14,1,19,2,1,26,4,1,7,18,19,1,13,20,3,1,10,1,1,1,2,21,6,1,10,18,1,1,1,1,16,1,6,39,16,1,13,4,1,1,26,16,1,1,1,11,1,12,2,1,13,569,1,36,1,15,13,1,24,13,13,12,16,12,1,6,6,16,18,7,10,7,14,13,1,9,19,13,8,1,43,12,4,11,17,6,1,15,1,16,2,15,8,1,14,13,17,17,1,1,1,8,14,15,1,12,4,6,23,1,10,9,11,10,8,1,1,1,1,1,1,1,1,15,14,1,13,15,21,1,1,12,1,10,1,16,1,13,1,8,1,1,8,13,1,1,18,13,1,1,1,10,11,12,1,1,1,1,1,8,5,1,13,10,8,1,12,1,8,13,1,3,9,12,11,2,1,1,16,1,1,10,13,1,17,18,1,1,11,1,23,1,1,1,1,24,1,1,1,1,12,8,13,1,1,1,1,1,1,1,1,1,1,40,1,18,4,1,1,6,2,36,1,19,1,13,5,1,1,17,10,1,14,1,5,11,19,15,19,17,8,17,14,1,1,1,42,1,1,12,27,1,12,1,12,10,13,10,1,1,9,3,23,5,1,13,17,11,14,1,10,19,112,1,13,1,9,1,1,1,11,1,1,1,10,22,6,11,1,16,8,16,7,8,17,1,1,1,1,7,13,1,7,1,14,1,1,1,14,1,1,1,1,12,1,13,27,1,1,12,7,1,10,1,1,14,1,12,1,1,16,11,4,26,1,4,6,1,11,6,15,9,16,7,19,4,1,1,22,1,1,14,16,15,1,14,1,1,1,1,1,10,22,6,1,1,9,1,9,36,1,1,9,17,1,1,18,1,1,10,1,19,9,13,1,1,1417,15,1,4,1,1,14,1,1,13,12,10,8,1,5,18,1,18,18,1,1,1,1,16,1,13,17,1,1,1,15,14,1,1,1,7,1,1,2,1,5,12,14,13,1,6,7,1,23,7,1,1,16,1,14,1,1,12,8,1,18,9,13,15,8,14,17,18,1,1,9,1,1,1,1,1,14,1,1,11,1,14,1,1,10,11,1,17,1,1,2,13,13,1,1,21,1,1,16,16,23,1,1,1,2,1,1,30,8,1,1,1,1,1,1,1,11,1,2,3,10,1,5,1,1,1,12,1,5,6,17,2,1,16,7,1,10,1,21,1,9,14,1,13,9,8,1,5,1,84,1,14,11,4,21,1,1,1,11,1,8,1,2,1,3,12,12,3,1,1,15,2,1,12,16,14,11,8,21,12,1,23,10,1,1,26,1,9,1,7,19,7,1,16,26,19,1,1,13,12,10,19,19,27,1,17,1,14,10,1,32,3127,1,1,1,8,1,1,1,1,1,14,14,1,1,1,8,9,1,1,10,2,11,4,1,10,14,4,1,5,1,1,1,1,4,16,12,1,1,1,10,1,1,1,1,1,2,1,1,1,14,6,1,5,17,1,31,10,1,1,1,11,1,1,1,1,11,87,10,1,22,1,16,1,29,67,1,1,18,1,1,1,22,12,5,16,8,14,1,1,13,2,1,13,1,7,17,1,1,1,5,10,1,12,2,18,17,1,1,8,19,1,12,4,13,24,10,2,1,1,1,1,2,1,8,1,8,1,1,11,22,1,18,1,1,12,20,15,11,13,9,12,1,6,1,7,4,11,1,1,1,10,1,12,1,8,13,1,4,11,15,2,2,1,11,15,1,1,1,4,1,6,1,16,1,7,14,17,9,1,11,19,1,12,1,13,1,1,1,16,1,5,1,10,1,2,6,1,5,6,1,1,7,1,7,2,1,1,1,1,12,1,14,1,1,78,1,1,22,1,12,13,10,2,1,19,15,1,1,1,1,8,1,7,1,7,1,1,1,1,1,1,1,11,24,11,1,1,1,13,8,14,1,43,3,1,17,16,1,1,20,1,1,13,1,13,11,11,11,2,38,11,8,114,13,1,12,13,10,2,1,10,9,9,2,1,28,13,13,21,1,1,1,1,18,8,1,11,15,14,11,7,13,1,6,14,1,16,8,14,11,1,1,10,1,1,14,1,14,19,10,16,2,1,1,9,11,1,1,1,1,1,1,1,12,5,1,1,15,1,1,15,1,7,27,1,1,8,11,17,1,1,10,10,15,1,1,17,9,6,1,7,30,4,1,15,22,1,19,1,12,20,11,7,1,1,1,22,1,1,1,1,1,15,1,1,16,16,3,1,17,2,8,1,11,16,3,11,1,14,2,1,1,15,1,1,1,1,14,16,1,12,1,20,1,1,11,1,1,1,13,11,54,16,1,2,1,1,8,9,11,1,55,10,12,27,16,18,14,1,1,1,1,1,1,1,1,1,15,6,14,1,13,1,10,1,13,1,14,1,1,1,1,12,1,1,1,12,7,1,1,1,1,29,10,6,5,10,13,1,1,1,1,1,126,11,12,1,14,14,11,40,13,11,9,1,7,1,1,12,20,7,1,1,6,5,1,1,9,1,5,9,3,10,15,1,1,1,1,1,20,16,1,11,1,1,11,1,15,9,12,14,1,11,13,1,8,27,1,1,1,1,1,18,1,1,1,6,12,1,21,1,10,1,10,1,1,3,8,14,1,13,13,1,1,1,10,12,1,1,13,10,1,9,7,1,1,5,10,15,15,1,9,8,12,1,1,1,18,3,1,1,30,2,10,2,15,11,1,1,1,12,12,1,2,10,9,1,1,9,16,12,1,1,1,1,1,1,1,19,15,1,7,4,17,11,9,1,13,25,1,10,1,7,41,14,88,14,9,12,13,1,1,1,1,17,10,14,11,1,1,301,1,1,14,16,1,1,1,32,1,1,12,9,1,1,13,1,8,1,1,16,14,1,15,17,12,1,14,1,11,1,1,1,1,22,14,11,18,3,1,1,1,18,1,6,8,1,1,13,1,1,17,9,1,1,11,1,1,12,20,1,18,1,15,21,1,12,1,1,12,1,17,1,1,12,1,1,1,7,27,15,12,10,15,13,1,4,1,1,1,2,1,1,14,11,1,1,1,1,1,11,1,13,9,1,1,1,8,1,1,12,14,1,1,14,1,1,12,8,16,9,1,1,1,16,7,18,1,9,1,8,1,1,15,1,3,1,1,15,2,9,3,1,15,1,1,21,1,6,13,7,1,1,11,10,2,8,26,1,10,1,16,1,1,1,1,1,1,20,7,1,15,9,19,1,10,1,10,19,7,9,21,13,1,1,15,1,22,11,10,16,8,14,1,22,1,1,1,22,26,11,13,1,13,1,1,1,18,9,6,1,13,1,11,1,1,1,62,1,12,1,19,5,1,1,31,1,24,1,14,13,1,2,4,19,1,14,1,20,1,8,13,17,15,16,1,9,14,15,9,21,21,8,1,1,1,17,1,1,1,17,1,1,12,1,12,1,8,20,1,1,17,9,1,1,83,1,1,12,1,16,1,22,14,11,1,1,5,18,1,1,1,1,1,9,1,27,1,18,42,10,1,14,9,17,18,1,1,1,4,1,11,1,17,11,25,1,2,1,1,1,1,1,1,1,1,8,12,1,1,6,18,16,1,1,10,1,13,1,1,1,14,71,16,15,1,14,1,1,11,1,1,1,16,1,1,17,1,1,14,1,1,1,1,1,18,8,4,15,11,7,16,8,12,6,18,7,1,15,15,8,10,1,1,8,1,9,9,1,12,18,16,1,1,1,1,7,1,1,17,1,13,1,9,24,1,16,1,1,10,6,10,1,1,1,9,18,14,4,1,21,1,1,16,1,2,16,17,1,20,14,13,17,6,18,9,7,1,20,3,2,1,4,5,11,6,13,2,1,8,12,7,14,12,1,11,14,1,11,1,13,1,1,9,1,4,1,2,14,15,1,1,257,2,32,8,10,1,1,1,10,1,22,1,1,1,1,9,9,11,1,1,11,8,9,17,1,9,1,23,19,1,1,1,1,9,4,1,17,1,1,12,22,1,1,73,7,9,13,1,1,12,9,1,18,16,1,1,19,1,1,1,12,10,12,1,1,1,2,13,7,1,10,1,1,1,1401,1,13,20,27,3,11,1,11,1,1,1,17,8,1,10,8,1,2,6,14,17,1,1,17,1,71,9,1,1,1,17,1,1,7,17,1,1,17,1,6,1,1,1,1,15,1,1,1,1,5,12,2,7,16,14,1,10,11,1,1,1,17,1,14,6,11,1,15,16,4,1,16,10,10,12,17,1,13,1,7,1,12,12,1,1,1,1,1,9,13,1,6,14,1,7,1,1,1,8,12,16,11,21,14,1,11,8,1,25,19,5,14,10,1,22,17,13,12,1,1,9,1,6,1,1,1,1,3,11,12,10,5,25,13,18,13,1,11,10,1,1,1,12,12,11,1,1,18,17,12,19,1,16,21,15,19,1,19,1,1,11,12,1,13,10,12,1,19,20,1,1,1,10,2,1,1,1,1,17,21,1,1,1,1,1,14,10,18,10,1,15,19,6,16,10,9,9,1,11,1,1,1,1,1,1,1,1,17,2,1,1,1,10,1,6,1,17,9,11,20,7,18,11,1,5,1,1,11,12,15,8,10,10,1,14,3,1,1,1,1,2,1,9,10,11,11,8,8,1,18,1,12,1,1,4,1,12,1,1,1,1,10,1,1,1,10,1,13,1,4,1,9,1,13,1,12,9,12,6,14,12,10,1,18,1,1,13,84,1,7,1,21,1,1,1,5,17,14,1,1,9,1,1,1,13,2,1,1,4,1,9,7,1,83,1,1,16,10,1,1,1,1,6,1,11,35,15,1,10,4,23,1,1,21,13,11,15,1,1,1,6,1,17,6,15,1,12,18,1,1,1,31,12,12,10,11,1,7,145,1,1,1,1,36,1,30,12,12,1,1,30,1,1,12,15,27,17,1,1,1,1,13,3,19,1,1,12,1,17,14,15,1,9,9,1,14,23,1,1,1,10,12,132,9,1,1,1,1,9,1,1,10,16,1,1,22,1,10,19,1,1,1,7,23,1,8,20,15,16,1,1,4,1,3,2,11,16,11,1,19,14,1,14,11,18,1,1,2,1,1,1,14,17,8,27,8,10,15,10,11,18,1,8,1,1,1,1,13,1,7,12,12,2,1,9,1,13,1,1,1,1,1,1,12,18,15,1,1,18,2,22,1,16,1,1,1,9,1,1,1,1,1,1,1,1,1,1,16,1,15,1,1,13,2,14,2,1,11,1,11,2,1,1,1,51,1,14,1,8,13,1,15,18,10,1,11,1,9,22,6,1,1,10,14,2,14,11,1,9,15,1,11,6,9,114,16,1,16,21,4,1,1,1,1,9,17,1,1,1,1,23,19,17,1,1,1,6,20,1,20,1,1,1,10,10,18,11,9,1,1,1,32,12,1,18,1,1,1,18,1,1,1,14,14,1,1,12,8,1,8,1,12,17,9,1,1,10,1,1,19,1,1,12,10,29,1,1,12,9,11,17,1,1,1,1,15,14,1,2,118,16,11,1,10,8,1,1,3,8,14,21,1,1,1,1,13,2,10,11,1,5,20,1,1,1,18,14,1,15,51,1,1,1,1,31,1,17,12,19,8,1,14,1,12,8,1,1,23,1,9,1,14,10,4,1,24,24,1,1,7,9,15,16,1,1,1,1,15,9,1,27,10,11,18,11,24,1,1,9,23,17,11,1,22,14,24,1,32,21,1,1,1,14,5,10,6,10,1,1,10,1,5,7,15,1,18,10,1,1,2,1,1,1,1,1,1,1,1,14,49,14,4,1,18,17,13,1,15,9,19,1,1,11,1,22,21,1,14,1,1,4,1,1,1,1,9,9,14,2,11,1,12,8,1,1,1,12,1,1,1,1,1,1,1,16,8,10,1,25,22,1,1,1,7,14,1,1,6,8,11,1,4,1,13,2,29,9,22,18,17,1,8,15,9,16,1,1,11,1,17,17,17,5,1,1,1,1,1,1,1,1,1,1,15,11,1,12,1,1,1,13,1,16,14,1,1,12,15,7,13,21,13,1,13,1,14,2,1,1,10,1,13,19,1,1,8,9,9,20,1,13,1,1,1,1,18,13,1,1,20,1,7,19,1,11,1,11,14,1,4,43,24,1,9,1,1,10,1,1,19,1,2,1,14,11,9,12,16,19,1,1,67,1,5,14,11,1,12,1,1,20,15,1,18,1,1,1,16,1,1,1,5,11,6,14,1,1,1,7,13,3,18,14,1,1,2,21,6,12,1,11,2,9,12,1,1,15,4,1,1,16,1,7,22,1,4,11,1,16,1,16,2,1,1,16,10,15,10,13,1,1,1,23,1,18,1,13,1,1,17,1,12,9,10,1,19,15,1,1,1,22,24,24,15,1,1,1,1,1,26,6,2,2,4,1,1,1,1,17,15,1,11,9,5,1,1,11,1,1,11,9,1,1,10,1,1,1,1,9,1,1,1,1,1,2,1,1,1,1,15,1,1,1,1,1,1,19,1,1,1,5,1,1,13,1,1,1,11,1,1,13,1,19,1,1,1,20,1,2,12,1,19,1,1,1,25,10,10,1,11,15,6,3,16,1,17,21,1,1,6,1,1,1,16,13,10,23,14,1,1,3,1,9,17,1,9,11,17,15,2,14,1,13,1,1,18,10,21,7,21,13,1,1,1,1,1,1,1,15,18,14,22,3,1,64,1,12,1,1,16,211,13,12,1,1,1,1,15,9,1,13,1,12,14,15,12,1,15,26,1,15,34,10,17,13,1,2,1,16,1,14,21,143,1,1,10,11,14,10,1,1,1,8,20,9,1,15,13,17,1,1,2593,1,13,1,11,1,7,1,1,3,11,5,3,1,8,11,1,1,1,1,12,1,8,1,1,1,1,12,12,23,1,3,1,1,14,1,1,1,21,16,6,1,18,1,1,1,9,1,5,1,6,1,1,12,1,15,15,13,1,1,2,14,20,1,1,1,1,4,1,1,14,1,1,1,1,1,1,14,16,1,12,14,1,1,1,13,1,1,10,12,1,1,1,10,1,1,1,7,13,9,18,18,15,1,1,1,1,18,1,16,1,1,2,1,7,19,2,7,1,7,18,9,13,1,1,1,670,12,18,16,1,16,16,17,1,9,3,2,1,6,1,19,9,18,10,6,12,1,9,1,1,6,1,11,11,16,1,1,1,1,1,1,13,1,16,8,1,14,1,11,1,14,1,1,1,1,1,1,15,4,11,1,1,1,8,1,1,1,21,1,10,3,15,3,21,1,10,12,7,1,16,20,2,9,17,1,2,1,14,11,13,1,1,1,1,21,1,1,23,1,20,9,20,1,6,1,1,1,1,17,21,12,1,9,1,14,1,12,24,1,8,10,1,10,1,8,29,27,1,1,1,2,11,15,16,1,1,1,14,1,1,9,1,1,1,6,14,11,1,14,1,1,23,1,13,1,14,15,3,14,2,11,26,1,1,16,1,1,10,1,1,14,10,16,6,13,11,1,1,17,16,1,1,1,1,1,1,1,18,1,1,1,1,1,9,1,9,10,1,1,14,1,16,1,5,8,1,1,1,1,1,1,1,4,1,1,1,1,19,11,22,13,16,17,1,1,1,36,1,1,1,66,1,17,14,1,16,21,17,16,1,1,11,1,15,13,5,13,1,1,1,1,1,12,14,7,1,1,1,17,20,1,22,1,7,1,14,7,14,17,1,1,8,1,10,1,1,1,1,1,2,1,1,37,1,28,1,9,1,1,1,1,1,1,15,17,11,1,1,13,10,8,1,10,30,1,10,18,1,12,1,6,1,13,14,2,1,1,1,15,13,18,1,8,1,1,1,1,13,1,1,1,1,20,10,12,1,14,8,13,28,1,1,11,37,1,1,17,16,8,25,1,20,16,12,12,1,1,8,1,10,1,1,1,14,9,1,1,1,10,1,16,14,1,10,1,23,11,1,12,1,1,2,16,1,1,15,1,1,1,6,20,1,5,1,18,6,12,2,13,13,54,1,11,11,1,1,1,13,16,15,1,1,1,2,18,17,1,1,8,1,61,13,22,15,1,7,19,1,1,6,1,1,1,14,1,1,1,1,1,1,19,27,1,8,1,1,35,1,1,20,1,1,8,1,1,1,9,1,11,1,21,1,7,13,8,11,1,31,10,1,12,1,15,9,6,41,5,2,3,11,1,9,1,1,1,1,2,1,1,13,1,14,13,1,9,20,14,4,3,28,1,16,95,19,19,1,14,1,1,14,19,9,7,8,13,4,2,11,1,1,7,5,12,1,9,11,11,3,10,1,13,20,19,1,14,6,1,11,14,1,9,1,12,4,1,1,1,1,14,1,18,1,13,1,15,18,1,3,18,9,3,9,15,1,7,14,3,11,1,1,19,11,14,8,1,1,1,6,5,1,13,2,7,34,11,5,12,12,1,1,3,16,12,1,1,12,1,10,1,13,1,8,12,21,10,1,12,13,1,18,1,13,10,1,12,11,1,14,1,11,1,1,1,1,1,2,17,12,6,16,13,29,14,27,15,2,2,1,20,1,1,1,9,1,1,1,15,1,1,18,17,1,2,10,1,5,16,1,11,12,10,1,11,22,2,1,1,14,1,10,12,1,1,1,1,1,1,2,17,1,1,50,14,1,1,1,1,28,15,1,15,1,16,1,1,1,1,6,1,24,1,1,18,1,1,1,1,1,1,1,10,1,13,1,13,14,17,2,1,2,1,1,12,12,9,15,16,18,16,9,1,17,15,9,1,1,12,1,1,1,12,13,1,14,18,10,14,2,11,26,1,1,15,1,1,1,1,13,23,1,1,1,8,12,17,1,18,2,1,6,1,5,18,1,5,1,11,17,7,1,1,14,5,1,3,16,1,1,1,1,1,13,1,10,1,1,1,12,1,15,1,1,1,2,1,1,1,8,14,10,1,16,18,10,1,1,1,1,1,1,15,1,2,1,1,1,1,1,10,1,6,29,16,12,80,1,7,1,3,9,17,6,10,16,10,20,1,11,1,10,2,14,1,15,4,18,1,8,1,1,1,1,1,21,20,6,9,2,16,1,21,1,10,1,1,1,1,1,11,1,15,1,6,11,1,16,12,18,15,20,13,11,1,1,1,1,47,14,1,4,7,1,1,14,48,31,18,3,1,16,12,20,14,10,1,15,1,1,1,1,14,3,16,1,1,9,1,4,10,1,1,14,1,13,1,10,14,1,10,12,1,1,13,1,14,7,1,1,13,18,16,12,1,9,82,15,8,1,11,4,1,14,23,15,1,1,1,11,10,14,1,1,18,1,1,13,1,1,20,15,1,69,14,1,1,1,13,1,1,1,1,14,11,1,1,1,10,29,1,1,16,1,13,1,9,29,7,10,16,15,7,1,1,17,1,21,1,8,1,14,21,2,7,1,24,10,1,1,1,6,1,11,7,13,19,27,11,1,9,1,12,1,23,14,1,14,1,13,1,11,1,20,14,11,9,1,1,1,1,12,1,1,1,17,6,18,1,8,1,16,1,13,1,3,1,6,3,1,1,13,1,13,31,1,1,1,12,1,1,2,12,24,15,5,1,1,1,1,1,8,14,1,6,12,1,1,3,12,9,16,7,12,9,16,2,6,12,32,23,14,1,1,3,1,2,12,19,11,1,12,1,7,12,12,12,14,1,13,11,13,10,1,16,13,1,7,20,12,9,1,1,7,1,1,12,17,1,1,12,27,74,1,5,9,1,16,14,18,21,8,19,15,1,1,16,1,1,9,1,1,1,15,1,1,9,1,12,1,1,15,22,66,49,1,1,1,1,1,1,1,1,1,14,1,1,13,4,1,1,10,1,12,11,2,1,1,1,11,7,1,14,19,1,7,1,1,1,9,4,1,12,1,10,1,1,9,2,14,2,1,8,5,1,1,1,12,1,11,1,1,1,18,13,1,10,16,8,1,8,1,1,1,1,1,1,7,11,3,10,1,2,17,1,1,20,1,13,1,5,19,1,1,9,8,7,118,18,1,1,12,3,235,23,1,1,7,9,8,5,1,1,1,8,4,5,1,15,1,38,15,1,13,1,13,10,1,11,1,14,1,1,12,1,6,1,10,1,1,9,1,1,1,36,1,12,1,1,1,19,1,9,12,1,16,7,17,8,10,3,10,13,7,10,1,1,14,6,1,13,1,1,1,6,5,1,4,9,1,1,4,20,1,13,1,1,13,13,1,1,30,13,1,9,19,17,8,1,7,1,12,9,2,1,1,15,2,12,1,10,9,1,20,13,11,1,26,14,1,17,1,1,1,1,1,8,14,1,15,11,1,1,8,1,11,17,1,13,19,1,1,1,1,11,22,1,8,5,16,16,1,18,6,12,12,13,1,1,1,1,1,14,8,11,1,14,2,2,19,6,1,17,15,11,8,13,4,1,15,8,26,1,1,30,13,1,18,1,9,1,10,14,18,1,10,13,11,10,14,1,1,8,7,9,1,1,20,6,7,1,18,1,13,14,10,1,1,12,10,12,2,18,4,9,1,17,2,1,1,17,4,1,1,10,1,1,1,11,12,1,1,1,1,14,1,4,1,1,1,1,1,33,17,1,19,47,2,246,11,10,1,14,2,19,1,10,1,1,1,1,1,7,10,1,13,1,1,1,1,1,16,13,1,14,11,5,1,1,1,1,14,10,1,1,1,5,10,1,1,1,13,10,1,17,11,1,1,1,11,1,15,14,1,1,14,5,11,3,1,2,1,17,13,12,25,1,1,3,1,2,1,1,1,18,1,1,1,1,11,14,10,11,17,11,22,5,16,1,9,1,1,1,5,1,1,16,1,15,1,10,13,34,7,1,1,18,18,1,1,1,1,1,3,27,13,7,14,1,1,1,12,17,7,8,1,15,1,2,1,1,1,13,1,1,2,1,3,1,1,15,1,11,12,9,1,1,11,13,1,2,18,12,4,1,1,1,1,1,12,12,1,13,13,7,1,7,1,1,22,6,1,1,1,9,1,17,13,1,3,1,1,1,14,5,1,1,16,10,14,1,14,1,9,1,1,1,13,12,17,15,1,19,6,1,8,11,10,1,17,1,1,11,1,8,1,30,1,18,12,1,1,13,1,1,4,1,1,1,1,1,1,11,3,28,18,1,1,1,1,1,1,1,11,4,1,11,92,1,1,1,1,2,1,1,18,1,1,1,1,5,17,1,6,22,10,1,19,1,12,1,1,1,1,12,1,13,1,20,1,1,1,16,1,1,2,12,1,6,1,7,19,8,8,1,1,11,1,14,1,1,18,1,1,15,1,1,1,17,11,14,7,1,1,1,1,8,6,15,1,9,11,12,1,22,1,8,1,13,1,1,8,10,17,1,13,14,1,1,1,8,1,19,9,7,12,1,4,1,15,1,23,11,12,1,1,41,14,1,26,10,19,1,1,1,16,1,12,1,1,1,14,1,1,1,16,19,11,1,1,1,1,1,1,1,1,8,9,10,6,1,1,1,17,1,1,5,1,8,1,1,1,1,5,1,4,8,1,1,1,1,22,1,1,15,1,13,1,10,1,12,1,1,1,1,12,14,15,1,2,1,8,25,17,1,1,3,14,6,1,18,8,14,9,1,14,8,1,11,1,11,1,18,14,1,5,16,14,1,1,3,1,15,10,1,1,13,7,1,1,14,9,1,1,1,10,1,1,1,1,1,1,1,12,1,1,15,1,12,5,15,11,1,14,6,5,13,16,1,14,1,1,1,1,1,1,24,13,14,14,23,13,1,18,1,14,1,1,11,18,1,6,17,18,9,12,1,1,10,18,15,1,13,2,11,1,1,1,1,1,1,4,11,15,1,19,1,1,5,11,1,20,1,1,1,1,20,1,1,7,8,2,1,1,1,4,17,1,28,1,1,1,1,6,1,9,1,11,23,1,1,1,9,1,1,4,1,1,10,1,3,1,1,8,11,9,36,14,1,1,1,12,1,1,1,1,17,7,1,18,1,13,1,9,8,1,7,11,26,17,16,20,1,13,1,1,13,1,1,8,10,15,7,1,10,74,1,14,1,1,4,1,14,1,1,11,1,1,1,12,1,84,8,16,2,1,2,28,1,13,12,1,4,11,13,14,10,16,13,12,11,1,16,1,1,1,10,1,1,7,1,8,19,1,5,15,16,1,1,11,1,18,1,1,25,1,25,11,21,1,1,1,1,14,13,1,1,1,1,1,2,9,1,1,1,1,8,8,1,1,10,14,13,1,13,3,1,14,1,1,1,1,1,8,10,1,1,1,1,1,1,18,1,1,14,10,1,32,15,1,2,1,1,9,7,32,13,1,1,16,1,1,1,1,1,5,8,1,20,1,1,12,1,8,1,1,10,10,1,11,13,1,1,15,9,1,1,9,15,17,9,1,8,1,1,1,1,1,12,7,1,1,1,13,1,5,23,1,2,15,3,1,4,29,16,10,30,1,1,1,1,1,16,1,1,5,1,1,14,1,13,1,1,16,1,1,1,1,34,1,1,11,11,6,1,21,1,1,1,1,134,1,19,14,14,1,1,1,1,1,13,1,1,7,14,1,1,1,1,1,1,11,1,13,1,1,40,1,1,1,1,14,1,9,1,28,10,1,6,8,1,12,1,4,1,17,12,10,2,1,23,12,1,1,15,1,1,1,14,1,1,11,1,1,12,1,1,6,9,13,7,18,1,13,1,1,3,1,13,16,12,1,1,1,17,7,1,8,17,1,1,1,1,1,1,1,18,20,1,1,11,13,10,1,12,21,13,16,1,23,15,32,11,10,1,5,1,1,1,1,21,2,10,8,5,14,15,14,6,58,10,18,17,1,14,1,3,52,1,1,1,1,1,1,1,1,50,8,1,13,16,16,2,17,1,3,1,11,12,1271,23,15,1,34,9,12,1,5,10,15,1,1,14,1,1,12,15,1,11,14,1,1,1,1,1,14,1,1,7,1,7,1,1,5,1,9,4,4,12,18,2,1,21,10,1,1,13,12,12,14,9,1,24,9,1,1,1,16,1,1,6,1,17,1,12,17,1,1,1,17,10,22,1,8,16,5,1,1,1,9,16,1,13,13,8,6,10,21,1,14,7,10,2,1,22,1,23,1,13,1,1,8,19,12,12,4,9,1,1,1,1,1,1,1,1,1,3,29,1,16,1,12,1,1,12,1,1,5,1,12,10,1,1,1,27,12,1,29,25,8,24,10,16,1,1,1,1,18,8,1,10,1,12,9,1,13,1,13,1,3,1,29,12,1,1,1,1,1,1,9,1,1,1,8,10,1,5,1,1,14,21,10,1,14,2,1,1,13,1,17,12,2,8,5,5,1,8,1,1,11,10,1,1,13,18,1,1,9,1,1,10,1,13,1,9,11,1,1,7,6,1,18,13,1,1,10,9,1,15,1,9,13,1,1,1,1,6,1,1,1,5,6,1,17,12,1,1,1,12,15,9,18,9,22,1,4,26,4,20,1,1,10,1,15,9,1,1,1,1,16,14,14,1,8,1,1,1,14,1,11,1,1,5,16,1,1,1,10,1,1,1,1,1,12,16,20,1,1,2,1,15,10,107,1,14,1,3,1,1,2,1,10,1,14,16,1,12,16,1,1,1,12,1,12,1,1,18,1,1,1,3,3,1,81,9,16,6,1,1,1,2,14,1,14,11,2,8,1,15,1,15,1,14,11,13,1,10,1,1,17,1,1,9,1,26,1,1,7,1,7,1,1,17,1,21,1,123,16,1,15,1,6,18,17,13,1,7,10,1,1,21,1,1,2,37,1,18,1,1,5,14,13,1,1,5,1,2,1,1,3,1,1,1,17,20,12,37,20,2,12,1,14,1,16,9,13,1,8,13,1,1,12,8,5,1,1,1,18,15,1,10,14,14,3,1,1,11,9,6,2,19,1,1,1,12,10,1,17,8,1,16,1,1,11,12,1,1,2,9,9,1,23,1,1,1,109,1,1,1,1,14,1,1,15,12,1,1,1,14,12,1,1,12,1,9,13,17,10,13,1,17,8,1,1,7,16,1,1,7,4,1,15,11,1,1,11,1,9,1,16,9,18,13,1,19,1,1,1,13,21,1,10,2,1,1,1,1,13,13,11,1,12,10,7,1,1,1,1,1,18,1,20,19,1,1,124,1,1,11,1,1,1,1,1,1,1,1,12,219,1,14,11,30,1,3,6,11,15,1,16,1,10,1,9,8,1,1,13,17,1,1,1,1,1,1,1,1,1,1,6,17,22,1,1,10,18,3,9,1,8,15,1,1,1,1,1,1,1,1,1,9,1,1,18,14,16,2,17,18,1,16,1,50,15,1,1,17,13,13,1,1,1,49,17,1,19,10,21,1,12,10,18,13,1,5,1,1,1,9,5,1,21,15,20,18,12,76,1,1,14,16,1,3,5,1,1,85,1,14,8,42,1,1,8,25,1,1,1,2,1,3,1,18,15,10,1,1,13,1,1,1,1,11,1,1,1,1,7,14,1,8,19,17,1,1,1,22,1,1,30,1,8,1,13,1,1,15,12,1,1,15,1,12,1,18,12,14,1,6,20,1,1,15,13,1,1,1,10,10,1,8,15,1,1,1,1,2,1,17,11,69,6,4,1,1,12,14,1,11,1,1,13,13,1,11,1,7,1,9,17,21,12,9,1,1,9,15,13,12,1,1,1,1,1,13,1,1,1,14,17,1,19,1,30,1,11,9,2,14,12,7,1,12,16,14,13,28,3,1,1,12,7,1,8,1,1,1,10,10,1,18,10,10,1,1,1,1,1,10,23,1,1,1,30,1,1,1,1,2,1,14,14,15,2,1,15,3,18,12,2,1,14,1,2,9,11,18,1,1,1,5,1,1,1,11,11,1,10,1,1,1,6,1,10,1,12,1,14,1,18,7,16,1,1,13,1,1,15,12,21,1,1,1,1,22,15,1,4,1,5,1,1,2,1,1,1,1,3,1,5,7,1,55,1,1,1,16,7,10,3,1,11,1,10,8,27,1,2,19,6,1,3,1,1,16,13,1,2,1,1,21,1,12,1,10,1,18,1,17,18,1,23,1,1,3448,9,1,2,1,44,1,1,1,37,10,15,1,9,3,1,17,1,12,12,1,16,1,9,3,1,5,4,8,22,8,1,14,9,1,1,23,1,1,23,1,8,1,1,11,1,20,1,1,10,5,1,12,11,2,1,8,1,7,6,3,10,1,5,9,10,9,1,1,15,2,1,1,7,10,1,14,21,2,1,6,28,11,1,1,11,3,1,12,1,2,1,1,1,1,10,1,1,1,1,1,13,11,4,1,17,1,1,1,13,1,9,17,10,1,11,1,19,10,13,78,24,21,7,1,17,7,12,1,1,26,1,17,1,11,14,10,1,1,1,1,1,9,12,1,15,10,1,1,1,1,16,13,1,12,1,1,1,1,10,1,1,9,1,10,1,1,14,15,1,1,1,1,15,1,1,1,16,10,1,9,18,7,19,1,1,1,7,9,1,11,1,1,1,34,19,1,6,1,1,17,10,13,30,15,1,1,14,9,1,18,1,1,1,3,17,18,18,8,1,1,1,14,15,1,1,13,9,1,8,11,15,11,1,1,1,1,1,9,1,10,1,1,11,2,1,1,27,11,13,13,11,1,20,1,1,1,11,1,8,16,3,10,1,1,1,10,10,1,1,1,11,1,1,1,1,4,1,1,1,1,13,1,10,21,1,1,12,11,1,9,16,1,1,8,1,1,1,1,8,1,24,24,1,16,1,5,7,17,3,1,1,1,12,23,10,1,1,1,14,1,13,9,1,10,6,10,10,1,1,1,19,14,10,10,1,1,1,18,6,1,21,1,1,14,1,1,17,1,17,11,4,1,15,7,18,11,10,14,16,13,1,1,1,1,3,1,20,1,7,1,13,11,1,1,1,12,10,14,14,4,1,1,1,27,1,3,9,17,19,3,1,1,11,1,1,1,1,15,2,1,1,1,1,1,1,15,1,22,1,1,10,6,10,1,1,9,8,2,10,1,1,2,16,1,1,7,1,1,1,10,18,1,1,22,1,16,1,20,14,12,1,1,1,21,1,1,1,9,7,1,1,11,1,1,1,1,14,17,1,1,2,1,1,8,11,9,6,10,1,1,1,1,11,1,13,1,1,1,3,1,1,15,1,1,1,13,1,1,5,1,17,10,16,22,11,1,1,12,5,12,11,1,1,1,1,1,1,9,1,1,1,8,13,14,1,1,1,1,1,8,1,14,1,1,4,1,8,19,1,18,1,9,1,1,1,1,1,12,1,1,12,8,8,15,85,19,1,10,1,1,1,2,1,1,11,1,1,8,1,1,1,1,12,1,13,1,2,1,1,1,10,1,9,13,1,1,11,1,1,1,12,1,1,35,1,18,13,14,1,1,6,1,10,1,11,32,11,1,1,13,17,2,11,1,1,1,1,1,1,2,1,1,16,11,10,9,8,6,1,71,25,1,1,1,14,17,1,18,1,1,10,1,1,1,1,1,16,15,24,1,1,11,1,22,1,1,1,13,1,31,1,19,10,27,14,1,1,13,5,11,1,15,20,1,20,10,1,13,1,9,1,1,1,1,1,14,16,20,1,1,9,4,1,15,1,1,1,1,1,10,1,8,1,5,5,1,1,1,7,1,17,10,9,13,13,7,11,28,12,1,8,12,1,1,10,8,1,1,1,15,1,1,10,19,1,1,1,1,1,5,1,16,12,1,4,13,4,1,1,1,1,1,13,19,11,6,9,1,13,11,1,1,18,1,8,1,2,1,1,13,9,18,11,18,12,1,1,8,1,1,12,7,1,13,7,11,1,1,1,3,17,1,16,16,1,9,7,1,1,1,6,1,13,17,1,1,8,11,1,14,11,3,1,11,22,6,1,4,2,1,9,9,1,1,13,10,1,1,1,1,7,7,1,9,1,15,9,1,78,6,10,1,1,9,1,13,15,1,1,1,2,1,1,23,1,1,1,9,1,1,1,14,14,11,1,1,13,1,1,1,1,1,1,25,1,19,13,12,1,2,21,18,1,1,1,1,9,2,16,1,1,1,12,17,14,9,1,1,10,1,1,11,1,1,8,18,9,13,1,1,14,12,1,11,1,36,1,11,18,22,1,14,1,27,1,1,1,1,6,8,1,1,13,16,6,1,17,12,1,13,10,1,10,9,1,1,1,9,1,1,2,1,15,9,1,1,16,44,10,9,1,17,1,12,10,63,12,10,8,3,1,10,6,1,1,1,1,2,8,1,1,3,13,4,1,13,13,1,1,10,84,1,1,1,1,10,1,1,11,1,18,7,11,1,1,1,18,10,13,1,7,27,2,12,1,1,1,10,10,4,1,18,9,1,1,8,1,11,1,1,1,1,1,1,9,1,62,12,1,1,1,1,1,1,1,1,11,7,10,1,8,1,1,11,7,3,1,4,17,1,1,1,12,10,13,1,12,1,45,1,1,14,5,13,18,19,22,12,8,13,12,13,1,15,9,1,14,1,1,15,12,19,4,1,11,16,1,17,1,14,10,1,1,10,1,9,1,1,7,35,11,1,13,1,18,20,1,1,15,1,1,1,11,13,1,1,13,1,1,7,1,2,2,1,10,1,15,18,1,1,11,11,17,1,1,7,8,6,68,1,2,1,13,16,1,4,12,1,4,12,10,2,1,23,1,8,1,1,1,14,12,1,10,1,1,17,12,1,1,13,1,1,11,1,1,1,1,8,10,6,10,26,1,14,1,12,1,1,10,15,14,1,1,1,1,1,10,7,1,1,15,1,12,1,1,1,1,12,1,1,14,16,1,9,9,17,11,1,15,9,1,17,1,1,11,21,1,21,1,7,1,18,1,1,17,4,9,13,4,12,1,1,6,1,1,18,15,15,1,1,8,18,1,2,1,1,17,1,1,1,7,9,16,1,3,18,2,1,10,10,1,7,1,7,1,20,1,1,6,1,1,14,1,13,13,6,1,1,17,6,1,1,1,2,4,5,1,1,6,14,1,11,1,6,10,1,9,1,1,6,12,1,5,1,14,18,1,1,10,18,11,10,1,13,19,1,4,1,13,13,12,13,1,9,6,15,13,13,16,7,1,15,13,9,10,13,18,12,1,14,16,119,64,1,1,18,8,6,1,16,9,11,1,1,1,8,15,12,59,23,1,1,8,1,1,6,11,1,1,1,10,6,11,5,1,1,14,10,14,17,16,17,9,12,6,1,1,1,1,13,3,1,1,11,1,9,9,1,14,1,8,1,19,8,1,4,1,1,16,1,12,14,1,1,20,1,1,1,64,9,20,1,14,1,14,1,1,9,1,15,11,1,1,14,1,1,1,8,1,9,1,1,1,1,9,1,1,1,6,1,1,1,1,1,7,8,1,1,1,1,14,18,14,1,2,1,3,13,11,1,1,1,9,13,8,15,1,1,1,19,62,1,9,17,1,11,39,11,10,1,16,7,6,12,3,1,18,6,12,8,11,1,1,3,12,1,12,1,1,1,1,6,12,9,1,1,8,8,1,7,1,9,1,1,14,13,1,1,1,1,6,1,1,13,1,1,1,11,1,1,1,17,1,14,17,28,1,18,1,1,9,1,1,1,1,1,1,18,14,14,10,1,2,1,10,1,12,1,21,20,1,11,16,2,10,23,1,16,1,10,2,8,1,24,4,1,1,22,6,13,17,10,1,1,15,1,1,11,8,1,1,1,23,1,1,1,1,1,1,1,20,17,3,12,27,19,1,19,1,16,1,27,1,8,1,13,1,2,1,11,1,9,1,17,6,11,12,2,13,1,28,10,1,14,2,10,14,17,7,3,1,107,1,9,10,1,12,1,1,6,4,7,10,1,16,18,1,1,1,28,18,14,1,12,1,14,9,1,1,1,1,10,6,12,3,79,13,45,17,9,3,1,3,1,7,1,1,14,13,8,13,1,9,13,1,5,13,1,2,11,8,12,1,9,1,1,13,22,11,17,1,11,14,74,1,1,1,13,1,10,1,16,1,6,1,13,13,1,10,1,14,1,1,20,1,1,1,12,1,1,14,1,8,10,1,1,9,1,10,16,15,1,1,14,1,1,1,11,1,4,1,13,15,1,1,1,16,1,16,13,16,16,1,1,13,18,8,1,15,13,7,8,1,1,1,1,1,1,1,12,1,13,9,1,1,1,13,1,17,1,678,1,1,1,14,9,1,8,1,1,1,1,1,19,1,1,18,10,10,1,1,16,1,1,1,1,94,13,11,11,18,11,10,14,1,11,1,1,10,2,11,8,1,1,1,14,1,16,1,1,13,22,1,1,8,9,1,16,1,1,1,11,27,18,3,20,1,13,1,2,1,1,15,21,10,1,1,1,1,13,9,1,1,18,10,4,1,10,1,1,1,17,3,1,11,1,8,6,8,10,1,1,18,5,14,7,1,1,1,19,7,1,1,26,15,1,1,1,1,6,1,1,15,1,9,1,9,20,11,1,1,7,1,15,8,12,1,7,9,15,9,1,17,1,18,1,8,8,1,1,1,1,18,24,1,1,7,1,2,12,1,1,1,1,11,1,6,11,1,1,13,12,29,11,14,18,12,67,17,9,1,1,1,9,19,1,1,14,9,10,10,19,1,12,3,18,1,1,5,1,1,19,7,1,1,1,1,8,2,2,1,1,10,12,2,1,23,19,12,2,10,1,1,1,217,11,18,10,11,1,1,10,32,1,21,1,1,1,1,16,1,1,3,5,17,1,1,1,1,10,26,4,15,26,1,14,1,1,10,14,18,1,1,14,1,10,10,1,1,1,19,1,11,1,25,1,13,1,17,11,10,1,12,15,15,19,1,1,13,1,8,17,1,15,7,1,14,21,1,1,10,8,1,1,1,15,18,1,7,1,1,1,1,1,1,1,14,5,1,1,1,14,7,5,1,7,3,1,6,17,10,11,9,1,16,4,1,21,1,1,16,12,14,2,11,65,13,13,17,1,8,1,1,1,10,1,10,24,11,1,16,1,14,23,1,1,1,1,24,1,12,1,1,1,1,1,1,6,1,1,10,2,5,20,19,13,1,1,9,13,1,10,1,9,1,16,13,1,1,1,18,1,12,1,1,1,1,11,1,1,8,1,13,1,15,1,1,1,86,1,13,1,12,12,1,10,1,1,1,11,7,7,1,4,1,1,1,1,1,1,73,1,8,10,1,1,15,1,1,1,1,118,1,1,1,12,1,1,1,1,1,2,12,1,11,1,11,1,1,12,15,10,11,1,1,1,5,9,11,1,1,13,15,1,13,11,2,9,7,11,14,13,1,1,7,19,15,15,1,1,13,11,12,1,1,1,6,1,1,82,25,27,1,15,1,13,2,5,1,83,1,1,1,1,14,12,1,1,1,1,14,1,12,1,1,1,6,15,16,1,1,1,14,1,1,16,9,11,12,5,1,12,1,10,3,1,1,11,7,1,9,16,1,1,15,1,2,11,19,12,16,1,16,12,1,15,11,9,1,7,17,1,1,1,14,14,16,15,4,1,1,16,7,1,1,18,1,1,1,1,18,10,1,1,1,1,1,1,11,10,16,1,1,1,1,11,10,1,1,1,1,1,1,16,1,14,18,10,15,20,30,18,1,1,1,1,11,16,13,1,1,9,1,3,1,1,1,1,1,13,10,1,8,15,18,7,1,15,11,14,1,1,1,10,8,6,2,7,10,16,1,11,14,11,11,22,12,1,1,1,13,1,6,16,1,1,1,1,14,1,12,1,9,11,17,1,3,1,1,1,15,1,10,1,1,4,7,15,6,12,1,1,1,17,1,11,1,1,1,1,11,1,19,16,12,1,1,1,1,1,12,1,1,5,9,2,1,10,1,19,1,12,10,14,1,11,1,1,12,1,4,1,1,1,1,9,18,16,15,9,1,1,1,1,1,1,12,1,12,1,23,1,21,1,1,17,16,9,10,1,2,17,1,1,21,1,1,1,12,1,5,1,6,21,1,1,1,1,14,7,3,12,1,19,18,1,8,1,1,7,1,1,4,1,18,1,8,16,8,19,1,1,18,20,1,9,5,12,10,1,15,14,1,17,1,1,1,1,17,5,15,14,1,1,16,5,1,13,1,1,19,1,17,1,11,10,1,1,1,1,8,1,6,1,1,1,15,1,11,14,1,18,11,12,9,26,1,1,20,1,21,12,16,1,1,16,1,12,7,13,22,1,1,1,11,7,1,1,1,19,1,11,1,8,1,1,1,1,7,19,28,1,1,18,71,15,8,1,1,3,20,1,1,2,1,17,1,1,18,6,10,41,1,8,17,16,16,1,11,10,22,1,13,8,1,1,1,8,1,18,1,1,1,1,31,10,15,1,3,12,13,17,1,1,3,9,1,11,11,15,1,10,1,15,15,10,1,1,1,9,1,6,23,1,2,13,13,6,1,1,6,1,9,1,1,1,1,13,1,1,12,1,9,8,1,1,1,1,9,1,1,1,13,15,4,1,1,5,1,11,6,1,1,17,1,1,10,1,16,26,1,1,9,1,1,1,19,1,1,12,1,13,11,10,1,1,8,9,2,16,1,6,1,12,16,1,10,5,1,1,1,1,1,1,13,1,13,1,24,16,1,13,13,12,1,10,13,6,10,1,106,3,12,10,15,11,1,7,7,1,1,4,12,13,11,8,1,1,12,13,1,47,12,1,20,4,16,16,12,1,1,1,15,1,11,1,47,12,1,12,6,1,12,13,13,17,7,1,26,13,1,5,9,15,15,1,1,1,1,11,1,1,14,10,14,1,12,1,1,1,17,7,1,37,7,19,14,12,17,1,1,1,14,1,1,12,1,6,11,1,13,1,1,12,1,1,1,1,1,1,1,10,13,14,1,1,1,14,1,1,10,70,11,1,1,2,1,1,1,15,1,19,10,20,13,16,1,1,5,1,47,9,16,1,9,1,1,26,1,1,5,1,10,7,14,13,1,1,16,1,16,14,26,6,6,7,1,8,1,1,22,13,1,8,1,1,15,6,6,9,16,7,1,14,13,1,1,4,1,1,9,1,6,1,15,1,13,1,1,8,1,15,18,7,10,7,1,1,1,1,1,1,1,23,1,1,19,1,1,1,9,1,1,1,246,4,23,13,8,1,11,1,11,11,1,5,16,1,15,14,12,9,1,11,21,12,1,1,16,1,1,1,16,1,1,1,20,17,13,11,1,16,1,4,5,15,1,240,1,2,5,7,7,14,1,34,1,1,11,1,1,1,1,1,1,1,4,17,1,9,5,1,1,12,1,17,1,1,25,1,1,12,1,8,1,27,21,4,10,1,1,1,1,9,18,13,6,1,17,1,17,8,17,13,11,1,16,29,1,13,1,10,7,1,1,1,12,13,1,1,1,10,1,1,14,9,1,5,12,1,9,10,12,17,1,9,9,1,7,9,14,13,10,1,6,2,12,16,1,15,1,10,15,17,1,1,12,12,1,12,1,27,11,1,12,8,10,11,1,1,1,1,6,41,1,13,12,8,1,11,1,10,14,7,10,1,2,5,22,6,1,3,17,10,1,1,1,8,1,11,9,9,1,1,6,1,1,15,10,19,17,5,9,7,1,1,23,14,1,1,13,58,19,1,12,12,1,1,23,6,11,1,4,18,1,1,1,11,20,1,11,8,24,11,1,1,9,14,9,1,14,1,5,2,11,1,22,12,17,1,8,16,19,13,18,17,17,9,1,4,3,13,15,1,30,15,12,8,1,4,12,14,1,15,13,6,6,21,11,12,1,1,5,1,1,1,8,1,5,7,1,1,13,1,1,1,10,1,12,21,8,1,1,1,14,14,1,2,13,1,1,6,1,15,30,1,10,1,1,1,19,1,11,1,1,7,1,12,10,3,19,1,1,1,17,12,1,5,1,1,1,20,12,5,6,12,1,10,9,1,18,2,10,1,14,8,14,1,13,1,17,8,8,1,11,9,1,1,1,1,8,1,10,1,1,1,1,13,11,1,1,13,13,8,1,11,16,1,1,1,1,8,22,8,1,9,15,1,13,1,10,1,1,19,1,1,1,21,11,20,1,1,1,6,1,13,1,15,1,27,11,1,1,14,1,7,1,8,2,4,19,1,13,1,11,15,3,16,1,1,10,10,14,10,1,1,1,24,1,8,13,16,1,15,1,11,1,12,12,10,17,1,2,9,8,17,14,1,12,1,7,8,1,8,10,1,6,1,1,1,9,14,10,17,1,237,29,17,2,9,1,13,1,7,14,10,15,16,1,1,15,1,11,29,11,1,129,1,8,2,10,2,1,20,1,17,1,1,11,15,5,1,1,15,1,1,1,18,1,10,11,13,29,16,23,17,22,3,1,27,9,9,1,1,23,10,1,8,1,1,1,1,1,6,8,1,1,11,1,11,1,8,1,1,11,10,2,1,15,1,18,14,1,18,15,1,1,13,1,21,1,11,1,8,2,68,12,11,21,1,18,1,1,1,14,4,17,12,1,1,1,1,1,2,6,1,1,5,15,14,1,1,18,14,9,1,1,14,12,8,1,9,1,8,1,1,1,1,18,1,1,12,1,12,1,1,1,13,14,18,1,13,9,1,10,14,11,1,30,10,9,1,2,1,1,11,14,1,1,14,6,15,1,19,1,1,13,13,1,1,1,9,11,12,9,17,1,12,1,1,16,2,1,11,17,1,20,12,8,14,5,9,7,23,22,1,14,1,11,14,1,1,1,1,19,18,22,1,10,7,15,1,21,8,6,14,1,27,13,9,1,13,6,1,20,16,6,18,1,16,1,1,18,1,19,11,11,1,1,1,1,1,15,11,1,20,1,1,1,1,20,1,1,10,10,24,1,11,1,8,12,1,5,1,9,10,15,1,6,1,41,1,7,1,1,1,15,1,7,15,20,11,8,1,6,1,11,13,9,15,4,8,1,1,13,1,1,1,1,1,1,1,13,1,9,1,1,1,1,1,1,10,1,1,3,17,10,55,12,18,10,1,17,9,1,14,1,10,13,1,3,1,1,1,1,1,1,1,1,1,1,9,6,1,1,1,1,1,1,10,8,1,1,11,1,6,11,5,5,8,1,15,1,16,1,9,12,4,10,24,1,1,12,14,8,1,1,1,5,15,9,4,3,13,10,1,1,8,10,1,8,1,1,3,6,1,16,10,2,1,1,15,8,1,9,1,10,15,21,14,4,1,14,18,1,16,1,15,15,10,1,1,1,23,3,32,1,1,1,1,1,1,6,9,1,15,1,10,7,1,5,1,15,1,3,10,1,1,1,1,1,14,1,1,1,18,1,1,74,1,1,1,1,1,7,7,19,20,11,18,1,1,10,1,12,13,24,11,5,12,1,1,1,9,1,1,1,1,1,6,12,1,2,19,10,1,16,1,11,22,17,20,1,1,8,1,1,1,9,17,6,26,16,9,1,1,22,1,10,1,1,1,10,17,12,2,1,1,10,15,6,10,1,1,10,1,1,1,1,13,1,9,1,1,13,1,1,1,14,10,14,12,16,1,1,12,12,13,1,1,1,12,1,10,13,20,15,14,8,9,15,1,1,1,7,11,13,14,1,8,17,1,1,6,5,1,14,16,1,12,9,1,1,1,1,5,1,13,1,1,6,1,34,1,1,7,1,1,19,1,1,13,1,15,12,1,1,15,1,1,12,9,1,1,1,11,9,1,9,1,38,1,1,17,6,7,1,14,1,8,7,13,1,9,1,16,3,1,1,14,1,1,1,16,12,18,1,1,1,15,1,1,1,1,11,9,10,18,3,1,1,1,1,12,1,1,1,14,13,1,1,1,9,1,1,1,1,1,1,9,1,1,1,11,8,4,12,13,1,8,34,8,8,13,15,1,1,1,1,2,1,6,8,1,6,1,1,8,1,16,19,18,1,1,1,1,5,13,1,12,1,1,14,1,1,2,1,1,3,1,2,1,1,10,1,20,10,1,1,13,1,1,1,1,1,4,9,1,12,9,14,17,17,10,1,11,1,1,1,1,10,1,18,78,11,4,11,8,1,1,1,1,10,1,1,1,1,8,1,1,11,8,9,17,21,3,1,12,16,43,1,1,18,1,10,6,17,10,11,1,15,11,14,1,1,12,1,13,1,14,13,10,1,1,9,9,8,1,17,19,11,1,12,1,16,1,1,1,1,10,1,1,12,16,1,1,1,1,1,14,1,1,1,1,1,8,1,1,1,2,8,1,20,1,14,1,9,7,9,1,15,13,16,1,10,1,1,1,20,1,5,14,11,17,17,12,15,1,8,1,8,12,19,11,60,12,1,13,13,1,21,10,1,16,1,14,24,1,1,19,1,1,1,1,19,1,11,9,10,1,1,16,1,1,1,18,1,12,14,8,1,5,1,1,1,16,18,1,1,1,2,5,1,12,1,11,14,1,1,1,23,1,8,1,1,1,28,15,20,15,1,5,1,14,15,6,1,3,2,1,17,34,8,13,17,12,9,1,18,6,18,23,1,1,1,7,12,1,1,21,1,10,7,11,7,15,11,12,12,1,11,1,1,15,22,1,15,16,9,11,25,1,11,15,6,2,1,15,1,11,6,1,1,13,15,1,1,1,1,10,1,31,14,13,16,10,1,1,1,12,13,24,1,12,1,1,1,11,10,10,4,9,10,23,1,1,13,1,14,1,7,1,1,10,9,1,38,1,13,16,6,1,1,1,1,23,1,1,13,1,3,9,20,20,1,10,1,15,1,19,1,17,1,5,13,1,15,14,9,6,1,6,8,18,6,1,3,1,2,10,5,1,1,14,3,5,1,1,26,1,16,1,7,5,10,1,8,1,1,1,1,1,11,1,13,6,1,25,1,1,9,1,15,23,19,1,1,1,1,16,19,5,1,1,1,33,1,15,13,11,1,10,18,11,1,17,7,12,14,1,14,11,8,14,1,12,10,6,17,1,1,18,7,12,1,1,1,6,1,1,1,13,2,10,13,9,5,1,1,34,1,6,1,1,11,11,6,1,1,20,1,12,16,13,1,1,1,30,2,12,12,11,581,1,1,13,1,1,1,5,12,9,1,18,17,1,1,1,1,1,12,1,1,25,18,1,1,1,5,1,18,7,12,16,1,2,1,1,1,2,13,1,17,1,1,12,14,1,111,16,1,1,1,13,8,1,12,6,16,1,1,13,13,1,1,13,12,26,99,19,1,14,8,1,1,1,2,5,1,11,87,5,1,18,1,17,20,12,9,11,1,1,1,9,13,1,24,1,11,16,19,16,6,1,9,15,12,1,12,1,1,12,9,1,1,18,8,5,12,22,12,15,12,3,14,16,1,13,23,1,10,11,1,10,22,2,1,1,1,5,9,1,1,1,13,7,10,8,8,7,1,1,1,10,1,19,1,4,1,15,1,1,3,21,20,1,1,6,17,1,1,1,9,13,1,1,12,13,11,13,11,1,14,1,9,1,5,7,11,14,7,1,17,1,18,1,1,9,1,1,8,1,1,1,1,1,7,1,9,23,5,1,1,1,1,1,1,16,1,1,1,45,10,2,8,9,12,12,1,1,12,3,10,7,1,1,18,17,10,1,1,14,1,1,20,1,1,1,1,1,24,1,1,13,1,1,1,9,53,2,12,1,15,1,3,1,14,14,1,18,1,1,12,2,1,1,1,12,1,1,1,4,1,8,10,8,21,20,18,1,26,4,13,1,1,5,11,1,1,786,8,1,16,13,1,1,63,1,3,1,1,10,6,1,1,12,1,11,1,1,26,30,7,12,1,12,1,11,18,1,14,1,20,1,3,17,10,11,15,3,14,1,4,26,5,1,121,47,9,5,1,15,1,21,1,1,15,12,15,1,1,1,8,1,19,1,10,1,10,7,15,10,12,18,1,1,407,11,17,3,13,13,1,1,17,20,1,1,15,12,18,1,15,10,17,12,1,21,1,1,1,14,10,6,5,6,11,1,8,1,14,11,12,1,1,1,2,17,11,19,2,12,16,9,1,9,2,1,17,8,8,12,15,7,1,9,7,16,1,1,1,1,7,5,19,8,13,11,1,1,1,17,8,12,11,8,1,1,11,11,10,1,1,21,1,1,1,17,1,13,14,1,1,1,1,50,8,5,8,135,1,1,1,1,8,10,1,13,13,5,20,24,15,1,1,15,1,21,1,1,1,4,1,1,4,1,14,6,17,1,26,1,1,1,12,1,1,1,1,11,8,1,14,12,1,16,16,1,19,18,22,13,1,9,12,7,1,8,1,19,14,20,1,12,9,1,17,15,9,1,1,1,1,12,5,5,16,1,1,1,9,5,1,1,1,6,1,5,9,1,1,19,31,9,1,13,19,12,1,18,17,1,14,11,1,12,9,20,1,14,17,1,11,11,7,6,12,1,136,14,9,1,6,8,11,14,1,1,13,6,1,11,1,7,12,13,1,8,1,13,13,8,9,7,1,1,18,1,5,11,1,8,15,1,7,1,1,11,2,13,12,1,23,10,17,1,7,1,11,1,7,20,1,7,1,26,21,1,1,10,1,1,12,13,3,6,1,10,1,9,14,1,1,15,11,14,1,9,18,1,10,1,1,39,10,9,1,1,9,12,1,1,1,6,1,1,1,1,9,1,16,30,2,2,1,1,13,1,12,8,1,1,12,1,1,1,1,14,1,2,5,9,11,23,2,24,16,1,1,11,1,1,12,7,1,13,6,16,14,1,18,10,8,11,8,21,1,25,10,1,4,1,1,11,1,17,7,4,1,9,1,1,1,1,13,7,1,9,1,17,1,22,1,11,61,14,1,1,1,6,1,3,1,8,11,19,12,9,12,9,1,1,14,13,1,1,22,11,1,13,1,93,1,12,14,2,1,10,6,14,1,6,1,3,15,15,1,1,3,14,10,6,18,12,1,1,13,1,7,19,1,1,1,1,14,10,7,1,11,6,1,2,10,1,17,14,1,1,1,1,9,1,11,1,1,8,1,13,1,1,14,5,23,20,20,17,1,1,10,1,1,16,1,1,10,1,1,14,7,15,1,9,1,1,10,1,10,15,1,13,14,1,1,1,17,1,9,11,15,1,13,9,1,1,1,1,12,1,1,11,1,1,8,6,11,6,15,8,18,28,15,10,36,1,19,1,1,1,1,18,1,1,1,1,1,14,1,121,1,1,15,7,4,1,29,18,9,1,1,1,14,13,19,1,13,1,5,1,10,20,12,1,10,1,1,14,19,1591,1,1,1,1,1,1,1,1,1,10,1,16,1,1,1,13,12,11,10,1,38,18,11,16,10,10,1,1,8,1,8,15,1,1,1,25,11,1,8,1,12,1,1,10,2,22,13,12,9,11,1,1,1,14,22,5,1,10,1,16,1,1,1,1,1,11,1,16,1,17,1,20,13,22,15,20,2,1,1,1,9,1,13,11,13,1,1,12,8,2,1,1,1,1,17,12,13,9,1,1,1,1,1,1,1,28,10,6,12,9,18,1,142,1,1,1,16,19,5,1,12,15,16,1,38,1,14,1,3,1,12,1,20,1,6,1,11,1,3,15,14,1,5,29,14,1,7,6,4,1,101,9,1,1,11,18,6,1,12,1,1,14,1,1,14,13,11,45,16,15,21,1,25,10,1,1,12,9,12,11,1,1,1,2,4,23,21,10,1,1,1,1,1,1,1,1,1,1,1,6,1,11,14,12,11,13,1,8,1,1,3,1,1,1,1,9,18,20,17,19,1,1,13,1,14,11,8,1,1,27,1,1,7,12,7,1,16,15,1,16,20,1,15,26,7,13,14,1,1,1,1,9,29,20,4,1,25,16,4,8,1,1,6,1,1,10,1,1,17,22,15,1,1,1,1,1,9,1,22,15,17,27,1,7,1,1,78,1,17,15,1,1,1,15,8,1,13,13,1,1,8,1,8,9,1,1,1,15,10,3,1,1,6,1,15,12,10,18,1,17,1,1,1,1,13,17,1,1,1,1,25,1,10,14,8,13,1,1,19,17,17,1,1,1,15,1,8,14,13,1,1,16,16,2012,1,1,13,1,1,125,1,1,20,15,16,17,1,1,10,12,1,7,29,16,3,3,1,7,1,11,14,1,13,14,1,17,1,1,13,1,28,12,934,1,10,1,13,11,14,1,14,1,23,9,6,1,11,7,1,15,1,5,16,21,12,27,1,1,1,1,2,1,1,4,1,1,27,15,4,1,8,15,1,6,11,18,2,9,1,11,1,1,48,1,1,1,8,1,5,2,1,1,7,81,1,1,12,1,1,13,1,7,1,8,1,1,13,1,11,1,1,1,13,1,1,1,15,9,10,1,10,1,19,17,13,10,1,1,19,1,1,1,1,20,1,1,1,1,1,1,10,3,11,9,13,21,8,15,2,7,1,1,1,9,1,6,5,10,1,14,1,73,14,1,10,1,9,1,8,1,1,12,21,1,17,1,10,21,21,1,1,1,16,1,11,5,14,32,11,1,12,1,1,1,11,1,7,1,56,14,14,6,2,11,1,1,14,18,11,1,1,1,1,11,12,1,1,1,1,1,17,22,1,1,19,1,1,1,99,1,26,8,1,6,1,8,1,1,12,1,25,1,22,6,1,1,1,1,13,19,13,1,1,9,1,1,8,1,10,1,1,18,1,1,22,8,10,1,3,1,10,8,1,12,1,11,7,1,1,1,1,6,9,1,15,1,2,1,1,1,5,1,1,1,1,1,1,1,1,1,7,13,1,1,3,1,10,10,1,14,12,1,1,15,12,20,1,1,16,1,9,1,12,16,1,9,14,16,9,16,1,1,103,13,2,3,18,1,11,13,14,11,16,1,1,21,1,15,1,17,8,1,11,10,10,1,1,27,2,24,1,9,1,5,85,1,14,1,17,21,1,18,20,1,1,1,1,1,1,83,1,8,68,9,17,16,18,1,20,2,12,1,1,1,10,9,18,8,14,1,1,9,8,1,1,1,11,10,1,1,16,1,7,7,12,1,1,8,5,16,1,1,15,1,1,14,1,10,1,1,2,15,1,1,1,1,26,5,1,16,1,17,17,13,1,10,1,10,70,1,1,11,6,8,11,6,8,12,14,12,15,22,11,9,7,11,19,1,16,1,11,1,16,4,1,11,18,4,1,10,1,1,11,8,5,1,1,10,12,1,14,14,12,1,1,16,1,9,1,1,8,1,9,13,1,7,16,96,1,1,24,14,13,1,15,10,10,1,1,1,9,12,14,1,1,1,1,16,15,1,1,1,1,12,9,12,12,1,1,1,1,1,1,15,1,13,13,17,15,7,41,1,15,1,1,13,20,1,1,15,7,3,29,10,15,13,14,1,1,8,1,32,8,1,1,3,1,1,1,8,1,14,18,9,1,34,1,1,1,14,7,6,1,30,10,11,1,1,1,18,22,1,9,1,10,7,17,1,1,16,1,11,1,1,7,1,11,8,12,1,2,1,2,10,1,1,11,13,10,14,8,7,8,7,1,9,5,1,15,8,1,1,11,22,12,7,15,1,22,8,1,1,1,1,1,10,15,23,1,1,8,1,14,15,1,1,1,1,8,1,17,1,15,1,6,4,12,1,13,1,11,9,1,12,1,1,1,20,7,1,16,14,15,8,7,2,12,12,16,2,1,1,6,13,15,1,5,8,1,1,3,17,1,1,13,1,5,10,1,1,10,12,13,8,1,2,1,1,1,22,15,11,1,11,1,1,1,12,16,10,11,11,11,11,17,13,1,1,1,1,1,1,12,1,11,1,1,1,1,18,17,1,18,8,8,10,8,4,1,11,7,1,14,1,3,9,47,1,1,17,1,1,9,4,19,1,1,1,11,1,12,2,1,1,10,1,1,1,1,1,1,1,1,11,1,11,1,7,1,13,1,16,1,1,1,1,13,15,13,1,1,1,1,1,9,6,1,1,8,7,11,1,1,7,10,1,1,1,29,1,1,17,1,1,9,19,12,1,2,1,1,11,1,4,10,1,19,1,1,1,11,12,9,7,10,14,1,20,505,1,1,14,1,1,11,1,11,18,1,13,1,5,1,14,1,1,1,12,6,19,8,9,10,16,10,12,1,11,17,1,7,1,13,16,11,14,1,7,1,19,4,1,1,25,1,10,1,1,9,37,1,2,1,14,1,1,1,1,1,19,9,1,1,1,1,12,11,8,16,13,3,1,12,1,1,14,23,6,3,7,1,18,8,13,9,1,1,9,18,13,1,1,17,16,8,6,1,10,10,1,1,1,13,18,1,1,1,7,6,1,1,1,27,13,15,12,12,1,15,1,1,8,1,4,11,1,15,2,1,8,4,14,17,14,7,17,1,13,10,7,25,15,1,2,1,1,1,1,12,1,12,1,14,1,10,1,1,1,1,1,1,11,13,1,12,1,17,1,1,10,19,1,13,1,8,23,1,10,11,1,1,16,12,10,11,7,15,15,1,1,1,1,1,1,10,6,1,8,1,1,1,22,1,1,5,17,20,1,13,1,55,1,1,1,11,5,9,1,16,4,1,1,1,15,1,11,9,1,1,18,26,1,12,11,4,1,24,1,4,1,12,18,1,11,13,7,13,7,1,1,24,16,12,13,9,11,27,94,14,1,18,1,1,1,10,1,10,13,1,1,1,1,12,3,9,1,1,1,9,1,1,18,1,1,7,1,17,10,9,15,18,13,2,1,1,7,17,8,1,1,1,2,1,1,11,2,14,1,14,2,22,1,14,18,1,9,2,10,11,8,16,16,1,1,1,1,2,1,10,1,14,17,2,10,1,6,1,1,1,6,1,5,3,13,15,18,1,8,3,16,14,1,1,1,1,1,1,1,17,1,9,1,10,1,1,12,9,1,8,1,7,7,15,6,1,1,8,1,1,16,1,1,8,17,1,1,12,1,11,2,16,1,1,1,14,1,1,12,1,1,1,15,1,11,1,3,10,5,11,11,15,1,14,15,1,1,1,14,20,1,12,1,13,11,6,17,487,9,18,14,1,32,1,1,9,1,8,1,1,14,14,12,13,18,1,18,1,1,3,7,11,10,5,22,1,6,20,1,22,17,1,14,1,1,17,1,1,1,1,17,1,1,11,16,16,1,9,1,17,1,23,3,23,1,1,7,14,1,14,1,9,1,10,1,1,7,11,12,3,1,14,1,10,1,22,7,1,16,16,7,1,16,1,13,17,8,21,13,1,1,1,15,8,19,1,10,1,1,17,1,21,17,1,1,11,11,6,4,1,5,1,9,8,22,1,1,4,1,1,1,1,15,1,13,1,1,11,1,1,9,1,1,1,19,1,16,11,15,6,1,17,15,21,1,10,1,1,1,7,22,15,18,11,80,6,10,5,23,1,1,2,1,11,1,1,1,1,1,1,1,1,8,1,1,11,1,10,1,1,7,24,1,1,1,1,1,1,1,1,1,1,23,33,8,1,7,1,1,15,1,1,1,7,1,1,1,25,8,2,11,1,13,7,11,17,1,24,15,15,12,11,11,1,1,5,1,1,61,1,1,16,13,1,3,1,1,6,17,1,17,1,9,1,12,1,16,1,1,1,1,1,1,1,7,1,1,1,1,1,21,1,13,1,5,110,7,1,1,11,1,17,14,9,19,1,14,12,15,10,9,1,1,1,1,7,13,1,10,4,6,1,5,11,27,16,1,1,4,1,8,15,15,8,1,1,16,21,7,1,1,1,1,1,1,23,5,14,1,14,17,20,1,1,1,16,1,1,1,5,1,1,7,12,1,1,1,22,1,1,1,1,10,8,1,1,14,1,6,1,37,1,10,16,1,4,1,11,1,1,20,21,6,18,15,13,1,1,1,19,1,8,11,1,9,1,1,1,1,15,25,9,19,11,10,9,5,6,1,13,21,1,22,1,1,1,1,14,1,11,1,1,3,24,10,8,3,1,13,1,4,16,5,1,1,1,11,1,12,7,11,1,15,9,18,1,1,1,8,13,1,7,4,11,1,1,19,14,1,34,1,15,13,16,5,3,13,1,11,1,1,11,1,1,1,15,13,77,8,7,1,1,1,16,1,13,11,15,12,1,1,1,1,14,1,14,22,1,2,14,1,22,20,1,10,21,1,1,11,9,11,10,1,20,13,1,1,1,1,31,1,9,2,1,13,11,9,12,12,5,1,1,9,1,11,10,15,2,1,17,1,1,1,24,4,1,27,20,9,1,10,13,6,4,1,1,5,11,13,19,1,1,1,1,6,1,15,13,1,14,1,1,1,1,1,20,1,14,13,1,7,18,16,1,1,9,1,1,11,10,11,5,1,13,17,9,1,11,18,1,1,11,7,3,1,1,8,1,20,13,7,12,1,1,1,1,1,2,1,12,1,1,10,1,23,10,9,8,1,1,1,19,9,1,15,1,2,1,16,11,1,22,1,1,1,1,8,21,1,1,18,12,5,1,13,8,1,16,1,9,1,13,1,10,1,11,1,13,1,1,1,27,4,1,12,1,12,72,16,1,1,20,1,1,1,1,11,14,9,8,9,1,1,14,3,5,1,5,21,1,15,1,14,8,7,1,9,1,1,1,14,23,17,2,1,10,1,1,1,17,1,11,1,1,1,12,13,1,1,1,18,14,1,1,1,12,1,1,2,11,1,1,1,1,1,1,12,1,1,1,1,1,15,10,15,1,12,19,1,13,8,9,6,1,1,12,23,12,23,1,1,2,7,10,1,14,1,1,2,1,14,14,1,6,1,11,1,2,15,1,1,7,8,15,1,1,1,16,19,16,13,1,1,8,8,1,9,1,1,1,70,18,1,1,16,1,1,1,7,1,9,8,11,1,1,1,1,5,16,1,18,10,18,11,1,14,1,1,1,9,18,8,1,10,17,11,23,10,1,1,22,1,1,1,23,1,1,11,1,8,1,7,1,23,7,9,17,1,1,8,1,1,1,1,1,1,9,12,1,5,15,1,20,3,16,1,1,9,5,11,1,11,1,1,1,23,1,1,21,20,22,12,12,1,1,2,13,11,1,1,1,1,1,5,6,1,9,10,16,1,13,16,1,23,10,15,1,1,6,1,6,6,19,1,7,13,1,9,1,15,1,13,1,13,1,9,7,1,1,13,21,5,1,16,1,436,1,1,1,11,14,13,16,8,11,1,1,1,8,1,1,3,11,13,15,13,1,12,1,1,1,1,1,21,1,11,1,6,9,1,16,15,1,1,1,10,1,13,1,9,4,1,1,15,1,1,16,1,18,9,1,12,1,10,17,1,13,1,1,1,1,9,33,14,16,18,1,14,1,10,1,20,12,6,1,14,10,14,1,1,7,1,1,1,27,12,25,1,2,1,1,1,15,3,10,10,1,1,1,10,7,12,1,17,1,14,1,1,12,13,1,8,10,12,18,1,13,1,1,1,19,15,1,85,1,1,1,1,12,14,1,18,11,1,1,23,1,1,1,1,12,1,1,19,63,30,1,1,1,13,1,1,50,14,1,2,1,10,29,1,16,10,45,1,1,1,1,7,1,8,22,1,1,1,1,11,24,1,1,23,2,1,13,1,1,12,1,1,1,1,1,1,12,8,14,13,14,1,8,12,1,1,5,12,1,15,1,7,1,27,2,12,1,1,21,1,6,17,1,1,13,6,1,1,14,1,21,13,1,25,1,16,1,28,1,9,13,1,18,11,15,27,1,4,1,15,12,10,17,26,16,1,12,3,11,11,11,5,7,1,1,11,14,16,1,1,2,9,6,10,14,1,15,8,10,12,2,6,1,85,1,1,1,1,1,5,1,18,1,1,1,1,1,3,1,9,1,1,12,16,12,1,21,9,1,1,18,1,5,1,1,10,1,1,1,1,13,2,1,1,20,17,14,3,11,1,1,1,1,1,7,1,1,10,13,7,1,1,1,15,1,6,12,1,25,62,1,1,1,23,1,17,9,1,1,1,6,1,1,1,13,1,1,1,2,4,18,1,6,447,8,8,12,1,1,26,6,17,9,7,1,17,1,1,1,1,17,1,1,9,15,1,1,1,1,1,4,22,1,1,9,16,11,15,1,1,3,10,12,22,1,10,2,9,3,1,10,1,1,1,10,1,11,1,11,16,9,1,10,4,1,1,1,1,1,16,13,14,17,16,1,7,1,62,1,1,10,1,8,1,1,1,1,12,9,22,1,2,23,21,18,9,27,1,19,1,1,16,1,1,7,1,7,1,1,1,8,14,14,34,9,17,3,1,1,8,11,2,1,1,15,1,1,1,5,15,1,12,12,10,17,1,1,1,18,1,14,11,12,1,10,1,20,8,7,1,1,1,1,1,1,10,1,1,8,13,10,6,1,11,6,1,1,1,1,11,6,11,1,17,11,1,28,1,28,1,2,18,1,1,1,14,12,1,12,1,1,15,22,13,1,11,1,7,1,14,10,1,14,1,1,9,16,9,1,4,7,1,7,14,6,6,7,19,1,1,17,1,1,17,1,9,5,1,12,1,1,5,24,1,5,12,1,2,1,5,13,16,5,9,12,20,17,1,14,1,2,1,14,2,1,1,16,1,1,1,442,1,1,1,1,1,16,10,1,1,1,11,1,1,15,1,20,1,1,4,13,1,29,1,1,10,13,1,1,1,3,1,15,3,12,15,11,1,1,8,11,1,9,10,1,16,1,1,1,1,1,8,11,16,20,15,26,17,1,1,1,1,1,1,9,1,20,1,12,10,1,16,1,1,15,12,1,1,1,11,1,1,45,1,8,23,1,14,12,1,1,9,1,1,11,12,14,80,6,1,9,13,1,13,1,99,17,17,11,13,4,1,1,18,16,9,1,1,1,11,10,10,11,1,1,13,7,5,23,1,1,17,8,1,238,1,20,1,1,29,1,1,19,1,10,1,11,1,1,1,15,13,2,1,1,1,1,1,1,13,9,2,14,11,1,6,1,9,1,1,9,1,18,1,1,1,1,14,13,8,1,5,2,1,12,11,17,1,16,1,1,1,1,1,7,5,18,15,8,11,1,14,3,1,1,4,1,12,2,1,9,1,1,2,9,1,1,12,1,8,10,1,1,16,1,1,16,2,1,1,12,10,17,16,13,13,7,1,1,18,8,1,1,1,1,1,9,1,9,3,16,1,1,19,7,1,1,1,1,1,9,1,1,8,5,18,10,1,13,11,14,1,8,1,1,1,18,11,1,1,21,1,1,19,1,1,19,11,1,11,1,1,12,33,13,12,7,1,1,1,12,1,5,13,14,7,14,1,6,13,6,10,8,5,14,1,13,1,7,1,1,16,1,1,1,1,15,9,1,12,1,1,16,1,8,1,1,1,2,11,1,1,8,5,8,6,18,1,6,13,2,6,1,15,1,1,10,1,1,1,15,1,10,1,1,8,11,11,12,1,1,1,12,1,1,13,16,6,14,10,1,1,1,1,13,1,9,1,19,1,10,9,1,1,9,1,9,1,13,15,12,1,14,11,10,21,24,1,1,1,178,1,988,4,12,1,1,1,1,7,1,1,1,7,18,10,1,1,15,14,1,7,1,1,1,15,14,11,28,1,13,17,8,13,13,1,12,1,14,2,1,20,1,11,9,26,1,4,1,16,1,1,19,1,1,1,8,1,1,1,1,1,1,1,1,13,13,6,14,13,13,8,1,10,9,1,1,8,12,1,1,12,1,1,15,1,17,18,11,1,9,1,1,9,31,8,12,1,12,1,8,1,1,1,7,6,16,17,1,10,2,1,7,21,1,1,17,1,19,19,20,13,21,7,1,1,1,1,11,1,1,1,1,18,13,1,1,4,1,6,9,2,20,1,1,13,1,8,14,1,14,8,1,34,5,6,17,8,1,5,1,15,1,1,1,1,26,8,13,1,1,1,1,1,1,1,1,1,18,1,1,11,2,2,14,1,21,20,1,12,7,1,1,10,8,1,11,7,13,18,21,1,1,1,7,16,6,8,1,1,13,12,1,2,1,1,14,2,1,1,14,1,18,19,30,13,1,4,14,13,19,8,18,17,1,25,12,15,1,5,13,10,10,9,11,1,13,10,13,12,1,15,11,1,1,2,1,24,10,14,9,12,1,1,7,16,1,1,14,1,1,1,1,1,1,1,6,8,1,1,13,11,12,8,10,1,1,8,9,25,12,7,1,1,10,12,7,1,6,6,14,1,9,9,14,21,1,1,1,12,1,1,1,11,12,1,1,7,1,1,12,1,17,1,8,2,11,2,7,9,1,18,17,1,1,2,1,9,1,3,1,8,17,1,1,15,8,7,1,10,1,1,2,8,1,1,1,1,1,1,4,1,5,1,13,1,18,15,2,1,20,1,18,25,11,1,1,17,1,12,1,9,18,13,76,9,19,1,1,15,1,1,11,13,1,12,35,1,10,1,16,1,1,1,12,1,12,1,3,26,1,9,18,1,7,2,1,2,12,1,16,35,19,1,1,19,1,1,1,1,1,16,19,1,5,5,20,1,13,1,11,21,63,18,14,8,14,16,23,16,5,5,9,8,1,16,1,1,23,6,1,1,21,1,1,1,1,1,15,10,15,8,1,1,1,6,1,1,1,17,1,1,1,12,9,1,12,1,1,1,10,10,18,1,9,1,3,1,12,14,8,10,1,11,1,12,3,1,1,1,13,1,1,1,1,7,1,1,1,9,1,1,1,11,16,10,9,15,1,1,14,17,11,23,1,1,1,1,1,1,12,7,14,1,1,11,1,12,23,10,1,13,7,15,7,11,11,3,1,6,17,1,1,18,1,1,1,10,1,1,1,72,13,1,1,1,18,1,15,1,3,13,4,1,1,1,1,1,15,9,1,2,1,1,2,11,1,1,2,1,1,1,18,1,1,3,1,19,1,1,5,1,1,1,3,1,1,9,1,14,1,1,13,91,1,5,1,1,1,19,1,1,1,1,1,1,1,12,1,1,3,18,1,1,6,14,18,1,1,1,10,2,9,9,1,13,19,1,8,1,1,11,1,27,16,1,1,16,23,4,13,18,1,11,10,16,25,13,11,2,1,1,1,1,1,8,1,53,15,1,10,64,1,8,1,18,6,10,1,1,1,4,1,1,1,11,1,1,2,23,1,1,1,27,1,1,14,1,18,1,1,6,1,21,19,1,15,1,1,17,31,1,6,1,6,8,30,1,1,16,11,7,12,1,18,5,16,1,1,5,7,1,10,1,9,13,14,1,17,1,27,13,6,1,1,1,1,1,1,1,1,9,18,1,11,18,1,12,9,1,10,1,6,13,10,12,1,1,15,1,1,1,1,9,1,1,1,1,1,13,1,10,1,1,1,1,1,8,93,1,1,1,1,7,15,12,1,1,1,1,10,10,5,1,12,1,2,14,15,1,14,18,1,1,1,7,1,17,12,24,1,18,21,1,24,12,1,1,9,1,1,8,1,10,1,15,1,1,1,1,9,1,12,1,15,1,16,9,20,1,20,2,24,14,1,1,1,24,14,1,3,16,11,1,1,19,9,12,1,13,12,1,14,10,1,1,1,1,1,1,1,106,2,1,36,11,17,12,1,14,25,1,6,5,1,1,1,6,14,1,1,7,1,1,1,1,1,1,1,1,17,1,12,4,12,1,10,12,9,14,11,1,1,10,1,1,16,8,1,6,1,20,1,9,1,26,11,1,1,11,9,9,1,22,1,13,1,1,11,9,1,14,11,1,1,11,33,1,15,6,14,1,1,11,1,1,1,15,1,14,1,1,5,12,9,1,4,9,10,20,1,1,9,1,5,1,10,8,11,8,14,25,28,107,1,14,12,1,1,1,1,7,1,1,12,18,1,18,13,1,1,1,1,13,5,1,10,12,1,10,1,1,1,14,7,13,20,1,11,1,7,1,1,27,1,1,1,1,5,4,1,10,1,1,1,9,13,9,1,1,1,1,22,1,1,8,5,13,13,1,1,1,23,11,1,10,1,15,7,4,1,11,1,1,19,1,2,7,21,13,1,2,1,9,83,1,12,13,6,11,1,5,15,1,12,14,13,13,1,1,1,14,1,8,1,1,6,1,6,20,1,1,1,1,20,1,11,1,1,16,10,1,17,20,1,1,1,1,1,13,13,1,1,16,11,20,7,1,1,1,2,1,7,1,4,1,7,11,1,1,1,1,8,9,1,15,1,1,2,1,1,12,14,19,1,1,1,1,10,1,11,1,1,1,1,1,1,4,18,12,12,11,10,1,13,1,1,1,1,1,22,1,16,12,1,11,1,7,1,4,1,1,12,2,1,5,16,32,30,10,13,22,1,8,10,13,2,15,6,1,11,7,1,1,1,1,7,10,10,1,14,37,1,1,12,1,1,1,9,11,1,1,1,9,1,1,1,76,1,1,7,1,1,1,11,1,16,1,6,1,1,14,105,12,1,1,1,1,1,4,13,1,12,9,1,1,1,13,16,16,1,10,1,19,1,1,10,9,1,1,1,14,1,1,10,13,1,1,12,1,12,14,80,11,12,1,1,3,13,8,15,19,1,1,2,1,1,9,1,18,17,14,1,16,1,1,1,1,10,20,1,14,23,8,1,1,1,9,12,11,20,1,11,10,9,14,21,1,11,1,16,1,1,8,19,20,1,1,1,151,13,1,10,3,1,1,6,15,11,16,15,13,12,1,1,1,13,1,1,16,1,1,18,1,19,9,14,5,1,1,1,1,17,14,1,1,7,10,7,1,2,1,1,11,14,11,1,1,1,13,17,4,1,20,1,14,1,15,1,1,1,1,17,1,1,1,1,12,1,1,1,1,1,1,18,8,17,1,10,1,11,19,12,8,14,5,23,11,12,8,1,1,5,11,9,1,12,1,1,1,1,1,1,1,15,10,8,1,42,10,8,1,9,6,18,1,19,1,1,1,13,8,1,1,15,12,1,14,6,8,1,1,12,13,3,3,15,1,11,1,6,1,8,15,1,1,1,16,12,8,11,1,1,1,1,10,9,1,7,3,1,7,1,20,13,8,1,1,1,1,1,17,12,14,12,1,1,8,1,13,1,1,1,6,15,1,7,1,1,1,10,2,25,1,1,1,11,1,18,11,21,11,7,14,6,1,1,9,16,1,15,2,17,18,1,7,1,6,1,1,1,8,1,1,1,14,1,1,1,14,1,1,1,10,18,1,14,1,1,1,18,1,10,11,1,18,14,1,2,1,15,1,11,8,12,20,8,14,15,1,44,1,25,7,12,8,1,26,5,7,1,1,12,9,1,1,1,11,16,9,1,1,3,1,1,1,12,1,1,8,1,17,1,33,8,15,12,1,1,44,1,1,8,1,97,1,1,18,8,1,11,1,17,10,3,2,13,8,8,1,15,1,1,1,1,7,1,1,1,7,1,1,1,15,1,1,10,1,11,14,1,1,1,2,1,9,20,1,10,13,21,1,8,1,1,1,1,1,1,7,1,9,15,20,1,12,8,10,1,11,28,23,1,1,3,8,1,13,17,1,1,1,1,88,1,30,10,1,1,1,2,1,1,1,16,1,1,17,10,2,10,11,1,1,6,16,8,1,1,7,12,1,12,1,7,1,18,10,1,1,1,19,8,1,1,1,1,1,1,1,16,12,13,12,3,1,13,12,1,15,19,15,1,70,14,1,1,7,12,8,17,5,9,9,16,15,1,6,1,28,17,1,19,8,14,1,18,5,1,12,1,1,1,10,12,1,1,12,13,7,14,14,10,1,1,1,1,9,1,9,10,1,1,81,10,15,12,7,1,6,2,6,1,15,11,1,1,7,7,1,16,17,1,8,12,1,11,1,98,9,11,34,1,10,1,10,13,20,37,1,5,1,13,1,6,1,5,8,1,14,1,14,1,18,1,1,1,1,4,13,12,1,1,11,1,27,13,1,1,1,10,1,1,7,6,1,11,24,1,1,13,1,1,11,9,13,10,1,11,17,13,14,17,1,18,13,1,15,1,1,15,1,1,2,1,1,1,21,6,1,13,1,1,17,16,9,1,1,16,11,10,11,12,15,16,6,10,12,20,95,14,1,16,1,4,9,1,1,1,1,1,1,81,16,1,1,19,10,1,17,15,14,16,7,1,12,12,12,11,2,2,12,13,10,16,10,7,21,14,1,15,1,8,3,8,43,1,1,9,1,1,1,1,1,13,1,1,13,1,17,1,1,13,1,7,18,10,1,9,1,25,11,1,1,1,4,1,1,6,8,1,1,1,1,1,1,1,1,1,1,16,1,1,1,1,1,17,1,4,8,1,29,1,11,1,1,4,8,15,17,10,11,37,15,13,1,1,1,12,1,16,8,9,1,12,16,1,7,1,14,4,1,8,1,1,1,16,1,1,16,1,2,19,1,1,3,1,1,1,1,15,1,9,9,1,1,17,12,1,17,12,1,5,1,1,1,8,1,4,13,12,14,3,13,4,8,7,1,12,6,1,6,20,25,1,15,31,1,9,1,10,1,23,36,2,1,1,17,1,16,1,1,7,1,1,1,1,1,16,18,1,11,15,1,8,1,15,1,1,12,4,10,8,1,1,1,9,1,8,21,19,19,7,1,1,16,1,13,1,1,9,1,15,1,11,14,1,2,10,1,11,10,10,12,1,1,2,1,8,10,16,1,1,20,11,1,1,1,1,9,1,21,12,1,1,1,1,1,1,16,1,1,2,1,1,1,1,5,1,12,23,1,12,38,17,1,27,2,1,1,1,17,1,8,24,1,1,6,14,9,7,29,17,1,1,1,15,4,11,1,1,16,17,1,5,14,20,16,1,8,1,1,5,1,14,23,13,23,2,1,1,1,1,1,1,1,1,1,1,1,8,10,1,22,1,1,1,8,19,1,1,1,1,6,10,1,1,1,1,1,17,2,6,13,1,16,1,18,3,1,1,9,13,1,1,1,14,1,1,1,1,1,1,18,1,1,11,19,2,21,1,10,10,11,1,1,21,1,6,1,1,11,1,1,1,1,1,14,1,7,1,6,5,12,92,1,13,1,1,14,1,1,20,17,1,6,10,1,1,1,8,1,1,1,7,1,26,6,23,11,12,1,7,1,1,1,9,1,1,1,21,1,16,16,12,13,1,1,1,1,13,20,1,1,1,1,14,7,1,6,6,1,1,1,1,6,8,8,15,65,1,16,1,14,9,26,13,17,16,9,1,11,1,1,16,1,1,9,1,13,26,1,17,7,1,17,6,1,1,14,12,1,14,1,13,1,1,18,1,1,11,1,1,1,1,1,18,1,1,1,1,1,8,1,1,1,11,1,1,13,18,17,14,1,22,9,13,1,1,20,16,14,15,13,20,14,14,1,15,1,1,15,11,9,17,15,1,13,1,13,13,1,1,1,1,23,1,14,1,8,1,1,1,15,1,13,104,1,15,1,9,12,1,22,1,11,11,1,11,18,32,12,1,11,1,16,1,10,1,1,11,6,1,1,13,1,1,1,9,21,10,1,11,1,1,7,5,1,17,6,2,1,1,1,9,13,14,14,1,14,1,1,1,8,1,1,1,9,1,1,1,11,16,26,12,1,11,1,1,1,11,15,6,1,1,17,1,1,9,1,8,12,9,14,1,30,11,1,1,15,9,1,10,8,12,1,1,2,9,13,54,15,13,9,8,20,15,1,1,7,1,1,24,1,1,17,1,1,1,1,1,1,2,9,7,1,3,11,22,41,1,1,23,15,4,1,1,12,1,1,1,1,1,13,1,1,2,13,8,1,1,1,1,1,1,8,12,12,14,8,8,1,1,30,3,14,12,1,14,1,18,12,11,1,18,13,1,1,1,1,6,1,1,1,1,1,10,2,15,1,4,6,1,8,19,10,9,7,10,19,146,1,10,1,1,1,1,29,1,6,6,1,1,1,14,1,1,13,1,8,8,1,13,1,1,13,1,21,1,1,1,11,11,19,1,1,1,1,13,82,12,1,1,13,18,16,2,1,1,11,6,11,1,2,10,9,1,1,9,29,22,12,1,9,23,10,1,1,1,21,1,13,1,1,8,2,1,1,13,33,17,19,9,12,1,1,15,11,1,1,10,15,25,1,1,14,10,1,2,1,5,4,14,4,1,1,10,1,13,9,14,1,1,17,1,12,17,17,6,17,1,2,1,10,1,1,13,11,1,11,20,10,1,1,1,1,1,20,1,2,9,1,1,12,1,7,1,1,20,1,4,1,1,1,1,1,1,34,14,9,1,1,1,1,1,1,23,1,13,1,14,11,4,1,15,1,2,8,1,1,9,5,1,2,2,1,1,15,1,1,2,9,1,24,14,1,11,10,1,1,1,1,7,32,20,9,1,13,13,15,1,1,20,1,1,1,10,17,12,11,1,10,14,20,15,1,9,1,8,3,19,27,13,22,1,11,17,1,7,11,1,1,13,9,1,18,15,16,14,1,1,1,21,10,1,6,19,2,1,1,10,1,1,1,7,7,13,1,1,1,1,10,10,1,12,6,1,1,4,2,1,1,19,18,60,5,10,11,1,1,16,15,1,21,13,1,15,11,1,10,1,1,14,16,19,3,1,1,15,1,1,15,1,16,1,1,1,9,1,19,1,1,1,2,1,1,1,1,1,12,1,11,21,8,1,1,4,1,1,1,1,6,1,1,1,1,14,1,15,114,8,1,19,1,6,18,2,8,1,1,19,14,1,1,14,1,12,7,1,1,1,1,10,3,4,1,9,7,25,1,10,1,13,14,1,1,1,1,1,1,1,22,1,14,1,1,14,1,1,16,1,1,8,1,1,1,13,6,7,2,11,18,16,17,11,7,14,1,12,13,12,2,10,7,5,10,21,18,34,1,1,15,12,1,14,14,3,2,1,1,15,20,40,18,1,1,4,6,12,1,1,19,1,1,5,16,1,1,1,8,1,11,1,1,1,1,10,1,14,15,11,2,18,10,13,1,1,16,14,13,14,4,1,61,1,14,7,15,11,1,1,16,10,1,16,17,66,1,17,12,1,17,1,13,11,7,1,9,12,10,13,14,1,1,1,11,1,3,10,4,1,2,23,1,1,1,1,1,1,12,13,14,16,1,18,1,7,1,12,7,6,1,15,10,11,13,19,6,1,1,9,1,1,7,18,1,7,1,1,1,1,1,12,1,19,1,11,1,20,1,23,17,1,1,12,1,1,10,1,18,9,13,1,1,1,5,16,1,1,17,7,16,1,12,1,1,8,1,1,12,1,15,1,1,20,15,14,12,1,1,1,10,1,8,1,1,1,8,19,1,1,12,16,1,11,1,22,1,1,31,12,1,1,1,4,18,1,16,17,12,1,10,1,1,11,14,1,19,21,2,10,1,14,21,11,1,1,1,35,16,10,1,1,10,8,1,1,1,10,19,9,16,14,1,1,1,14,1,11,11,1,1,14,1,1,18,11,12,10,1,2,1,9,1,15,1,1,5,1,22,28,1,7,1,20,11,1,14,18,12,6,4,8,8,11,1,9,1,1,1,1,1,1,11,1,7,6,1,1,29,10,1,1,11,1,17,7,2,15,15,13,1,1,1,17,1,1,1,1,1,5,10,13,1,1,14,20,1,7,1,6,1,4,9,9,11,1,89,16,1,13,3,6,8,1,13,1,11,1,1,1,12,4,15,5,14,1,20,17,1,25,8,1,1,13,11,1,13,9,16,1,17,1,1,9,1,1,21,1,1,1,1,21,16,1,9,11,8,1,1,5,1,12,13,1,1,12,16,10,1,1,7,1,1,1,11,19,1,10,9,1,1,7,2,10,1,1,19,6,10,20,89,1,13,14,10,1,12,6,1,1,12,14,1,37,16,20,6,1,1,1,19,1,1,1,1,7,8,1,1,17,1,12,1,1,15,19,1,1,1,1,1,11,1,1,30,2,1,1,18,9,1,12,1,8,14,14,8,11,2,15,16,41,1,20,1,1,1,1,17,20,11,10,1,1,1,1,1,1,16,8,1,15,16,1,14,1,11,1,2,17,2,84,1,1,1,18,7,1,12,40,1,3,7,12,13,26,1,18,1,1,1,16,1,1,6,12,1,1,16,17,17,12,18,1,1,3,1,10,1,1,16,14,12,18,1,22,1,14,1,4,12,1,1,1,1,1,9,7,1,1,1,13,7,1,1,1,1,9,1,8,11,1,1,16,12,1,14,3,9,5,17,1,15,17,1,8,1,1,1,1,11,17,12,18,12,1,1,21,6,1,12,11,14,1,1,15,9,2,6,9,10,9,1,1,8,1,1,1,1,1,6,1,4,6,1,1,1,1,17,10,20,1,1,5,1,16,13,1,12,18,10,1,11,17,1,1,7,1,1,12,4,1,1,8,1,1,1,20,1,1,8,10,1,11,1,12,1,1,1,1,23,9,1,11,10,1,10,15,1,9,1,3,12,1,1,10,18,8,1,14,1,1,10,1,12,10,11,1,9,1,1,1,10,1,7,1,13,1,1,19,10,11,1,12,1,6,8,12,35,1,1,18,20,1,12,15,13,1,16,12,18,1,1,11,10,37,11,1,2,1,4,10,6,1,19,17,1,1,1,1,16,1,10,17,8,1,7,1,11,21,4,1,7,14,1,1,12,8,1,27,14,21,1,18,1,2,10,14,1,16,1,1,1,13,20,1,11,11,1,1,9,1,14,1,19,62,15,20,1,1,18,1,10,8,1,8,1,1,22,17,1,1,1,1,1,13,1,1,1,11,17,10,1,1,1,6,1,1,1,12,17,13,17,10,8,1,14,1,6,1,1,9,1,7,11,1,5,19,1,1,16,2,105,1,17,19,1,1,6,1,1,14,10,1,12,10,13,17,12,12,24,11,11,1,14,5,1,7,12,15,20,1,22,1,17,6,1,1,2,70,1,1,1,4,1,1,13,1,12,7,9,1,1,5,1,7,1,1,12,1,3255,1,10,1,18,1,14,20,11,22,14,15,1,13,1,1,1,1,9,1,86,13,1,10,13,6,12,11,1,20,6,4,13,1,18,13,17,15,12,8,11,1,28,1,1,1,8,11,1,1,13,1,1,1,13,10,1,10,13,10,30,1,1,1,4,1,1,1,8,1,12,15,15,15,12,1,21,13,1,14,1,1,1,7,2,9,14,8,1,1,1,2,15,1,13,16,1,1,10,1,1,1,13,1,16,32,9,2,1,5,1,11,13,6,18,1,17,1,1,12,10,5,9,13,1,10,15,1,1,1,14,11,11,1,16,1,10,10,7,16,17,12,9,1,13,14,1,1,10,15,4,1,15,16,1,1,11,18,1,12,1,1,19,1,1,1,12,1,15,1,1,19,1,4,11,10,14,1,12,5,5,4,1,15,19,5,1,14,1,6,11,1,1,1,14,1,14,1,1,1,1,7,1,13,12,21,1,1,14,1,9,1,8,1,1,1,12,1,9,11,1,1,15,1,1,6,1,4,3,1,1,11,85,1,1,13,34,1,1,5,2,1,9,11,1,11,15,1,1,2,1,1,1,17,1,10,6,11,1,14,3,1,21,17,1,16,11,1,13,15,11,1,3,9,108,15,9,24,1,1,1,21,14,1,23,1,1,1,13,10,29,1,10,12,1,3,1,1,1,20,16,9,7,1,1,1,18,14,1,1,1,15,14,1,12,19,1,1,1,11,1,1,1,13,1,1,1,15,1,1,1,11,13,9,22,27,42,1,7,17,1,1,12,10,1,16,1,13,16,19,1,1,1,1,1,1,1,8,1,1,1,1,1,17,9,1,2,15,17,1,1,1,11,1,1,1,11,1,6,13,1,10,16,1,1,1,1,10,1,1,1,1,18,1,14,1,1,15,16,14,1,1,11,15,11,1,1,6,11,1,1,1,1,1,7,15,1,17,1,17,12,13,12,10,1,10,1,11,1,14,21,12,1,15,17,1,22,1,12,8,1,16,20,13,1,1,8,5,8,1,1,1,1,1,1,6,1,1,19,2,1,1,1,1,1,10,1,12,15,1,17,15,18,9,1,1,6,1,13,9,1,1,19,7,25,1,1,1,12,13,16,9,17,19,1,24,1,1,10,1,12,1,1,1,13,14,11,11,16,1,13,6,1,1,1,12,12,5,1,1,2,12,28,16,2,17,1,12,1,6,1,8,1,1,1,1,1,15,1,1,10,31,1,5,14,7,15,24,15,1,11,1,11,1,14,9,13,9,1,1,1,6,1,14,2,1,15,1,26,24,12,6,21,1,11,1,2,9,8,10,1,5,1,1,1,1,1,13,1,12,1,5,1,16,2,8,1,1,10,32,21,12,12,2,1,1,1,1,1,12,14,4,11,7,1,13,13,19,1,17,14,1,15,18,9,1,11,3,8,15,17,15,1,1,1,1,17,2,9,1,5,1,1,1,19,85,13,1,1,5,6,1,20,5,1,1,9,15,18,14,9,13,1,1,1,8,1,1,1,12,1,17,20,13,6,2,1,29,12,11,6,11,2,7,1,12,1,6,1,5,13,17,14,1,14,1,1,18,19,10,12,8,15,11,1,1,1,1,16,1,1,1,1,11,18,1,1,1,1,2,1,11,1,14,10,44,1,5,1,1,12,16,19,1,1,11,10,1,1,1,4,1,1,14,23,1,15,1,1,8,1,9,19,12,19,1,2,3,16,17,1,8,1,1,7,1,1,1,1,11,25,1,1,15,1,1,1,16,1,6,1,12,9,15,1,10,15,15,8,1,1,12,1,10,1,1,12,1,16,1,1,1,1,12,8,19,14,11,1,15,1,10,1,16,13,1,1,6,1,1,2,9,15,1,12,14,15,1,1,9,12,2,1,1,1,1,9,1,16,1,1,14,1,1,1,14,12,14,14,15,3,9,4,1,15,1,8,1,1,4,1,1,15,3,1,1,1,1,1,1,10,1,15,1,1,1,16,1,1,1,1,1,1,17,2,1,1,13,1,1,1,16,1,1,1,11,1,1,5,5,1,10,1,8,1,1,18,20,16,1,18,9,1,12,13,101,7,1,13,1,1,1,15,5,1,21,1,10,2,1,1,1,12,18,8,12,1,1,1,13,17,1,5,1,9,18,13,9,57,18,1,43,20,18,1,35,11,2,11,21,22,23,1,10,1,1,12,11,15,1,10,12,1,12,1,1,1,6,1,7,19,5,1,1,1,1,90,1,8,9,9,2,4,1,1,1,13,4,19,5,1,1,1,1,9,6,1,1,1,1,12,3,1,79,11,10,1,1,1,1,1,15,1,7,2,1,1,1,11,1,15,18,3,14,23,7,10,12,12,14,1,16,1,1,13,1,20,14,1,12,1,14,8,1,13,19,2,8,1,10,12,3,1,1,11,17,1,1,21,1,1,6,1,1,1,14,1,1,1,14,1,1,5,14,1,15,1,1,1,1,8,1,11,1,10,1,3,12,1,10,1,1,14,11,12,16,1,7,1,1,1,9,16,1,1,9,1,14,1,10,1,1,1,1,11,14,1,2,1,20,1,1,1,2,1,1,12,12,16,1,19,1,1,14,11,1,14,7,19,1,1,1,19,15,1,10,1,1,8,1,1,8,1,1,1,1,13,9,11,1,1,1,1,11,1,4,5,1,1,16,13,16,1,1,1,35,1,1,11,13,15,1,1,10,11,1,19,10,4,23,8,1,14,8,1,1,9,1,1,12,1,1,8,11,31,1,1,1,6,18,28,1,12,10,1,17,1,18,12,13,1,1,16,1,1,1,1,1,1,19,16,1,16,15,15,5,5,6,1,14,1,12,14,2,1,12,5,13,1,1,14,10,7,10,12,4,1,1,1,9,1,11,1,9,13,10,1,1,1,13,1,8,6,10,13,1,9,18,1,1,1,8,18,1,10,1,17,12,7,22,14,1,18,13,1,7,1,20,1,14,1,1,1,10,1,1,7,1,13,1,1,15,1,2,1,2,1,1,20,16,9,14,10,20,1,1,1,1,7,14,1,1,1,9,2,1,209,1,1,1,16,1,18,1,1,1,1,22,1,5,1,2,1,12,1,1,12,1,25,1,15,3,1,12,14,225,10,11,1,1,2,15,9,1,1,1,1,1,1,11,21,9,7,5,10,1,18,12,3,1,19,1,18,1,184,1,17,6,16,15,5,1,1,1,18,13,1,1,11,1,1,13,6,2,1,20,1,1,1,3,1,1,2,4,2,12,7,11,17,19,18,14,6,1,14,18,1,1,6,9,12,1,16,1,7,24,1,10,1,16,1,16,4,1,1,1,1,1,12,11,11,1,1,1,1,14,1,13,42,1,1,6,8,15,1,1,1,13,15,12,20,12,6,7,4,18,1,1,17,1,4,8,76,13,1,1,1,16,6,13,13,1,1,10,8,1,1,19,7,1,11,13,1,1,15,19,1,1,1,1,1,6,1,14,1,1,6,1,1,1,10,1,1,1,10,24,1,10,1,1,16,1,18,9,10,16,3,1,1,1,1,8,21,1,19,1,1,1,1,1,1,7,20,1,7,5,21,1,7,12,12,15,1,1,12,14,1,11,19,1,1,1,1,1,12,6,1,7,8,1,1,9,7,1,11,4,1,10,1,1,17,15,9,1,1,1,11,1,15,1,10,1,10,16,11,6,11,9,1,3,1,1,1,3,1,15,1,1,2,1,10,13,13,1,1,24,28,1,1,11,1,1,1,1,16,10,10,10,2,16,4,1,9,1,1,1,1,17,8,1,16,45,1,8,1,2,15,4,1,12,12,19,20,1,28,1,1,7,9,14,1,1,1,13,1,1,1,19,1,1,1,1,1,14,3,1,12,1,1,1,1,9,1,22,1,1,1,17,1,1,1,1,8,10,16,1,1,1,1,5,1,13,1,1,1,1,13,1,2,10,11,11,12,4,1,1,1,3,12,1,9,1,1,5,1,1,1,1,1,1,8,1,1,17,9,11,16,11,1,15,9,1,15,1,1,6,4,1,13,1,1,1,10,1,1,11,18,11,9,1,1,1,1,17,11,14,3,6,1,1,1,1,1,7,1,1,17,12,1,12,16,1,13,1,14,1,1,11,17,16,13,1,8,11,31,1,8,1,7,1,1,10,20,16,99,1,14,17,27,7,18,84,10,14,18,1,1,16,1,5,1,1,6,1,1,1,14,1,2,8,15,12,10,1,1,6,10,16,1,12,2,1,19,20,8,12,9,1,13,9,1,19,1,12,1,1,1,8,11,3,1,1,1,8,12,26,1,11,19,16,4,17,18,22,1,2,9,1,1,15,1,16,1,19,1,68,14,11,14,1,5,1,1,13,1,1,18,2,1,1,11,13,2,8,1,15,16,4,8,1,1,12,1,1,1,3,8,10,1,15,1,1,5,1,1,11,10,1,16,8,16,5,1,1,1,1,1,1,12,13,1,16,14,1,1,1,7,19,8,9,1,1,27,1,11,18,1,1,14,1,14,8,25,1,19,67,10,11,1,1,1,13,8,1,1,24,9,10,1,15,20,17,1,7,1,10,15,6,8,1,1,2,1,1,10,1,11,13,1,1,1,24,1,1,16,23,8,7,1,9,19,11,10,1,9,11,1,4,8,1,7,1,1,1,1,1,1,11,1,1,13,1,11,1,1,1,1,10,7,2,1,10,9,11,19,13,1,8,9,12,14,8,15,13,8,8,11,5,1,1,1,12,10,1,1,1,16,1,20,1,11,4,1,18,6,1,13,17,1,7,1,9,1,12,13,19,12,13,1,59,107,4,13,1,21,10,1,9,2,6,13,17,1,97,7,1,1,14,8,7,1,9,1,1,8,21,6,1,18,10,1,13,13,1,7,18,12,1,1,25,1,1,3,1,7,1,1,12,11,14,15,10,1,1,1,1,1,11,1,9,1,10,1,1,19,1,1,10,1,1,1,1,1,12,14,12,17,4,12,16,1,6,8,13,1,18,20,1,8,12,1,1,3,12,1,9,14,2,30,18,12,1,10,11,1,1,16,7,1,1,1,1,1,16,10,1,1,16,14,1,7,4,1,1,34,19,1,2,16,1,17,1,5,1,1,14,1,8,6,19,17,1,9,1,9,19,99,1,9,14,23,1,1,17,3,6,8,2,9,1,1,15,1,10,1,8,1,8,1,12,1,1,12,4,135,1,1,10,12,8,12,1,14,19,11,1,1,10,9,1,1,30,1,10,1,13,44,11,13,1,2,1,1,1,8,1,10,13,1,1,18,12,1,24,1,1,13,1,11,1,18,13,6,13,32,18,1,1,23,1,1,11,11,1,1,17,43,1,8,18,12,13,2,11,9,11,7,8,1,15,1,1,2,13,1,1,12,1,1,7,18,23,1,3,14,1,1,1,11,1,1,14,9,1,14,17,1,1,1,1,20,12,1,14,1,10,14,3,18,1,1,14,5,1,34,8,1,1,3,4,11,13,1,1,1,1,9,77,1,15,1,1,1,11,1,35,3,11,8,5,14,1,1,17,21,1,12,11,1,4,1,33,18,1,12,1,9,1,16,17,13,8,12,2,10,23,1,1,21,14,1,8,1,16,13,1,14,1,9,1,12,12,9,1,1,3,1,10,9,1,10,12,1,11,1,2,7,13,1,1,1,1,10,1,1,16,1,1,2,1,1,10,1,1,9,50,1,1,1,6,10,22,7,12,17,1,1,1,12,15,1,1,9,22,1,1,8,2,1,1,14,15,1,1,11,17,1,13,1,8,13,21,17,1,7,9,15,1,12,1,9,4,11,1,1,1,1,15,31,9,23,13,1,1,12,8,1,9,15,6,15,9,9,1,1,2,15,176,16,11,4,7,14,1,1,1,1,1,10,1,12,1,9,1,2546,1,12,1,1,10,1,21,2,1,1,11,1,1,34,1,19,1,79,13,1,17,1,6,14,1,1,24,1,1,1,7,16,1,3,22,1,60,12,15,1,40,1,13,14,13,11,1,11,8,17,1,60,1,1,12,19,9,1,12,1,10,1,13,1,17,1,1,1,11,2,9,1,1,1,14,12,1,1,1,5,9,1,1,1,1,6,1,1,1,1,12,13,3,14,1,1,10,5,6,1,1,1,1,28,9,1,13,1,1,7,12,11,2,1,13,11,11,11,2,1,1,14,11,8,24,12,10,13,1,15,7,1,7,1,8,1,1,1,14,1,1,7,1,11,14,19,1,12,1,3,1,8,12,1,1,1,1,32,8,1,1,1,13,11,12,13,13,6,9,1,14,13,1,1,1,7,13,18,1,1,13,2,7,13,15,24,1,1,15,1,14,1,8,8,1,13,14,1,14,19,1,12,1,1,11,21,1,1,1,12,28,2,13,14,17,1,1,1,1,4,21,16,1,1,1,13,12,16,1,1,1,1,8,1,1,24,1,6,18,11,1,17,17,1,15,1,1,8,1,22,14,1,1,11,283,1,11,46,13,1,1,19,6,1,2,13,13,1,1,11,17,89,7,9,1,13,23,1,1,1,2,9,1,1,1,15,1,16,10,1,16,2,1,1,10,12,14,1,12,1,1,6,1,1,8,6,1,1,1,1,12,5,1,1,12,10,1,1,1,19,1,17,21,1,11,10,22,10,13,1,10,1,2,1,21,1,8,20,10,1,6,1,15,1,20,16,10,18,1,1,1,1,9,12,1,48,10,1,1,17,12,1,11,3,18,1,25,20,1,11,11,14,15,22,22,9,12,19,14,8,7,1,4,1,1,1,15,7,1,6,14,13,1,5,1,1,14,1,4,3,9,1,1,16,13,19,16,55,16,3,7,17,1,1,20,13,11,1,1,12,1,1,1,11,1,13,1,70,12,11,10,1,12,2,1,12,5,13,8,1,1,17,27,19,18,15,10,7,7,1,1,69,1,1,1,1,1,2,1,15,1,1,6,1,23,11,14,2,14,1,10,13,20,1,1,1,16,1,14,1,13,8,1,1,1,9,1,4,28,19,1,7,20,1,1,9,14,1,119,1,15,16,1,1,8,10,13,6,6,123,22,1,16,5,2,1,1,7,10,7,19,6,1,1,1,1,11,1,1,1,10,1,1,1,1,15,25,4,10,1,1,1,1,1,9,2,1,16,15,13,17,1,12,8,1,1,1,1,1,12,14,1,1,19,3,1,11,2,11,8,1,9,17,12,1,1,9,1,13,1,1,1,1,1,1,1,1,1,1,5,11,7,11,18,9,1,1,1,16,1,1,20,19,1,1,1,1,1,1,17,5,20,12,12,10,1,21,12,1,14,1,8,6,4,10,9,1,1,1,3,7,1,1,1,2,9,8,1,5,13,1,2,1,1,1,1,1,1,1,17,1,1,1,1,15,1,1,1,1,1,15,1,18,1,1,1,1,7,1,11,10,9,1,19,1,1,9,1,18,10,15,1,1,1,11,25,1,1,1,1,1,10,1,14,14,1,15,16,1,1,2,5,1,1,1,1,13,1,10,11,1,10,1,11,11,1,13,8,5,1,1,1,14,12,1,1,10,1,1,1,1,19,1,8,1,1,1,1,10,1,1,18,1,35,7,1,9,1,1,1,1,15,1,1,1,1,40,18,17,1,1,2,10,1,10,1,1,13,1,17,8,18,1,19,1,1,1,20,18,2,1,8,20,1,1,1,206,1,1,12,1,2,1,10,16,14,10,3,1,1,4,7,15,1,1,16,6,19,1,19,7,1,1,17,5,1,1,1,1,10,11,1,1,19,5,1,1,3,8,1,8,1,14,1,14,1,15,16,1,1,1,14,1,1,15,1,1,1,1,1,10,1,21,6,1,12,13,11,19,15,10,1,1,16,17,1,11,6,18,26,1,20,1,22,11,14,1,1,1,12,1,17,13,16,15,1,11,10,2,17,18,3,1,11,10,20,1,1,10,1,1,1,1,1,17,1,1,1,1,7,15,1,20,17,1,7,1,1,22,10,1,8,18,1,1,8,7,16,1,1,9,1,26,21,1,10,1,10,13,14,1,1,1,17,1,9,8,1,17,8,1,1,6,8,1,1,1,1,14,1,7,69,20,1,4,1,1,13,1,1,10,16,1,11,1,1,1,1,5,1,15,2,1,1,12,10,1,1,8,7,1,1,14,1,1,12,20,1,1,1,28,1,4,1,14,1,8,1,16,1,5,1,5,11,1,18,10,1,12,1,17,1,1,11,1,1,5,18,5,1,1,1,8,10,1,10,3,1,1,1,1,14,34,7,10,11,4,1,1,13,17,1,12,1,20,15,21,1,21,1,11,13,1,22,1,7,1,16,1,10,1,1,11,7,17,14,17,1,14,1,1,1,1,1,9,1,1,1,1,3,1,1,8,15,1,18,4,37,1,4,12,6,1,10,12,1,15,1,1,13,7,18,1,1,1,11,1,1,1,18,1,16,20,1,1,9,19,6,20,1,3,1,1,1,18,18,12,1,6,2,11,11,13,1,13,1,1,1,20,9,14,1,1,11,16,22,1,1,16,1,1,1,16,1,13,13,1,1,15,1,1,1,1,22,21,1,1,11,1,12,7,1,16,10,1,15,1,94,1,12,1,16,1,3,6,22,23,1,9,1,9,33,2,17,1,1,9,1,15,1,18,15,2,6,12,1,1,188,1,1,14,13,6,1,1,15,1,11,1,10,8,12,18,1,24,14,1,1,12,14,1,12,3,16,1,1,9,2,1,1,16,1,12,10,14,1,6,9,15,17,1,1,1,19,1,20,1,30,21,11,13,9,7,1,11,17,1,1,1,1,12,14,1,8,10,1,1,1,16,6,1,1,1,12,1,1,14,15,1,1,8,1,1,12,17,3,1,10,1,12,2,1,1,15,1,13,1,14,34,1,22,1,1,16,1,8,12,1,10,17,19,6,1,16,1,1,7,1,1,1,1,1,14,1,14,1,1,1,1,1,13,16,18,1,4,15,21,9,1,13,13,20,1,1,116,6,9,13,15,5,15,14,18,8,1,1,17,1,1,1,33,1,71,16,14,5,6,12,1,9,1,1,1,10,1,5,1,1,96,26,1,8,1,8,16,1,1,12,11,17,1,1,1,15,1,1,1,1,16,1,1,23,1,7,2,12,7,15,1,1,9,13,7,1,9,1,13,1,1,17,12,11,1,1,1,11,1,1,1,1,1,18,22,11,1,2,17,43,4,10,19,17,1,14,8,1,1,1,1,1,8,4,1,1,1,6,1,6,1,12,1,1,11,11,11,1,10,14,5,1,14,9,1,1,7,18,1,15,24,1,1,3,1,15,1,1,1,16,11,17,13,13,13,1,15,2,10,11,1,9,3,1,1,1,20,9,1,11,1,1,2,2,6,1,10,1,14,1,24,17,1,1,1,13,18,6,9,23,1,23,1,1,17,13,17,12,1,16,13,1,12,8,16,3,13,1,1,22,1,25,11,1,12,1,1,13,16,13,1,6,11,11,1,1,10,1,14,12,11,1,1,10,11,20,1,12,1,1,1,13,8,1,1,1,16,1,19,1,1,15,9,20,12,1,18,10,1,8,15,1,13,1,1,1,1,19,1,20,1,9,25,1,6,11,1,1,19,1,9,12,15,4,1,1,1,8,1,1,21,6,1,54,1,1,24,15,14,1,9,1,25,1,38,9,1,13,13,1,14,13,1,1,1,11,1,1,2,18,1,1,15,1,1,6,14,1,12,13,9,14,1,1,1,21,8,7,1,13,1,12,12,1,1,1,2,1,1,6,1,5,9,1,1,16,1,7,1,14,11,9,1,50,11,1,10,1,16,1,1,1,1,1,9,7,1,1,14,1,17,15,12,7,1,1,1093,10,14,16,10,1,1,1,21,9,1,7,9,14,1,1,15,136,1,1,1,6,1,11,10,1,1,1,5,1,1,1,1,1,11,6,1,5,1,1,1,8,8,1,11,12,11,1,1,16,17,15,13,19,1,13,16,13,10,14,1,1,35,19,1,11,16,17,6,1,1,12,10,1,10,13,1,1,8,1,11,8,1,16,10,1,14,15,1,8,1,1,2,1,1,14,21,1,13,19,1,8,12,11,18,34,1,2,1,18,9,158,1,1,9,7,9,1,1,8,17,16,14,8,11,12,15,20,8,15,14,9,11,1,9,1,1,9,17,1,1,6,1,1,13,1,7,5,132,1,1,1,10,1,10,1,1,1,10,18,1,1,1,88,1,16,18,7,1,11,1,1,1,9,15,1,13,28,3,19,9,10,9,295,1,15,13,1,3,1,10,11,19,1,1,1,7,5,1,8,6,13,1,17,9,1,12,1,22,10,1,10,1,1,10,9,1,18,8,13,27,9,1,11,71,1,1,1,11,5,4,18,1,1,1,1,1,1,1,8,1,10,13,1,7,1,15,13,1,9,14,23,8,7,1,7,18,18,1,11,19,10,1,6,14,1,1,1,13,8,26,6,1,1,18,1,1,1,7,1,1,1,1,1,18,2,8,17,1,15,15,1,1,11,1,15,1,1,54,1,12,1,13,1,1,11,1,9,1,13,14,13,117,1,15,14,13,8,20,2,6,11,17,1,10,14,1,15,1,17,8,1,1,14,21,27,12,1,1,13,9,18,322,1,13,1,8,5,1,7,14,1,1,10,1,18,1,3,1,1,8,16,19,21,21,12,1,13,11,1,1,16,1,1,1,2,15,1,1,3,11,30,2,12,1,3,9,1,91,7,16,18,1,6,1,15,12,7,1,1,16,1,1,16,1,17,13,15,1,1,12,2,16,1,10,1,1,13,11,12,15,1,7,1,2,11,1,9,9,13,9,1,1,7,9,17,1,1,1,13,13,16,1,1,14,1,1,13,1,2,1,2,1,4,18,1,50,1,1,9,1,10,1,1,14,13,1,12,1,14,1,1,6,1,1,20,8,1,1,2,1,1,12,1,1,11,21,19,15,11,1,10,6,1,16,6,13,6,1,14,1,14,1,1,1,1,1,1,7,14,1,12,1,1,1,1,6,1,1,1,9,9,1,1,11,1,10,1,17,1,1,1,9,1,1,13,1,24,1,13,1,5,15,1,14,11,1,10,18,1,1,1,1,1,14,1,1,6,1,5,1,1,11,12,2,17,30,1,1,1,1,1,1,13,1,11,17,12,1,17,8,1,13,2,16,13,1,1,12,1,1,1,9,4,20,1,65,1,1,11,6,12,13,1,19,14,14,15,20,1,1,1,19,1,11,1,1,100,1,1,13,1,13,1,9,1,1,13,1,1,7,1,1,16,10,13,2,19,9,1,7,1,1,13,13,1,1,2,1,14,12,6,19,1,7,1,17,8,15,1,1,1,13,1,9,16,9,12,1,14,24,1,5,1,8,11,1,15,4,1,1,1,1,16,1,1,16,1,11,1,12,1,16,48,1,78,1,10,1,1,21,17,13,7,22,12,10,1,1,1,14,1,1,14,11,7,1,1,9,16,2,5,10,16,1,1,1,9,29,7,1,3,14,5,2,1,16,1,22,14,1,15,15,109,1,7,13,1,1,11,11,1,14,8,1,24,26,10,1,11,57,10,1,13,1,1,1,1,61,1,6,8,11,14,1,4,16,4,14,1,1,1,6,1,2,1,1,1,8,1,1,16,16,29,10,1,17,11,1,12,15,21,1,1,5,8,1,1,6,6,7,11,12,9,8,1,1,1,12,22,1,1,16,11,1,1,13,1,8,1,1,11,3,1,14,1,11,1,1,17,15,1,17,8,1,4,1,1,2,1,1,1,12,17,15,1,1,16,1,1,15,11,16,15,1,13,14,1,1,1,14,1,14,1,541,1,1,14,1,8,6,10,1,6,1,11,1,11,1,1,15,1,13,12,9,11,24,13,1,2,1,14,1,18,16,9,18,8,1,11,8,1,1,1,11,1,5,12,8,1,10,26,1,36,1,1,1,1,10,1,8,12,14,17,18,1,15,25,4,7,18,6,1,14,13,10,2,25,1,1,1,21,6,13,1,1,13,10,9,1,8,11,6,1,7,29,11,1,1,19,4,10,1,1,1,1,1,14,1,1,1,1,1,7,1,10,1,2,5,1,9,13,1,119,1,1,16,13,4,1,1,9,12,1,10,2,1,95,22,24,1,1,17,14,22,8,1,14,16,1,1,14,1,16,10,35,1,1,1,1,1,11,14,1,10,11,1,1,4,1,1,1,1,1,1,3,16,18,1,1,11,1,16,10,14,14,1,20,1,1,1,1,1,33,1,8,1,1,20,1,18,1,1,1,13,1,18,1,9,16,1,1,98,5,13,1,1,1,1,16,30,1,12,9,6,1,2,20,1,111,1,16,10,2,2,15,1,10,1,9,11,1,10,11,1,15,21,2,1,1,1,1590,25,1,13,1,15,1,17,8,16,10,1,1,1,11,1,1,1,1,1,1,1,4,1,1,1,133,1,1,1,12,1,1,7,12,16,9,1,13,2,1,10,1,10,1,2,9,5,5,1,1,1,10,2,13,9,1,1,10,14,1,1,1,5,18,11,13,1,15,1,12,1,15,13,8,7,58,1,1,667,1,6,1,1,1,7,14,1,10,1,1,13,1,15,1,1,3,20,1,13,10,1,1,1,17,1,18,1,11,12,15,1,1,1,1,1,1,1,13,8,110,15,9,17,18,1,15,1,7,20,11,1,7,1,42,1,1,1,1,15,9,12,4,3,1,1,24,13,12,1,17,1,1,1,1,1,1,1,1,1,12,1,17,1,8,1,17,1,1,8,1,21,10,24,2,1,1,5,11,16,1,13,1,1,1,1,1,14,5,17,20,23,1,1,11,1,14,2,10,14,1,1,15,1,17,3,1,1,13,15,13,1,24,12,1,16,16,1,1,17,10,15,12,15,1,16,1,6,12,1,1,1,1,1,11,8,1,5,4,5,20,12,13,1,1,1,1,14,1,13,8,7,28,12,18,1,1,1,1,9,1,1,1,7,1,12,1,9,1,1,12,1,17,9,1,17,1,1,1,7,9,1,6,1,11,1,1,1,1,6,1,29,12,1,14,15,1,1,1,13,14,1,5,1,3,4,14,1,3,8,1,7,1,10,10,12,4,1,15,5,1,1,1,20,15,22,8,1,12,1,1,11,1,6,1,1,1,12,1,10,19,1,1,37,1,11,1,2,24,1,2,1,1,1,1,1,14,1,1,1,16,1,67,11,12,1,13,1,14,18,1,21,1,3,14,14,1,11,9,1,1,1,1,9,7,5,1,10,1,1,1,1,1,1,3,1,1,1,24,1,1,16,10,1,17,1,12,15,1,6,1,12,1,14,12,2,1,9,15,6,1,1,2,1,1,1,16,1,17,2,1,16,1,1,21,16,1,1,14,1,1,5,1,5,10,18,27,6,1,11,12,7,9,13,1,1,13,1,18,16,1,7,1,10,1,15,11,2,5,2,1,15,1,9,1,13,1,21,10,14,16,1,1,1,17,1,9,15,15,1,8,1,10,1,1,14,13,31,4,14,1,1,1,1,33,13,1,1,1,7,12,1,11,5,1,11,1,1,5,26,14,1,1,1,1,1,12,17,1,1,12,2,1,10,14,11,16,10,17,10,17,12,15,1,1,1,14,15,11,10,1,11,1,13,7,69,16,1,32,1,10,1,10,8,17,1,1,1,1,1,7,5,13,4,1,15,1,9,1,11,44,14,1,4,11,1,14,2,1,1,1,38,1,11,1,1,16,16,1,1,10,1,11,1,18,10,19,1,7,1,1,7,1,7,1,1,1,1,4,12,5,6,14,17,1,1,13,5,13,1,10,19,1,12,16,8,11,16,18,1,1,17,14,1,6,1,7,1,18,1,9,1,1,1,1,17,1,1,1,1,1,1,3,14,1,13,15,8,1,1,9,9,1,14,1,8,21,14,19,15,1,1,1,1,17,1,1,1,1,1,1,14,11,12,9,8,1,11,1,18,1,14,1,1,26,12,57,1,16,20,1,15,1,1,29,1,1,2,1,1,1,14,1,1,1,1,1,11,5,1,1,8,1,11,1,1,13,11,1,1,18,6,21,1,1,11,1,1,11,16,9,1,17,9,12,11,14,6,11,1,1,1,4,1,8,1,1,1,23,1,1,11,1,10,9,10,1,1,1,1,1,1,1,17,5,21,12,1,22,6,1,12,12,1,3,15,5,1,13,1,5,13,1,1,9,1,1,6,22,33,17,23,14,3,1,14,1,1,1,1,8,14,1,23,2,1,1,1,1,9,17,14,6,9,14,1,15,17,12,1,6,1,1,20,10,1,6,1,10,2,1,13,1,1,7,1,9,1,11,1,5,1,13,14,1,12,3,1,1,1,1,5,12,1,9,1,1,1,1,1,21,12,16,8,13,8,1,2,8,15,1,11,1,1,11,1,1,1,1,14,1,17,1,1,1,1,18,1,9,12,1,16,14,10,7,16,17,1,4,12,21,8,1,20,1,25,17,11,11,7,12,3,1,1,14,1,514,1,1,1,1,12,1,9,1,14,8,7,16,16,1,10,1,7,1,10,15,59,15,1,1,1,1,10,7,1,1,13,6,1,1,2,14,56,1,1,8,1,1,1,12,1,1,1,14,23,21,1,58,9,1,1,5,10,13,1,1,1,12,8,1,15,1,1,1,4,11,2,1,2,1,12,16,1,6,1,1,1,16,1,13,11,1,13,11,1,1,1,1,1,1,13,1,25,9,9,11,17,16,10,1,1,18,9,12,8,1,7,1,1,26,1,1,10,30,10,2,1,1,13,5,1,1,1,11,9,25,8,1,11,23,12,1,1,11,1,11,1,1,2,1,1,18,14,35,7,1,23,1,1,1,16,1,1,1,16,13,13,1,12,1,8,1,15,11,11,1,1,12,6,11,10,1,1,9,1,13,1,3,1,10,11,10,2,12,4,2,2,6,1,1,1,17,1,1,25,21,14,1,1,1,17,6,22,1,17,1,8,17,11,10,1,5,1,1,14,1,17,19,1,2,22,30,1,9,12,6,15,17,1,1,1,11,1,10,9,1,12,1,6,1,11,1,1,1,1,14,14,11,1,1,1,12,1,15,10,1,1,7,11,1,1,1,17,1,1,1,23,1,1,10,1,17,16,8,13,1,13,1,8,1,1,9,1,1,12,17,19,1,1,1,1,1,14,5,1,1,10,4,1,10,7,1,14,29,27,4,8,18,1,1,1,25,1,1,16,2,8,7,1,1,10,1,1,19,1,23,12,11,17,5,14,11,17,9,4,7,1,1,1,1,16,11,1,1,1,1,16,1,5,7,4,13,1,7,1,1,2,12,13,27,1,10,14,19,12,15,1,21,24,1,1,34,6,1,13,1,36,11,3,12,32,1,12,8,16,253,9,12,15,1,9,1,163,10,67,1,9,8,1,2,1,1,1,1,15,5,1,16,3,7,1,1,1,1,1,1,1,10,9,13,26,21,18,1,11,1,5,6,6,1,10,19,21,11,12,11,1,1,12,4,1,14,1,9,1,14,1,19,15,15,12,13,1,9,16,1,1,11,1,1,1,1,8,22,10,1,1,13,6,17,6,6,1,14,1,1,1,3,18,1,3,7,1,80,1,1,9,1,15,1,9,4,11,11,1,1,4,1,6,1,13,12,16,13,13,9,19,1,1,1,5,12,16,1,17,1,5,10,1,1,1,1,15,12,1,19,1,1,9,15,12,1,10,1,1,26,1,13,18,1,9,1,78,12,60,5,1,1,11,1,12,24,21,1,5,1,16,10,1,9,6,1,11,15,10,1,10,13,1,7,18,8,9,12,1,13,9,10,13,1,1,1,1,13,1,17,13,1,1,6,14,2,1,1,7,1,1,20,1,1,8,1,8,7,7,5,1,12,1,9,1,2,1,18,1,12,1,7,1,1,9,1,1,19,1,1,1,1,1,1,4,1,15,16,1,1,12,1,1,11,1,17,1,2,15,90,14,10,1,1,1,15,24,23,13,1,1,1,9,7,1,1,1,1,1,1,1,22,10,9,8,1,11,12,1,1,1,14,1,1,8,8,13,1,1,158,12,15,20,17,1,12,1,1,10,17,2,10,1,2,1,11,19,1,13,1,1,1,16,1,10,14,31,1,1,12,13,14,15,17,1,1,1,17,1,1,1,1,14,1,1,1,1,1,10,9,1,13,2,1,8,1,16,10,18,1,1,1,1,2,1,17,1,1,11,5,1,24,1,1,1,1,1,12,1,35,1,16,19,11,4,1,4,1,11,1,1,14,24,11,15,13,1,1,1,1,2,1,14,12,22,2,14,5,1,89,16,12,1,6,1,14,23,1,3,1,1,1,12,10,13,1,1,1,1,9,15,22,25,12,18,1,1,1,14,12,1,18,1,1,15,12,7,1,9,17,1,9,4,1,7,1,1,7,21,1,1,1,15,1,12,30,17,1,1,1,1,1,8,1,7,1,1,1,13,6,14,16,1,2,1,1,7,21,9,9,1,1,1,92,1,21,1,1,1,1,14,1,1,9,14,15,12,12,14,1,12,1,16,45,1,1,1,17,1,11,1,13,1,1,14,13,17,1,1,15,1,1,213,1,1,3,9,15,1,7,13,16,1,12,1,1,1,1,1,1,18,13,10,1,1,1,9,1,19,10,1,1,1,1,2,11,15,7,1,1,1,17,1,1,9,1,10,1,9,1,1,8,4,11,1,1,7,1,8,7,12,1,11,12,122,1,1,1,12,1,5,17,3,6,6,7,1,12,7,8,13,12,1,25,1,1,20,8,1,89,1,7,1,8,9,13,11,1,8,7,10,19,1,13,1,1,1,11,16,1,6,10,1,11,4,17,16,1,1,1,1,8,20,14,12,12,1,12,1,10,5,9,14,8,1,14,1,15,12,1,16,1,1,10,10,1,1,1,15,1,21,1,7,7,1,13,1,6,12,1,15,24,9,8,1,5,1,5,12,1,17,33,36,1,14,14,1,13,10,1,1,1,8,1,8,7,16,1,1,1,79,1,3,1,8,1,22,11,21,13,1,1,24,16,10,1,1,1,1,10,8,1,1,1,1,1,13,10,1,6,1,1,1,1,1,81,1,16,20,9,1,1,1,1,1,1,5,9,1,7,50,1,8,16,1,13,1,20,1,1,31,1,14,6,12,1,1,14,17,7,1,5,15,15,8,1,6,11,10,10,1,14,10,16,15,19,15,7,1,1,16,1,33,1,9,7,1,19,20,7,14,1,1,1,11,1,1,1,1,1,9,1,1,10,13,1,3,1,1,10,19,17,14,1,5,13,1,1,1,7,10,15,3,13,13,11,1,5,10,2,1,1,18,1,10,19,1,12,1,14,1,16,1,1,17,1,1,23,1,15,1,1,5,1,20,16,12,16,15,4,32,1,6,33,17,1,11,234,14,22,1,19,1,8,1,14,9,1,23,15,1,1,21,17,1,1,1,12,1,1,8,5,12,1,1,13,1,2,13,15,17,1,1,6,1,13,8,1,14,1,12,12,6,10,1,2,8,1,26,1,2,14,1,12,1,17,8,23,18,1,1,4,1,1,18,1,1,1,1,1,2,9,1,21,14,2,1,6,1,1,13,8,7,1,1,1,18,1,114,9,1,23,10,17,1,12,7,1,1,10,17,17,20,1,11,17,1,1,1,18,1,13,1,8,1,95,29,10,1,9,13,13,1,1,17,1,24,20,1,1,1,1,1,15,20,5,1,7,1,10,9,14,1,2,1,7,1,1,1,13,17,32,13,1,13,1,2,1,1,6,9,17,12,1,1,1,1,6,6,1,3,5,13,1,27,1,12,9,1,16,1,16,1,16,11,1,10,1,1,17,1,1,1,4,1,11,11,23,3,17,107,1,8,15,1,14,6,8,19,1,2,13,1,1,15,17,17,16,5,1,1,1,13,1,1,16,16,1,13,24,1,1,8,2,1,1,19,1,1,13,1,1,1,12,1,1,1,1,7,9,13,1,16,17,4,1,1,1,1,29,1,5,15,1,1,9,1,11,1,1,39,1,8,18,10,15,5,1,14,1,1,1,1,28,15,9,8,1,9,13,1,1,12,13,8,19,1,15,18,1,18,15,5,10,1,18,1,1,1,15,1,12,1,1,1,1,12,6,1,19,12,1,10,11,27,1,1,16,13,3,1,1,12,5,1,1,1,16,9,28,1,16,1,1,13,1,1,1,24,17,1,7,11,11,10,1,1,1,1,300,1,1,13,1,29,1,11,9,14,7,9,1,1,12,15,10,1,1,11,1,5,1,2,1,1,14,1,20,13,20,1,1,1,2,1,1,17,1,1,1,1,11,7,1,1,13,1,12,5,1,1,11,1,49,1,15,1,1,1,28,1,11,1,1,14,11,10,3,13,9,15,13,1,1,1,3,1,9,1,1,1,14,1,15,1,9,2,1,15,6,13,20,1,11,1,1,1,13,8,17,14,1,17,9,1,16,1,1,1,1,12,1,14,1,16,12,14,12,29,1,1,14,9,12,1,1,1,1,29,1,1,15,7,1,18,1,15,1,1,13,18,20,1,18,3,1,15,1,1,12,12,9,1,8,12,10,1,1,12,1,16,1,8,1,1,1,17,1,11,1,1,6,1,1,9,20,1,1,1,1,9,1,1,17,13,63,17,1,9,10,2,1,17,1,1,13,13,7,8,15,6,1,1,2,1,6,12,1,19,1,7,6,16,2,9,19,1,1,13,16,13,1,1,1,17,16,1,1,1,14,1,14,1,1,11,1,8,13,15,1,20,2,1,1,15,14,1,1,15,3,1,12,1,1,1,11,11,8,11,10,19,6,1,12,1,1,1,13,15,1,1,13,1,9,12,21,9,18,1,2,9,1,7,9,10,14,1,5,15,7,1,1,1,13,1,1,1,13,57,18,8,9,1,17,1,10,55,1,6,1,5,1,1,1,1,16,14,1,16,12,1,1,1,16,1,1,11,12,1,11,3,1,1,8,18,9,11,9,1,13,10,3,1,1,1,9,8,1,2,1,15,1,1,1,11,9,1,1,1,16,1,9,1,12,1,11,1,1,26,16,1,1,18,1,1,1,12,1,9,1,10,1,1,16,11,1,21,21,15,40,1,1,1,1,14,4,10,1,17,7,2,10,1,1,10,1,10,1,7,17,6,2,7,1,9,9,1,1,1,1,1,10,4,13,1,4,15,17,9,1,16,28,17,18,11,10,5,1,1,13,2,14,15,1,1,1,1,1,1,13,20,26,10,12,12,16,1,1,1,6,18,1,1,1,16,8,3,9,1,1,9,1,8,16,1,1,1,2,1,8,1,1,2,1,14,1,1,1,1,3,1,1,1,1,1,8,1,8,3,9,14,12,14,13,1,13,1,2,1,2,1,1,1,13,1,1,7,1,11,1,16,19,1,1,16,1,11,6,11,1,24,1,18,1,7,15,1,1,1,1,1,2,7,15,2,6,1,1,1,9,1,1,1,12,1,1,22,1,11,1,92,14,1,1,8,14,1,9,4,1,1,18,15,17,1,1,1,14,11,1,8,22,17,1,1,1,2,1,6,1,1,1,16,15,17,9,1,1,1,1,1,13,12,7,6,1,76,9,1,5,1,2,9,1,1,1,1,1,14,1,17,1,13,17,15,3,18,1,6,6,2,17,1,1,14,33,1,1,1,10,13,1,12,6,1,1,8,12,1,1,1,1,1,1,19,14,1,8,12,4,1,12,1,12,6,13,8,17,7,16,1,1,1,12,1,1,28,11,1,1,1,1,6,16,5,1,14,8,1,14,1,2,1,36,1,1,20,18,11,1,11,16,1,1,1,11,10,1,11,1,1,12,1,1,1,18,5,8,1,1,6,1,1,17,1,11,1,1,20,1,6,21,1,7,9,1,1,16,12,40,1,11,1,8,11,1,11,42145,12,1,15,1,1,10,1,33,17,17,1,1,1,1,11,11,12,7,1,1,1,18,10,1,16,1,1,21,1,1,1,2,15,14,15,14,1,1,1,13,14,18,11,1,1,1,1,14,11,1,1,9,1,12,3,19,6,1,1,1,13,15,19,1,11,19,9,13,1,66,1,9,14,1,19,1,38,1,11,3,10,1,12,1,17,1,1,21,1,1,11,19,1,19,9,3,1,20,1,11,1,20,9,1,14,13,10,1,1,11,23,1,12,13,6,12,1,6,13,18,9,1,16,1,11,12,19,1,4,1,12,1,1,14,8,1,1,1,9,14,1,1,1,8,22,1,10,1,5,13,16,15,1,1,16,9,1,14,17,1,19,10,11,1,17,19,1,2,1,1,10,11,27,25,27,13,1,10,1,11,4,7,1,15,1,1,1,15,1,13,11,1,20,347,14,22,12,1,1,17,1,1,13,1,1,1,10,10,17,17,11,17,7,1,1,1,16,11,1,1,1,14,9,21,1,3,1,8,7,1,1,18,11,1,2,24,24,15,1,16,21,1,1,19,1,1,12,1,11,15,14,1,23,2,13,15,1,1,1,13,1,10,5,1,13,1,24,1,4,1,7,1,13,1,1,10,1,8,10,1,18,103,1,1,1,1,19,1,1,15,1,1,1,1,1,23,6,15,1,12,10,1,1,16,6,1,1,10,1,10,1,7,16,1,5,2,17,1,10,5,1,14,1,1,15,1,11,32,1,13,13,1,14,11,5,1,1,1,1,1,1,16,1,15,6,1,1,19,1,1,13,8,1,20,1,16,1,1,1,1,7,1,11,3,12,19,1,18,1,6,1,1,1,1,1,1,1,6,1,1,21,1,69,10,1,7,13,16,17,11,17,1,6,2,1,3,1,16,12,1,1,10,1,1,7,24,13,13,1,14,11,3,1,18,10,16,1,17,1,9,8,1,4,8,13,4,14,12,12,14,15,1,1,1,12,1,1,9,1,1,1,17,1,13,12,15,11,1,1,1,1,1,1,1,1,1,20,1,15,19,1,1,1,11,1,18,1,1,11,1,1,1,1,1,10,9,1,2,1,11,1,10,1,12,9,13,1,1,1,1,1,1,1,24,1,16,2,18,1,1,1,1,1,2,6,14,1,1,1,1,1,1,1,8,3,1,1,1,4,16,10,1,1,1,1,1,1,3,14,1,17,10,1,2,12,9,15,1,1,1,22,14,1,14,1,1,1,7,1,1,1,1,1,1,1,1,21,10,7,1,1,17,2,8,56,1,18,1,7,27,24,16,11,1,31,1,5,1,19,1,1,10,1,11,1,1,13,8,1,1,14,1,1,13,1,13,1,17,11,1,1,14,16,1,12,1,1,8,1,1,1,19,9,1,4,1,16,1,10,1,1,1,1,1,1,10,1,1,1,1,10,1,15,10,1,1,14,1,8,1,1,8,1,1,7,54,1,1,10,1,1,1,17,1,12,1,12,16,13,1,1,6,1,10,1,1,1,12,10,1,2,9,12,1,1,12,15,14,7,1,1,16,1,1,19,19,1,1,1,9,1,1,14,16,1,1,1,19,1,1,19,1,1,5,1,1,8,14,21,14,1,1,1,16,13,1,1,9,2,11,13,14,1,9,1,1,1,14,1,1,1,13,9,13,2,13,1,12,1,1,9,1,1,1,10,5,10,1,13,5,10,1,4,1,1,10,12,1,1,1,12,4,13,6,12,1,27,19,4,1,8,6,13,11,1,1,11,1,12,1,18,9,1,1,1,16,11,22,13,18,15,100,1,1,10,1,11,2,12,1,1,15,13,6,17,3,30,10,22,15,14,1,2,12,1,1,18,9,12,19,1,15,15,1,4,1,1,8,1,1,1,1,1,1,1,21,1,1,3,16,1,1,1,28,7,15,12,1,14,1,1,16,21,1,1,13,1,12,1,16,1,12,7,13,22,1,18,24,1,13,1,67,14,1,13,1,1,17,1,13,10,1,14,13,1,21,1,13,1,15,1,19,19,26,488,1,19,20,1,10,6,12,1,14,12,1,11,16,1,12,1,6,1,10,19,12,1,1,8,3,1,1,1,12,2,1,8,11,17,14,9,11,1,1,1,1,10,18,12,2,1,13,12,5,1,1,1,1,1,1,12,75,1,13,7,12,13,15,17,15,1,15,1,1,1,3,10,1,14,13,8,1,1,7,13,1,12,13,1,3,4,1,1,8,2,1,1,1,13,13,1,14,11,2,12,1,1,15,1,1,1,36,5,9,11,11,1,11,16,20,1,16,1,1,1,13,1,1,1,12,1,16,13,14,11,1,1,1,1,1,1,6,1,14,9,1,11,10,1,1,1,1,14,9,1,1,18,4,15,8,1,1,11,6,14,13,1,1,27,1,1,15,1,1,1,14,18,16,1,1,1,1,6,22,1,16,14,20,18,1,1,10,1,10,3,1,10,1,16,1,17,35,1,6,1,15,12,1,2,1,1,21,1,10,2,17,11,19,1,19,14,23,16,15,1,13,1,12,1,13,1,1,1,1,2,1,1,1,21,1,1,1,20,1,19,1,23,7,1,2,1,1,11,3,12,7,1,1,1,3,5,14,1,10,1,1,9,1,7,14,7,21,1,18,1,1,13,1,17,1,1,21,1,16,15,18,1,1,1,9,1,1,3,1,13,1,2,9,12,1,10,64,1,1,1,1,1,1,1,11,1,18,11,9,1,16,10,13,1,12,1,15,1,1,1,11,1,2,8,13,1,7,1,1,13,1,1,2,18,1,1,1,12,3,8,1,1,21,4,1,1,9,18,1,13,11,1,3,14,1,1,16,9,1,1,1,16,1,4,13,17,10,14,16,1,1,9,11,1,20,1,1,16,3,1,23,1,3,7,1,1,1,8,1,9,13,1,20,1,1,14,1,16,6,1,10,1,1,1,15,13,11,12,1,1,12,14,19,20,1,1,9,1,1,22,11,1,5,5,2,1,13,11,12,11,1,7,1,1,1,1,10,1,12,7,11,7,1,1,13,16,10,1,10,15,6,17,1,20,102,17,9,3,8,7,1,28,3,14,14,1,1,14,1,14,10,1,14,12,1,1,1,1,11,1,18,10,13,18,1,1,16,1,10,7,1,4,15,11,11,17,17,1,10,1,1,17,1,1,1,1,20,1,1,1,21,1,1,17,1,1,1,82,1,12,1,10,9,3,1,1,7,13,41,1,12,5,11,14,1,11,1,5,15,6,1,1,1,1,19,1,10,18,14,14,11,1,1,12,11,1,1,6,4,13,9,18,1,10,1,1,11,13,1,5,1,9,1,17,14,15,12,1,14,8,1,1,9,1,6,16,14,26,1,95,16,12,19,13,1,21,1,93,9,13,17,1,1,28,14,1,9,15,6,11,22,18,33,19,7,9,11,1,13,14,8,1,1,1,1,1,1,22,8,8,18,6,1,1,17,24,15,5,8,8,3826,1,1,1,11,1,9,1,13,1,15,1,14,13,1,1,13,10,1,1,1,17,15,12,1,8,1,9,1,9,7,17,1,1,1,1,15,1,14,1,1,1,1,1,1,7,1,1,1,12,1,1,1,1,1,11,9,5,16,1,721,1,1,18,18,12,1,19,8,18,1,21,14,1,7,1,11,1,85,1,5,16,1,15,14,2,1,11,1,1,1,1,1,9,1,22,13,1,17,1,1,1,1,22,1,1,10,12,1,2,20,17,18,1,1,1,1,1,11,1,10,1,8,1,19,21,31,1,3,42,1,1,18,16,11,18,1,7,1,1,7,1,1,1,13,10,8,9,10,7,17,1,1,1,1,15,10,25,1,1,1,17,4,1,1,8,1,1,1,9,1,13,2,1,1,12,1,1,11,1,17,1,17,15,1,8,11,3,1,12,1,10,5,10,1,1,10,22,1,10,4,91,2,9,1,20,1,21,16,1,17,8,19,8,1,1,1,1,9,1,1,6,1,12,1,1,1,1,1,14,16,1,11,11,13,21,7,11,1,2,10,23,1,2,7,8,23,1,8,1,1,17,1,10,12,1,14,1,13,1,1,8,13,1,12,11,10,1,10,11,4,1,1,19,12,1,12,16,9,1,1,8,6,1,7,1,15,1,18,13,1,1,13,6,1,14,1,16,1,1,5,7,1,1,1,20,10,1,6,1,16,1,1,1,22,1,17,1,1,11,15,1,16,16,1,1,22,13,17,1,20,12,19,9,8,9,13,11,13,23,1,7,1,17,1,13,1,1,15,1,8,2,11,16,16,1,1,1,1,20,8,8,1,11,1,11,1,1,19,17,21,2,11,1,1,17,1,1,1,16,2,10,1,16,1,11,24,15,1,7,1,12,10,1,11,11,1,15,22,1,13,1,10,7,4,1,12,4,6,18,18,17,2,12,9,41,9,1,1,1,1,6,16,2,1,11,17,1,10,2,1,17,9,57,13,39,17,16,1,1,1,1,1,13,1,7,22,12,12,1,10,1,1,8,1,1,1,15,11,1,9,13,10,1,1,13,1,1,11,5,1,14,24,1,1,11,5,18,1,20,1,13,1,1,1,1,17,13,1,1,16,14,1,81,1,2,11,1,1,1,7,1,1,1,1,14,14,12,1,10,7,1,5,1,10,1,1,1,17,8,11,1,12,9,1,1,1,1,1,10,19,1,1,14,1,1,28,15,19,1,15,1,6,6,14,21,20,1,1,16,13,1,1,1,1,1,1,1,1,13,1,6,1,17,12,1,1,1,1,9,1,10,1,8,1,12,1,23,1,11,46,1,1,12,1,1,7,15,1,1,23,18,1,13,16,11,3,2,1,12,1,16,24,1,1,1,12,16,1,1,15,1,11,13,1,12,1,1,18,14,1,7,17,1,13,1,9,8,11,17,11,1,7,1,1,6,18,9,1,1,1,1,1,7,1,1,8,1,1,28,2,1,9,13,37,1,12,1,1,1,18,8,1,17,1,16,12,10,1,1,10,1,20,21,1,1,12,1,3,10,7,12,2,1,11,12,1,1,1,1,17,1,1,11,12,1,1,1,1,18,12,1,10,1,67,1,11,17,1,12,93,11,20,2,1,1,9,2,1,1,14,11,12,12,8,1,1,2,1,1,6,13,1,1,1,10,9,7,17,1,11,4,1,11,26,9,1,4,2,5,6,9,13,13,15,11,1,9,4,1,9,1,1,2,1,8,1,7,17,1,1,1,64,9,1,1,1,1,1,7,1,1,1,12,1,1,1,1,1,1,1,1,1,8,9,1,8,1,1,1,1,9,12,15,1,16,11,1,1,2,14,14,14,1,27,8,4,12,3,1,27,11,1,16,1,13,10,1,18,1,10,7,7,9,140,1,16,1,13,1,1,9,12,1,14,1,1,12,1,1,1,1,22,1,1,20,1,1,9,13,1,1,1,11,1,4,13,20,3,189,1,11,11,1,3,5,18,1,19,6,1,11,1,13,1,1,1,6,1,1,1,8,1,1,1,1,14,1,1,1,1,1,9,1,1,1,2,1,15,12,1,1,14,1,1,4,14,1,1,14,1,1,1,1,1,20,6,1,1,2,1,23,15,21,1,1,12,8,1,53,1,23,17,1,1,14,11,18,1,9,1,1,11,7,18,11,1,12,1,14,1,9,13,1,16,1,1,10,2,13,1,1,1,1,15,10,1,18,18,1,2,1,58,1,1,1,1,19,23,19,1,42,10,6,1,1,1,4,21,17,6,15,19,1,1,14,10,21,1,10,24,1,1,1,4,1,1,8,10,11,8,1,1,1,15,13,1,7,1,7,10,1,8,1,1,1,1,1,1,4,2,11,15,1,1,2,1,12,1,15,1,15,18,1,16,1,1,15,14,1,7,10,10,91,1,1,1,9,425,1,1,13,1,16,17,1,14,61,11,5,1,1,17,15,1,5,8,1,10,8,18,2,16,1,13,17,1,1,14,1,1,1,15,1,1,15,16,1,12,13,1,12,1,1,8,11,15,1,1,16,13,1,13,1,10,1,7,17,5,11,14,12,6,1,1,9,11,4,17,14,8,16,12,1,1,1,3,1,18,1,38,8,1,1,1,11,1,15,1,1,10,4,1,33,8,1,1,8,1,11,1,15,1,1,1,15,9,11,1,23,1,1,18,7,5,8,1,14,7,1,1,17,14,11,1,14,14,14,1,2,11,1,1,10,19,1,12,1,3,1,1,1,1,1,1,1,14,1,1,1,1,18,1,1,11,1,3,15,21,16,1,1,1,12,4,12,15,1,2,1,28,1,11,25,11,13,1,1,3,20,1,1,21,7,1,12,15,1,1,1,14,7,11,10,1,13,1,11,7,1,1,1,11,1,13,9,22,10,2,20,15,10,6,19,1,15,13,1,1,1,11,10,1,18,11,9,17,1,1,6,1,10,1,1,17,1,1,1,1,1,1,1,1,21,13,14,1,69,22,1,20,13,12,6,1,1,9,7,1,10,18,9,28,1,1,2,1,21,13,7,1,13,5,16,6,14,19,2,10,1,1,1,1,10,19,1,9,114,10,1,12,1,1,1,12,2,15,1,1,4,10,1,8,9,12,1,11,14,6,1,1,14,10,1,1,18,2,1,17,8,11,1,11,6,16,14,1,1,7,4,12,1,9,14,15,1,16,2,1,14,1,1,1,14,11,11,8,1,7,1,1,12,1,1,1,11,1,13,82,9,9,1,1,11,1,1,15,20,12,18,11,1,10,1,1,1,5,7,1,11,14,1,1,12,1,1,1,1,11,15,1,1,19,1,11,2,1,1,1,14,1,1,1,1,4,1,13,1,15,18,5,1,1,8,2,12,1,10,19,1,1,12,18,8,10,33,1,6,15,1,9,14,1,1,3,9,1,8,1,9,1,1,1,8,1,18,1,1,1,8,17,24,1,1,6,1,1,8,15,15,15,1,23,2,1,12,1,1,1,10,9,1,12,10,1,22,15,1,1,1,11,19,10,1,13,1,18,1,1,1,1,11,9,6,21,17,1,1,18,13,29,1,1,12,2,12,1,25,1,1,15,1,16,11,18,1,21,10,1,15,1,13,14,1,1,1,1,1,11,11,6,1,1,18,1,4,20,8,1,3,1,9,10,1,1,13,1,13,15,23,14,1,1,18,1,1,12,9,1,1,13,1,1,88,12,1,13,1,1,18,3,1,1,7,25,4,1,1,1,8,1,2,11,15,1,1,10,10,12,13,21,14,1,1,4,14,1,9,1,1,5,1,2,10,1,56,8,20,1,1,11,18,15,13,1,8,12,1,1,17,1,1,5,1,24,11,8,1,1,26,1,1,11,15,13,1,1,28,14,1,6,16,8,1,12,1,1,1,5,11,14,1,1,5,8,9,1,1,1,1,1,18,1,11,16,10,1,1,1,1,2,1,1,11,13,19,15,6,7,1,1,11,1,2,1,1,11,1,1,17,11,19,10,5,1,11,1,1,1,2,8,4,1,1,9,1,20,10,16,1,1,1,18,1,10,9,11,1,8,11,1,8,13,2,8,15,1,23,18,6,35,14,14,11,1,12,1,1,16,1,1,22,1,1,4,1,1,14,16,1,15,1,12,1,10,9,1,1,15,26,12,8,8,15,7,22,12,1,10,1,1,1,66,9,1,13,2,13,1,1,13,11,1,23,14,1,1,1,1,10,1,1,1,10,1,1,10,19,1,1,1,1,1,4,1,1,1,12,11,1,1,15,7,1,14,1,1,1,13,10,11,17,9,11,1,13,1,1,15,1,12,15,16,1,21,1,1,1,1,1,13,7,1,6,1,1,1,4,1,19,1,17,12,41,1,13,73,4,1,1,20,1,1,14,1,6,1,1,1,1,1,1,1,15,1,1,9,8,7,1,8,11,1,1,9,12,13,6,16,8,9,1,23,1,1,12,1,1,9,11,2,1,1,1,1,1,1,1,1,1,1,1,12,8,2,4,1,1,1,8,1,1,81,13,13,1,1,1,1,1,2,1,1,14,15,1,1,1,10,16,18,17,1,15,1,19,8,10,8,281,12,2,1,1,11,14,1,12,15,1,11,1,11,1,1,1,12,1,1,15,17,17,22,2,1,30,12,1,4,11,1,1,11,1,17,1,1,10,1,10,16,1,1,1,1,1,1,10,1,1,21,240,2,1,1,10,1,1,1,1,2,1,2,10,1,8,1,1,1,1,1,1,1,1,1,1,1,1,31,17,18,13,15,20,5,1,1,1,1,22,1,12,12,22,3,6,1,1,14,1,1,3,1,13,3,1,1,1,1,1,1,14,1,1,1,1,1,1,10,11,10,1,1,1,1,1,11,10,15,12,18,12,13,1,1,7,1,1,7,1,16,7,1,7,4,1,12,10,1,11,1,1,4,17,9,8,1,1,1,13,1,12,8,13,1,8,1,13,1,1,1,13,1,1,47,27,1,10,1,10,1,12,1,1,17,13,40,1,12,9,1,1,19,1,1,15,1,20,2,1,12,1,17,17,1,9,14,1,8,1,1,1,2,1,16,12,1,6,13,9,1,1,10,7,1,1,1,10,64,1,11,1,12,24,12,1,1,1,1,77,1,1,8,1,22,1,1,11,8,1,80,1,1,1,11,1,1,1,1,12,1,12,1,5310,1,1,14,1,1,1,15,1,11,1,17,2,13,9,1,1,5,11,1,12,13,1,1,1,1,1,1,12,1,1,1,14,1,1,7,2,1,16,1,7,13,1,7,3,11,15,1,1,8,14,1,13,2,14,1,1,1,9,1,5,1,1,1,2,11,26,1,14,1,3,1,17,1,1,13,1,1,1,12,9,9,9,1,1,9,1,13,1,18,12,10,5,7,15,201,1,11,1,1,5,7,13,1,1,1,1,1,1,1,1,22,1,9,15,7,5,1,1,11,17,1,1,7,1,1,1,11,1,1,1,11,4,1,14,1,29,14,10,1,1,1,1,2,1,1,1,14,1,8,6,12,1,1,9,1,1,16,1,1,1,10,9,25,1,1,1,12,25,5,16,8,19,1,11,1,1,8,1,11,14,3,2,1,13,9,4,1,13,10,12,1,20,1,19,15,1,13,9,1,11,14,1,8,1,11,17,4,1,4,1,1,13,1,1,1,1,13,11,1,18,1,1,1,24,1,1,16,1,1,1,1,10,1,1,1,1,11,71,6,17,1,1,9,1,1,12,1,1,1,1,1,12,1,1,14,1,1,12,1,1,12,11,1,9,8,1,15,18,14,1,15,24,1,15,3,5,5,2,2,3,1,11,16,14,1,15,12,1,9,17,16,10,11,3,11,1,11,9,1,1,17,14,1,1,1,6,12,1,1,1,9,1,1,11,11,14,9,1,14,14,11,12,1,1,1,19,5,1,1,1,14,19,1,14,1,13,8,1,1,1,1,1,1,5,1,1,11,1,20,7,1,1,1,1,1,1,1,1,5,2,1,1,17,12,20,1,1,1,7,9,1,22,1,11,13,9,12,1,12,1,1,1,1,12,1,1,1,1,1,1,15,17,1,23,1,1,11,17,1,1,1,1,12,10,8,3,16,1,16,14,1,1,8,1,12,10,1,1,2,1,1,13,1,1,1,1,1,17,1,13,16,28,1,1,1,10,1,13,15,13,1,25,20,1,1,1,17,1,12,1,7,12,9,1,1,1,1,8,33,13,1,1,1,23,7,1,1,9,11,8,14,1,12,1,22,6,17,8,7,1,1,1,1,1,16,16,20,4216,14,1,14,1,1,15,1,25,1,1,11,1,9,1,79,1,1,13,1,7,1,16,8,13,10,21,17,15,18,5,1,12,25,23,6,8,1,5,3,46,1,32,1,77,1,30,19,1,1,1,6,13,1,8,1,5,17,1,1,1,1,1,1,15,1,1,1,11,10,1,9,1,4,3,1,15,10,20,1,13,1,1,1,15,1,8,1,11,12,1,12,1,12,2,7,1,1,14,1,7,7,28,1,12,13,15,10,6,11,11,13,17,15,1,2,7,1,5,18,4,10,15,14,8,11,1,24,1,1,16,1,1,2,1,111,1,17,1,1,1,1,1,1,8,5,1,11,1,1,11,3,14,8,12,1,1,1,5,32,22,5,9,9,22,1,1,14,40,1,14,1,1,1,15,12,20,13,1,1,1,1,10,18,13,1,15,10,1,18,1,1,13,1,1,1,12,21,1,1,1,14,14,1,1,1,15,1,1,7,9,1,1,4,1,12,1,1,14,17,1,14,12,23,1,1,1,82,15,15,17,23,17,1,1,1,16,17,4,1,1,1,1,1,1,1,1,1,1,1,1,1,16,1,1,1,1,1,1,15,1,2,1,14,1,16,1,14,15,1,22,1,14,18,1,13,13,21,8,13,7,1,5,1,1,17,82,1,21,6,1,1,139,15,19,7,2,15,14,21,1,1,1,1,14,1,1,1,1,7,9,14,1,1,1,1,1,1,1,9,1,16,9,15,3,1,1,19,1,12,1,12,1,8,13,1,1,3,25,6,11,12,8,1,7,19,17,1,24,8,1,14,9,19,1,17,7,10,13,16,12,9,3,1,2,26,1,1,11,12,13,9,14,19,2,1,4,8,11,1,11,1,18,8,11,1,1,13,7,1,1,12,18,18,1,1,12,1,1,1,91,17,12,1,21,6,21,16,11,1,10,16,1,1,1,15,1,8,17,1,13,21,1,11,9,1,1,1,15,1,1,7,1,1,28,17,1,1,1,1,1,13,8,3,1,9,10,1,13,9,7,1,11,25,1,1,10,1,25,1,24,10,1,1,16,10,1,15,1,10,1,1,1,16,13,10,5,10,3,5,1,13,1,1,9,8,1,11,1,1,7,19,18,1,1,1,1,1,1,1,1,1,1,7,2,1,1,1,8,18,1,8,10,3,13,1,14,1,1,18,13,1,1,13,7,23,7,1,1,32,1,1,1,1,1,1,1,19,11,13,1,7,1,9,16,1,14,1,21,16,1,16,1,1,1,1,1,1,2,1,12,1,1,6,12,1,19,18,1,1,1,1,2,92,1,11,1,2,1,15,15,21,1,20,1,1,1,1,11,1,18,1,1,1,1,13,6,16,13,1,6,12,1,1,1,8,1,3,17,1,13,7,8,23,1,14,1,1,14,1,1,5,1,1,1,1,18,1,1,12,6,1,1,43,10,2,1,14,1,15,9,1,1,15,1,19,15,6,1,1,13,1,5,1,1,18,8,1,1,1,1,7,1,1,1,8,10,1,1,1,12,1,1,1,1,12,10,13,1,11,1,24,1,11,1,1,11,1,5,1,7,11,1,41,15,9,17,2,15,16,6,1,12,6,13,1,10,13,13,8,16,38,6,17,9,7,13,7,5,1,20,1,17,1,12,19,5,1,25,1,11,13,1,1,13,1,1,1,13,1,15,16,9,1,15,18,23,11,1,11,11,1,14,13,11,10,1,1,1,1,1,1,1,1,1,1,15,1,28,1,1,1,13,1,13,25,14,2,7,1,1,1,34,1,8,1,1,1,16,1,1,1,1,1,1,4,9,83,13,1,16,1,1,1,9,14,13,1,11,1,14,18,13,19,13,1,7,8,2,10,25,15,6,15,19,12,1,1,22,1,1,16,1,1,14,3,9,1,1,1,1,1,12,13,16,11,1,1,15,1,17,1,6,8,14,10,1,1,1,2,8,12,13,11,15,14,3,24,1,1,1,1,1,29,5,1,1,11,16,13,1,1,13,14,1,12,14,13,10,31,1,1,1,17,13,9,1,1,8,1,13,1,14,1,1,1,19,4,14,1,18,1,1,14,8,1,17,1,19,1,5,1,1,12,1,8,3,15,10,10,8,1,13,15,1,9,8,11,1,1,12,1,13,1,11,1,1,1,1,1,1,1,1,8,17,1,1,18,1,10,1,10,1,1,1,1,1,1,12,10,27,1,103,6,1,1,1,19,1,1,10,4,22,1,14,14,1,9,10,7,21,7,6,70,1,14,17,20,14,8,1,22,17,13,16,1,1,1,1,1,1,14,1,6,2,1,1,1,10,1,1,1,1,1,10,3,1,22,8,14,15,14,1,1,3,15,19,14,1,1,3,12,7,4,5,11,1,11,1,1,5,1,11,11,1,13,1,1,11,1,1,1,1,5,1,1,2,1,1,19,10,6,16,1,1,1,1,6,1,6,15,1,13,9,9,1,14,10,12,16,9,1,1,10,6,1,1,1,1,6,1,1,9,1,1,23,6,11,1,1,15,1,1,1,1,13,1,7,1,1,12,5,1,1,1,1,1,1,1,2,36,1,3,63,12,1,1,1,25,1,3,1,10,1,1,1,1,13,1,13,29,1,1,1,1,20,1,1,36,2,4,10,13,1,32,10,6,1,5,1,11,1,1,1,1,17,5,1,13,1,16,3,12,1,1,1,10,1,15,1,15,1,11,1,748,12,1,16,1,1,1,19,7,1,82,1,1,10,5,1,1,1,9,1,9,1,1,1,15,27,1,1,16,16,12,1,1,1,8,1,8,12,1,18,13,1,4,1,1,4,18,15,1,1,12,15,11,10,11,1,2,1,1,1,12,11,6,1,3,10,1,9,1,20,28,17,14,5,8,9,1,1,1,1,12,9,9,13,1,10,8,15,12,12,27,18,2,1,1,1,1,1,1,1,1,10,1,1,10,85,9,1,12,11,14,12,1,11,1,9,107,15,6,12,1,1,1,1,1,6,14,1,1,1,1,7,1,1,1,11,1,21,1,8,17,1,1,1,15,1,1,6,14,12,16,1,33,17,15,1,16,1,1,1,14,6,1,13,17,1,12,13,1,11,14,16,2,14,10,1,13,1,14,1,1,13,7,11,14,16,13,10,17,1,12,1,9,1,11,1,11,1,1,17,7,15,10,1,12,4,13,5,1,10,7,1,1,7,9,9,6,10,1,19,7,1,1,1,9,17,1,1,1,12,5,10,20,16,1,9,15,1,15,8,26,1,14,1,1,1,16,17,3530,12,6,1,1,69,1,1,1,2,21,1,1,63,1,11,1,7,1,1,1,9,8,1,7,1,18,12,15,1,8,1,16,1,15,1,1,12,6,1,1,1,11,16,1,16,14,22,1,8,1,1,14,15,16,1,6,1,1,22,11,1,21,1,45,23,1,1,12,1,2,27,1,5,1,1,14,1,9,18,2,18,12,15,6,1,9,14,10,1,16,1,1,1,7,1,17,9,16,13,1,529,8,1,11,1,1,16,1,1,1,18,1,6,18,12,6,17,11,17,7,9,8,1,1,1,1,1,1,13,11,1,25,13,1,1,13,10,1,5,1,7,12,12,1,1,26,15,1,8,1,1,1,53,12,1,1,18,1,53,1,1,9,1,14,15,1,1,1,2,1,15,1,1,17,1,16,1,1,9,1,1,1,19,12,7,6,1,18,1,19,14,1,15,1,16,11,16,4,1,1,1,1,13,1,15,9,2,1,8,22,1,24,1,1,18,14,11,21,1,1,1,12,1,1,13,10,5,18,12,15,3,22,2,8,1,1,17,1,14,17,9,1,14,12,11,12,15,11,28,1,3,1,1,20,13,13,1,8,15,9,19,10,1,1,1,9,11,1,1,1,13,1,1,1,136,1,1,21,1,1,1,1,8,1,1,1,1,1,15,1,1,1,1,9,12,1,1,1,17,1,1,21,1,18,16,1,1,13,18,1,1,8,9,7,23,1,10,19,1,1,1,2,6,22,7,1,1,17,14,1,4,1,18,1,14,1,1,17,1,19,1,11,11,4,8,17,1,1,1,8,1,18,1,1,20,1,11,4,1,1,1,1,1,17,15,11,10,1,4,1,10,1,11,10,11,12,11,15,14,43,28,1,13,33,1,10,1,16,14,17,1,20,1,1,6,12,1,13,1,1,1,1,28,1,1,16,1,16,17,1,12,15,1,11,7,1,1,7,10,1,1,1,1,1,1,2,13,5,13,1,1,1,23,2,21,17,25,1,18,10,15,19,10,6,14,10,16,13,15,8,15,1,13,9,1,11,1,1,10,19,1,12,19,17,1,15,4,1,13,1,9,1,10,17,1,1,1,5,16,1,22,11,1,12,5,15,20,23,12,1,1,1,1,1,1,12,1,61,1,11,18,1,14,14,13,1,1,8,1,1,1,1,1,1,1,10,14,8,10,1,8,7,1,1,1,1,1,11,11,1,1,1,1,10,1,10,1,14,11,13,7,1,14,1,22,21,23,1,1,13,10,1,1,1,1,1,1,1,1,1,12,2,14,1,1,1,6,14,8,8,13,8,11,1,16,15,19,1,10,1,1,24,1,1,2,6,1,1,1,7,17,1,1,15,1,8,14,1,13,1,82,10,1,5,1,8,1,1,1,1,13,4,1,1,1,13,1,1,1,1,19,1,7,10,8,1,1,1,1,22,16,1,13,10,1,5,1,1,1,1,12,22,17,13,13,8,24,1,1,13,1,3,1,1,1,15,3,13,11,13,240,1,1,12,1,1,1,12,14,1,11,7,1,1,1,1,14,23,7,7,13,13,1,59,1,1,21,1,4,1,12,14,4,15,1,1,11,14,1,1,11,1,20,3,1,1,1,26,1,1,12,14,1,17,1,1,2,7,1,1,1,10,1,1,1,1,10,14,1,12,12,1,1,18,15,11,3,11,19,1,12,1,1,6,16,17,11,1,1,16,13,7,15,1,1,1,1,6,8,12,16,12,12,1,1,11,4,72,16,1,1,14,1,41,10,1,1,7,1,1,15,13,6,11,10,1,8,22,20,1,1,1,10,3,1,1,14,9,1,14,1,16,1,14,1,10,2,16,8,9,1,13,19,1,1,9,1,15,12,1,24,1,16,1,1,1,1,10,14,16,13,1,24,5,18,14,5,15,13,18,24,1,98,6,7,1,1,13,22,15,4,27,1,1,1,1,15,1,10,16,19,1,1,1,14,105,11,39,16,13,18,1,1075,13,1,14,7,1,1,10,1,1,15,1,1,1,4,1,1,10,7,1,1,19,1,1,18,17,1,13,19,21,1,18,13,15,1,1,1,1,4,3,1,1,8,13,13,1,1,14,2,20,1,14,16,11,12,1,1,10,1,1,9,1,1,12,44,1,12,21,1,1,1,1,10,13,14,1,8,1,1,12,1,5,12,14,1,1,1,11,12,1,8,1,10,10,2,8,5,1,1,13,10,8,1,1,1,15,11,1,16,1,8,8,1,13,5,9,1,6,1,11,1,1,21,14,1,11,2,1,59,1,30,1,12,2,1,15,1,1,12,19,16,1,41,1,8,9,13,16,1,16,22,9,1,1,1,1,1,1,7,12,11,6,1,1,1,12,7,13,1,1,12,10,1,8,2,1,9,1,1,12,1,16,12,10,18,1,1,1,7,6,9,12,1,20,1,20,1,12,1,1,16,1,1,10,1,11,1,20,12,1,1,12,13,8,12,16,1,3,7,14,5,4,1,10,1,16,1,1,8,1,9,15,16,15,16,8,1,1,1,17,15,1,1,7,10,1,1,1,1,1,11,1,14,12,1,1,1,1,14,11,1,1,17,11,1,13,8,1,1,1,14,15,13,14,1,13,1,10,18,15,9,15,10,16,1,9,1,1,14,15,1,1,1953,1,11,16,15,13,2,17,11,11,59,14,1,14,8,4,1,1,2,1,7,1,1,1,17,7,1,1,1,1,14,22,7,1,12,8,1,1,1,11,4,9,1,1,10,19,1,1,20,10,3,1,10,11,10,1,16,1,1,15,4,1,14,1,4,1,12,1,11,1,1,1,1,1,1,11,1,20,16,14,20,1,1,1,7,8,10,1,13,16,6,12,13,1,20,11,1,10,15,13,6,1,1,1,1,1,9,1,1,1,1,1,10,1,5,8,1,10,18,1,8,12,11,1,3,13,1,2,12,16,1,1,1,1,1,2,1,1,8,1,1,15,1,11,1,1,19,19,1,5,15,1,11,1,1,6,1,1,12,1,1,1,1,5,21,9,1,17,1,19,1,5,1,1,1,1,1,7,1,17,12,1,20,20,9,8,10,1,1,2,10,8,15,2,21,1,14,1,20,1,1,1,9,12,1,1,14,8,1,1,2,8,1,9,19,3,15,7,13,9,1,15,1,10,1,1,10,11,1,13,1,3,1,12,1,1,10,14,1,1,4,1,1,9,1,8,1,1,22,1,13,16,15,1,15,1,7,14,10,1,1,1,1,1,19,9,1,1,19,1,13,1,1,8,1,1,14,1,1,12,15,1,11,1,6,1,1,9,1,5,9,13,9,17,9,1,8,1,1,102,1,15,6,38,10,1,17,6,1,1,1,1,14,1,1,1,21,1,11,1,14,17,1,12,1,13,4,1,1,1,14,1,9,15,1,1,1,16,11,1,1,19,16,12,10,1,1,12,14,8,2,7,1,1,15,1,1,16,8,13,18,9,17,1,6,1,1,4,1,17,1,1,2,11,2,1,1,1,1,13,16,6,11,1,1,19,20,1,10,18,11,1,1,13,18,1,1,1,8,14,16,14,1,1,21,1,1,4,1,11,1,10,20,1,1,1,1,1,1,6,5,10,1,13,13,11,16,15,24,25,13,1,17,1,1,11,18,17,1,3,17,15,24,1,11,1,15,2,4,18,1,13,8,1,13,1,1,1,1,16,1,1,1,10,10,1,15,1,1,1,1,16,11,1,1,7,1,11,11,12,1,8,14,2,25,1,13,1,1,1,7,1,1,1,9,1,14,1,3,1,14,6,1,10,1,13,1,1,11,1,1,12,14,1,1,1,14,25,1,1,10,6,1,1,10,16,2,10,12,14,1,17,14,11,16,17,19,1,1,1,17,7,17,26,23,1,12,17,8,1,1,13,15,1,16,16,5,15,1,11,1,1,4,16,12,18,21,11,5,13,1,4,16,1,1,8,9,1,11,1,1,1,1,13,10,6,3,1,10,2,20,1,1,12,13,1,16,1,17,19,13,18,1,1,16,1,7,8,6,1,25,1,22,1,12,16,12,1,16,1,79,6,1,1,13,16,1,1,11,17,14,1,1,1,1,23,13,13,1,1,7,20,5,1,1,6,1,19,19,11,11,1,1,1,10,1,1,15,12,12,12,17,11,1,10,1,21,10,10,1,1,1,1,1,16,1,16,24,1,1,1,1,9,17,1,20,1,22,1,1,1,1,1,1,1,14,2,2,2,1,22,18,10,17,16,15,15,4,1,1,7,1,1,9,8,1,1,5,14,25,1,4,1,14,11,1,14,6,15,20,8,1,16,7,1,7,11,15,10,16,1,1,1,17,1,9,13,4,19,1,1,1,10,12,1,1,10,8,13,8,17,1,1,16,11,13,1,1,20,6,1,12,1,10,4,1,1,1,4,17,1,18,41,1,1,9,1,1,21,14,1,1,1,11,2,14,22,20,2,1,1,31,1,14,57,15,10,12,11,1,1,1,1,1,1,21,12,1,1,5,21,4,1,10,1,7,1,12,12,6,1,22,1,3,1,9,4,1,27,1,18,15,18,1,1,8,16,1,7,1,14,8,1,1,15,13,27,5,1,11,16,14,15,13,11,1,1,1,1,1,1,1,1,1,1,14,12,1,1,11,12,1,10,12,7,20,1,15,1,1,13,1,16,1,10,1,11,9,13,1,16,1,18,1,1,1,15,32,1,13,14,1,1,1,1,17,1,2,1,11,11,19,12,21,1,9,1,1,1,1,12,16,22,14,1,1,12,1,8,13,14,1,5,11,14,1,21,5,1,1,9,5,15,17,17,1,10,1,14,1,1,5,1,17,1,4,16,14,1,9,1,1,1,11,1,1,1,19,18,15,1,1,1,19,1,1,13,1,1,4,18,1,1,1,4,9,1,10,1,1,2,1,14,13,1,15,5,20,1,3,1,15,17,6,13,18,13,1,1,16,1,14,1,1,11,16,13,10,1,9,4,18,17,10,1,6,23,24,15,5,1,1,17,10,1,1,1,16,12,1,1,1,11,26,6,1,9,14,1,9,8,19,1,1,1,1,1,7,1,17,60,1,9,15,15,17,1,5,9,1,16,1,1,10,13,1,1,14,14,3,1,14,10,1,14,1,1,6,14,1,1,11,6,1,1,1,8,14,40,1,17,4,1,8,20,8,62,1,11,1,12,9,20,1,14,1,1,14,1,8,11,8,2,8,11,15,1,1,2,15,9,16,19,8,15,1,12,4,1,17,6,1,1,18,7,1,1,3,17,13,16,1,18,14,13,5,1,1,15,1,16,17,1,33,1,1,23,14,13,18,3,1,1,18,1,6,1,22,11,1,9,20,1,1,1,14,8,1,1,19,5,14,6,1,6,1,1,12,1,18,6,1,1,1,14,2,3,10,1,9,10,14,16,1,1,1,1,1,15,1,1,1,1,13,10,1,3,16,17,3,10,1,9,1,9,1,8,1,1,16,13,65,1,10,14,1,15,1,1,17,1,1,15,1,7,10,1,13,22,14,2,15,1,1,1,29,12,1,1,15,1,6,16,8,2,1,2,1,8,1,9,1,1,1,12,1,1,1,1,1,1,22,6,1,11,1,12,1,21,13,7,1,13,1,9,10,15,19,10,1,73,1,10,9,8,13,1,10,1,6,1,1,1,9,24,1,10,14,1,1,1,1,14,6,16,22,1,8,1,2,1,21,1,4,1,10,18,1,8,1,1,1,9,5,1,14,13,19,9,10,13,1,1,1,1,1,12,6,17,1,1,13,1,1,12,1,17,3,1,1,10,1,19,10,16,1,13,11,16,5,69,1,19,1,1,1,6,1,1,13,1,1,11,17,59,13,14,436,1,1,17,1,15,1,1,1,1,1,1,1,1,1,1,1,1,18,1,1,1,3,1,1,1,13,1,10,1,8,26,1,10,1,1,10,15,10,1,16,1,12,15,13,1,1,2,8,12,11,11,22,1,11,25,1,12,4,1,11,1,17,1,1,11,1,12,1,13,1,12,1,14,10,13,1,1,1,1,1,1,9,10,15,12,1,1,14,1,11,1,6,1,1,1,17,1,8,11,1,15,13,1,1,1,10,1,31,7,1,1,1,1,1,7,11,1,9,1,1,1,12,10,1,10,2,9,6,1,1,1,1,12,1,1,21,12,4,1,20,14,12,13,3,16,14,15,1,1,1,12,12,4,11,13,18,1,17,1,9,1,1,16,1,1,4,18,1,16,13,1,2,1,17,16,1,30,3,38,1,12,8,2,1,1,1,12,1,8,1,1,1,17,14,1,1,13,1,10,13,11,1,14,1,8,1,7,8,13,7,1,1,1,9,1,1,9,1,13,1,7,1,1,3,123,1,18,35,10,30,6,11,1,1,10,1,12,19,2,11,14,16,14,1,15,1,1,1,15,11,1,10,8,1,1,10,2,2,10,1,12,1,1,12,1,24,1,1,1,1,21,1,15,1,1,1,9,1,17,12,8,1,9,1,7,1,13,1,1,30,1,13,1,11,2,16,14,1,7,15,14,15,1,10,9,15,14,1,1,9,14,1,1,1,1,11,16,1,8,1,1,1,11,1,1,21,6,1,9,1,15,21,9,21,1,1,1,1,13,8,2,15,1,7,1,1,1,1,1,8,6,1,1,2,1,1,2,1,12,2,9,1,2,10,1,20,1,5,1,1,15,1,1,1,10,1,9,1,7,1,12,1,6,7,8,1,16,1,1,1,32,13,1,14,22,4,7,11,1,1,1,14,12,20,8,9,8,1,9,22,20,8,10,29,1,20,20,13,8,1,11,1,1,12,22,1,10,11,1,14,1,1,2,17,1,1,1,12,3,16,4,1,12,1,1,1,1,9,13,1,2,9,19,6,11,1,1,1,1,1,11,1,22,18,16,45,1,4,10,1,1,10,1,1,12,1,1,1,27,1,1,7,1,1,13,21,15,1,4,1,1,7,1,16,1,13,1,1,7,7,69,1,1,9,2,18,4,1,1,1,1,10,1,17,12,1,25,8,1,1,9,13,1,1,1,11,1,10,1,3,1,9,1,15,5,1,10,20,1,19,10,132,1,1,9,30,11,6,1,1,9,6,22,15,17,1,1,5,11,20,17,1,1,1,11,1,1,8,1,13,32,17,2,14,14,10,361,1,1,1,1,1,2,1,20,1,1,1,1,23,19,2,17,1,1,13,10,20,13,1,9,14,1,5,13,1,1,16,18,20,1,8,1,12,1,1,9,1,1,9,1,1,1,13,2,1,1,4,8,1,16,16,29,1,1,1,9,25,30,8,1,4,1,12,1,1,5,1,20,4,7,104,19,1,10,9,11,5,1,1,1,1,1,1,16,18,8,1,6,1,17,15,2,1,1,12,1,11,1,16,1,8,20,1,46,1,17,1,1,1,16,1,11,10,11,1,1,1,1,1,9,1,11,1,11,9,1,9,1,12,8,1,1,1,1,1,1,12,1,1,1,19,17,1,18,1,1,1,1,16,1,12,1,10,24,1,10,11,1,1,10,13,1,16,13,1,6,17,1,8,1,13,6,1,1,1,11,1,1,15,12,1,9,1,14,1,10,2,1,1,1,1,1,1,9,10,1,1,15,1,17,27,1,1,15,1,1,1,1,8,1,1,10,13,12,8,1,1,12,9,11,1,10,1,1,1,1,7,1,1,12,1,1,11,21,1,17,21,1,1,1,10,12,15,1,1,3,10,14,11,11,7,1,16,15,16,1,11,12,1,1,11,11,1,2,1,1,6,13,13,12,1,1,10,10,17,8,1,22,18,1,13,20,1,1,17,14,11,1,14,1,13,11,1,1,11,1,1,1,1,4,9,10,20,1,1,15,6,1,10,1,1,1,1,1,746,15,22,14,17,3,4,1,1,15,19,1,1,1,7,1,4,13,1,12,9,9,12,15,1,13,11,1,1,8,8,8,1,3,11,1,9,14,145,14,1,13,13,13,14,18,1,1,1,20,22,1,1,11,1,8,1,1,1,13,27,13,1,7,14,1,9,1,13,20,1,1,1,8,14,7,7,19,7,14,12,1,3,1,5,15,42,8,1,12,13,1,1,1,8,7,1,1,1,14,14,1,1,1,1,1,1,7,1,1,1,10,15,11,5,9,1,10,1,1,12,13,9,9,1,11,8,18,1,1,29,1,14,1,13,1,1,16,8,1,1,15,19,1,12,6,11,13,1,7,1,1,14,10,17,1,1,1,1,7,14,1,6,13,1,19,1,1,1,1,1,1,1,24,1,8,11,1,1,3,10,1,1,1,9,5,1,9,16,1,17,1,2,18,1,1,1,20,1,1,1,1,1,18,1,1,15,17,2,1,1,1,1,1,11,1,1,14,7,19,1,1,1,8,1,14,3,1,1,4,1,1,12,11,1,1,6,1,1,10,22,8,20,1,6,1,16,1,1,1,12,1,1,18,1,14,1,1,17,1,15,11,13,24,17,1,7,1,1,33,4,8,2,24,1,20,19,8,7,4,1,14,1,1,3,1,13,1,1,1,1,15,14,25,1,19,12,1,1,1,18,7,15,1,1,1,23,9,1,1,8,2,1,1,13,1,1,1,5,19,1,1,21,13,11,15,1,10,1,48,1,1,15,1,12,18,10,11,1,1,9,1,1,16,1,3,15,2,1,1,1,5,9,1,18,14,10,18,1,1,20,15,1,1,4,2,26,1,21,4,21,1,1,16,1,1,17,1,12,1,10,1,10,1,17,17,1,1,1,1,12,14,24,1,15,16,1,26,1,1,17,1,5,11,9,21,12,6,4,20,1,3,1,11,11,1,1,1,12,11,5,1,7,1,1,11,16,10,11,1,1,7,1,1,10,18,25,2,1,9,1,20,1,1,1,9,1,14,1,17,13,1,14,1,12,1,1,1,11,18,14,8,1,16,1,15,7,1,7,4,1,1,1,90,1,8,1,16,1,1,10,1,1,2,16,1,1,1,1,1,17,1,12,9,1,1,31,1,1,1,12,13,8,1,9,15,6,1,1,20,1,1,1,1,10,15,13,9,23,1,1,1,1,15,16,1,1,11,13,1,1,1,1,15,1,1,18,11,8,1,1,1,13,1,1,9,1,1,1,1,10,4,13,13,11,6,9,5,15,7,9,1,1,1,1,14,13,1,12,5,1,5,1,1,13,1,14,1,1,1,1,1,18,1,1,1,9,1,1,20,1,1,4,1,12,15,12,19,16,18,11,1,8,1,1,1,2,6,1,1,1,1,1,12,6,1,1,16,9,1,17,1,14,17,1,1,1,9,5,16,1,10,1,18,32,18,1,1,1,10,8,1,2,10,8,1,16,11,10,1,1,11,22,1,22,14,1,1,1,10,1,17,12,1,1,15,1,4,12,9,12,13,17,12,15,48,1,1,9,5,6,77,15,1,1,1,1,1,12,1,7,1,1,1,14,1,16,13,1,9,8,98,1,1,1,1,1,1,11,1,25,18,1,1,2,1,16,13,1,1,17,20,12,1,2,1,34,21,7,18,12,1,14,12,1,1,1,14,1,14,1,1,13,1,1,7,13,1,10,1,1,17,12,14,1,13,1,13,6,15,1,1,1,10,1,16,14,1,5,1,1,1,19,10,105,1,1,16,19,1,16,8,1,13,14,2,2,22,16,12,1,1,88,1,16,13,10,1,17,15,32,1,1,9,8,1,1,1,1,13,17,1,11,8,1,17,10,5,1,31,1,17,1,16,12,1,1,1,17,17,1,1,1,1,2,1,9,1,1,1,1,1,12,6,1,1,1,16,11,1,1,1,13,19,1,1,21,11,1,9,14,1,1,17,9,1,15,1,2,15,26,14,12,14,1,1,13,16,1,5,1,12,1,1,14,16,11,1,1,1,1,18,1,1,1,1,12,1,1,14,9,8,14,24,8,1,1,1,13,1,1,26,23,1,7,1,31,1,23,8,1,17,1,1,14,1,28,17,1,1,1,1,1,14,2,1,1,13,1,1,1,1,1,11,1,4,11,1,5,1,11,14,8,11,1,1,12,26,2,4,1,1,1,1,1,4,13,9,16,1,1,1,14,4,2,9,1,1,1,13,1,6,2,1,1,1,2,21,1,6,1,11,1,11,1,1,1,15,1,5,1,7,1,1,7,1,1,19,13,1,1,30,11,15,12,1,1,1,1,1,18,1,16,18,20,1,1,9,7,6,22,1,9,26,12,1,4,10,12,19,1,1,14,1,10,1,1,12,1,16,7,1,16,20,18,1,19,6,1,1,1,13,15,7,1,1,13,12,1,1,6,1,1,8,1,1,3,1,1,1,20,1,17,1,1,1,11,17,17,7,15,1,11,1,1,3,1,11,7,1,14,1,8,16,1,1,14,1,13,1,1,15,16,1,1,1,1,22,16,17,1,1,10,1,1,10,1,8,5,1,23,17,6,9,1,1,1,8,18,1,9,13,12,10,8,17,1,1,1,1,1,12,1,19,1,11,1,13,8,1,6,1,1,1,9,1,20,14,10,1,10,20,1,1,14,27,1,1,1,7,24,13,15,1,7,14,1,1,1,1,15,22,16,1,1,1,1,8,1,1,1,1,13,1,16,11,20,1,1,1,1,1,1,15,19,7,1,1,16,4,1,10,1,19,1,1,11,16,1,1,17,1,1,1,1,2,1,8,1,15,9,1,7,1,15,14,1,16,1,13,1,12,1,10,1,11,11,14,1,1,1,1,14,7,1,3,1,1,24,1,1,11,20,1,12,9,1,1,10,1,11,12,13,1,67,22,21,18,1,1,5,10,1,1,50,5,1,1,13,1,1,1,1,17,1,1,12,1,18,1,20,11,1,1,1,1,1,9,12,1,1,9,24,6,1,8,16,16,5,14,1,17,8,10,1,4,14,1,14,1,13,13,13,2,14,17,1,12,1,1,4,13,1,7,1,20,15,1,8,1,1,10,17,9,1,12,13,1,1,1,8,1,1,13,1,2,1,11,1,8,10,12,1,1,1,6,1,1,7,13,11,1,1,1,1,1,8,16,5,6,1,1,1,1,14,1,1,1,25,1,1,1,1,19,14,1,19,9,12,1,1,14,1,12,7,18,15,6,18,7,1,28,1,7,1,1,1,4,1,1,17,11,11,1,6,13,9,14,1,1,1,1,16,1,1,1,1,1,12,16,14,14,1,13,37,2,5,1,14,14,1,1,20,20,8,1,1,1,1,1,7,1,8,1,12,1,30,1,22,1,10,42,1,9,1,10,1,1,1,1,3,11,1,13,2,7,1,9,1,6,1,3,10,1,1,1,18,1,1,1,28,1,5,1,12,1,1,1,1,5,1,16,9,16,7,11,6,1,30,1,1,17,15,11,1,12,1,9,18,17,1,14,8,1,6,1,1,23,1,7,49,1,13,10,1,19,1,9,1,1,1,1,1,1,1,11,1,1,12,1,21,13,1,1,1,1,16,9,4,1,12,1,1,1,1,18,6,4,1,11,1,2,11,4,1,1,1,6,17,24,1,10,14,1,11,15,14,11,11,15,1,14,1,8,1,1,7,15,6,17,1,1,27,13,18,24,1,11,11,1,10,8,1,1,7,7,1,1,4,12,5,1,24,17,1,1,1,1,15,12,12,16,1,1,1,11,1,1,1,1,1,14,9,1,1,1,1,8,11,15,1,10,8,1,16,2,1,12,12,1,11,1,1,1,1,12,1,22,1,7,11,6,1,1,1,2,9,1,1,1,9,1,1,6,15,1,1,13,2,8,1,1,2,1,18,18,19,15,17,7,11,18,4,15,9,7,37,13,10,1,1,13,136,1,1,9,11,1,1,1,12,1,11,1,15,1,1,1,1,6,1,1,1,8,16,7,1,1,1,1,17,1,2,1,5,1,18,15,1,16,2,1,22,1,18,14,9,1,26,20,18,10,9,13,1,12,1,7,1,1,13,14,7,2,12,1,6,1,22,17,16,1,1,12,12,21,1,3,1,1,1,5,14,7,1,6,14,1,9,10,5,10,1,1,6,5,8,1,18,14,1,78,3,5,8,16,26,1,1,16,18,10,1,14,13,1,1,7,9,14,12,1,1,13,1,1,7,13,7,1,22,10,1,1,1,1,16,12,15,11,15,12,1,6,1,1,1,1,1,13,1,36,1,15,1,1,1,1,1,1,9,13,9,12,1,12,1,2,1,12,13,13,13,11,1,7,1,16,1,1,6,1,1,1,15,11,9,1,1,5,9,7,1,14,1,1,51,1,13,3,1,2,1,1,1,1,1,1,1,1,76,6,1,12,8,1,1,31,1,2,18,1,7,1,1,13,4,5,1,9,1,5,17,1,1,15,1,1,19,16,1,9,11,16,12,1,12,6,1,1,1,4,1,1,11,11,1,1,16,1,14,1,1,10,4,10,15,9,12,22,14,1,13,23,1,43,16,14,9,8,17,1,6,11,16,18,1,1,1,1,1,1,8,5,1,9,1,1,1,1,13,1,1,1,1,1,10,15,11,12,1,2,16,1,9,2,1,1,1,17,2,21,1,1,16,1,1,11,5,1,13,8,17,13,12,1,3,1,18,1,1,1,17,18,1,1,13,16,1,19,2,1,6,19,17,11,1,15,1,1,1,1,1,1,15,19,1,1,8,16,12,13,1,1,12,1,1,33,56,1,7,16,7,1,13,1,9,1,2,22,1,9,1,1,1,1,1,14,8,8,4,16,15,5,18,1,9,1,4,7,15,14,1,14,4,1,1,1,1,1,1,1,9,5,1,1,4,37,19,1,1,1,5,18,1,1,1,14,12,1,1,10,1,1,25,8,8,15,1,24,21,1,7,8,12,17,1,9,8,1,1,1,1,1,1,10,1,1,1,1,1,1,21,15,1,15,9,1,1,1,11,1,1,9,19,1,1,1,8,1,1,1,14,1,17,10,1,16,1,1,1,40,3,1,91,1,16,1,1,1,15,9,15,18,7,15,6,13,1,1,16,19,26,16,1,14,1,1,98,1,2,1,15,12,18,3,1,12,1,1,10,15,18,1,1,1,1,13,1,12,1,15,2,1,1,36,1,1,10,11,1,16,1,14,1,19,5,16,1,1,1,22,1,123,1,13,11,19,1,21,1,9,1,5,1,7,1,14,13,16,12,1,12,12,1,1,18,13,18,1,1,1,15,1,1,1,12,1,12,14,1,1,1,1,13,1,17,15,1,1,1,11,18,4,16,10,13,1,12,8,1,1,9,9,12,16,10,21,1,1,1,1,1,16,1,14,14,7,1,12,7,1,14,5,17,1,22,1,1,7,15,1,1,9,8,1,1,1,13,16,9,12,1,1,22,1,1,16,1,1,13,1,13,1,1,1,1,91,1,7,1,12,9,9,10,3,1,1,6,7,1,1,4,85,11,1,15,12,17,1,1,1,20,1,8,32,1,1,10,11,1,20,2,16,2,12,1,1,1,9,1,8,1,1,1,16,4,14,16,1,19,1,11,11,2,9,11,8,1,1,17,12,12,16,1,8,1,28,10,14,9,1,1,42,1,17,14,8,20,17,17,1,1,1,11,11,11,1,5,20,1,1,1,1,1,1,9,1,11,1,20,9,15,18,1,21,14,12,1,1,11,1,1,2,1,17,7,1,12,1,1,1,1,12,13,22,6,1,4,16,1,9,1,11,5,1,1,1,6,11,1,2,1,6,21,1,11,1,1,1,14,12,15,1,17,19,12,1,1,1,1,16,19,1,1,2,13,14,1,1,1,1,11,1,1,16,38,1,1,1,22,1,1,1,1,11,9,1,1,7,1,16,5,1,1,1,16,2,2,1,1,17,18,13,3,9,1,1,1,1,14,1,13,1,1,13,1,1,12,16,4,1,25,10,5,1,1,19,13,19,15,14,16,1,1,12,15,1,1,23,18,10,1,1,1,1,11,1,1,1,1,17,2,12,1,14,1,11,10,1,1,6,11,13,5,3,1,2,1,1,15,14,9,26,15,14,1,1,1,1,16,1,5,1,1,1,1,15,10,5,1,1,1,10,13,14,11,4,17,1,18,19,15,23,1,1,15,1,3,1,1,1,1,1,1,1,1,18,17,19,12,2,1,1,9,11,1,1,1,1,1,10,11,8,18,1,10,22,1,1,5,1,1,2,16,1,8,1,1,1,11,2,6,1,18,1,15,1,1,7,1,16,6,30,15,1,27,7,1,1,7,1,17,1,1,11,10,1,1,11,21,15,1,17,15,10,1,1,9,1,1,2,13,11,7,5,10,11,1,1,1,19,1,15,1,12,1,1,11,1,5,1,1,15,12,1,18,1,1,4,1,10,13,8,13,1,1,1,1,1,9,443,19,13,18,1,9,1,15,18,1,8,8,21,1,12,2,11,9,1,1,1,18,22,1,1,12,1,10,20,1,7,1,11,7,18,1,1,10,51,1,1,1,1,13,25,5,10,1,17,12,2,15,1,1,7,1,1,1,1,1,1,1,1,1,1,36,14,12,1,7,1,1,8,1,1,2,1,1,1,1,1,5,9,1,17,11,13,12,1,1,10,13,1,1,1,1,20,8,1,11,1,1,17,10,1,5,1,6,1,15,7,1,16,1,10,20,12,16,11,1,6,15,1,7,1,11,6,1,16,15,15,2,1,2,7,2,11,17,1,1,15,1,14,9,24,1,1,1,22,13,1,10,16,1,1,1,1,1,10,22,1,1,2,1,10,1,1,1,1,16,1,20,8,1,13,10,1,7,16,86,17,2,17,1,1,15,1,1,11,1,1,11,1,20,1,2,9,2,1,6,16,13,18,1,12,1,1,1,3,1,16,1,18,1,12,13,10,1,16,12,1,1,1,17,10,1,1,1,19,1,1,1,1,12,1,16,1,17,7,1,1,1,9,14,17,1,19,1,1,1,1,2,1,8,1,1,1,12,2,13,11,16,3,15,1,14,1,29,1,10,14,12,15,21,16,1,1,1,1,5,1,1,1,1,1,4,4,1,4,1,1,1,12,2,11,1,30,1,1,1,1,1,14,11,1,2,1,1,1,1,1,9,6,1,1,23,16,8,1,1,8,1,21,1,1,1,18,10,1,1,1,1,1,12,19,1,4,16,1,73,12,1,13,14,13,32,1,11,20,12,1,12,16,9,1,1,1,1,10,75,15,1,1,1,1,13,20,1,13,1,1,9,1,1,1,22,1,7,1,6,13,18,11,11,1,13,10,14,6,16,12,2,13,19,21,1,14,18,5,1,9,14,1,1,17,20,1,1,1,2,19,1,11,19,1,4,4,1,1,6,13,7,8,1,1,1,16,1,12,4,7,11,1,15,1,7,2,1,1,12,16,1,1,8,6,1,1,9,19,1,8,1,1,1,17,10,1,1,1,1,12,7,1,1,12,10,1,14,1,16,1,1,1,1,1,12,1,1,16,15,9,1,1,27,1,10,1,1,1,10,1,1,1,2,1,13,11,1,20,14,1,1,17,1,1,2,1,1,20,1,1,1,16,6,1,1,12,1,11,10,1,1,1,18,8,12,12,21,1,17,9,9,25,7,17,14,1,1,13,11,15,1,1,9,6,1,9,7,1,16,1,7,1,1,1,1,1,12,11,13,1,1,1,1,1,4,1,13,22,1,24,23,1,9,14,1,2,11,11,1,16,12,1,7,15,1,88,47,1,1,1,1,12,1,1,1,1,14,1,10,1,5,15,1,1,10,1,18,15,11,12,1,9,15,10,15,18,1,1,11,1,24,17,11,2,11,1,10,1,1,9,12,15,1,1,14,8,12,14,7,1,1,11,1,12,15,1,18,1,1,1,9,17,1,1,11,1,1,24,8,21,19,1,1,13,1,19,5,1,10,12,1,18,10,1,1,27,10,6,14,1,1,14,16,1,17,21,9,14,12,6,10,1,1,1,12,1,8,14,4,13,1,15,1,1,3,21,5,1,1,1,12,1,1,1,1,1,14,2,8,14,7,1,19,7,9,6,14,1,1,1,17,1,1,1,9,1,1,8,1,7,1,1,12,28,13,15,1,1,18,1,1,19,14,1,1,17,6,1,1,1,1,37,1,1,1,85,11,10,1,7,1,12,1,1,1,11,1,1,1,16,16,16,8,1,1,1,1,15,1,4,1,1,13,2,13,1,7,5,21,1,1,29,18,13,1,1,11,14,8,1,1,1,24,1,24,1,15,1,16,13,1,4,8,1,7,1,1,9,1,3,12,1,1,12,5,12,15,1,10,1,1,19,15,10,4,23,1,9,5,17,1,16,1,20,1,1,1,1,13,15,1,1,8,1,1,1,1,1,1,13,22,1,1,1,1,1,16,1,23,1,14,1,1,8,1,18,20,1,1,1,1,1,2,18,1,1,1,13,15,19,13,10,1,15,9,1,8,67,5,13,1,16,77,10,11,4,11,2,1,14,1,1,1,1,1,1,10,1,6,21,20,1,6,1,8,1,8,16,6,6,1,18,1,1,1,2,1,1,1,8,2,11,6,1,14,1,1,14,1,13,8,13,19,1,1,19,1,7,1,4,13,1,3,17,1,1,9,1,1,18,1,1,1,1,1,3,1,1,1,1,1,2,416,1,1,1,1,13,16,1,1,1,6,1,1,1,61,1,13,1,1,1,30,10,1,1,10,3,1,7,14,9,1,17,13,2,8,14,13,15,1,14,1,12,6,9,1,10,9,1,11,15,17,13,14,1,12,11,1,8,11,10,14,14,9,1,41,1,10,1,1,10,1,14,13,1,1,1,9,13,1,4,46,1,1,1,1,1,1,11,1,19,22,12,1,1,1,15,1,1,1,16,1,11,1,1,10,1,10,11,1,18,1,1,10,4,7,1,1,1,1,1,1,1,1,12,59,1,1,5,8,11,13,1,6,1,1,5,14,1,1,1,1,1,9,1,1,13,14,1,11,1,1,1,20,1,16,11,12,3,23,13,1,13,15,10,7,31,1,3,1,1,1,14,12,15,1,8,1,18,15,84,7,1,1,1,1,1,1,8,1,9,16,8,1,1,15,12,1,1,15,9,7,1,18,1,1,7,15,1,1,47,1,1,1,1,24,1,17,13,13,13,24,21,9,1,11,1,14,8,1,11,7,30,1,1,15,19,1,9,9,16,11,1,10,9,1,13,1,1,11,1,1,16,14,1,1,6,7,21,1,14,1,12,22,1,11,1,1,1,1,1,1,1,14,1,26,1,13,1,15,1,4,1,13,22,9,1,13,1,1,1,1,1,10,1,4,18,1,10,1,29,10,14,18,1,1,1,7,1,13,1,1,10,1,1,1,1,1,1,1,1,14,12,1,9,1,6,1,12,1,1,17,11,1,1,17,3,20,1,11,1,1,1,3,14,2,1,1,4,2,11,7,1,1,1,6,1,8,8,9,1,16,10,1,18,1,1,9,1,14,15,15,1,1,1,11,1,15,10,4,1,15,4,11,6,18,1,13,1,18,1,9,1,17,10,1,1,10,13,1,1,1,12,1,1,1,17,1,8,1,1,1,1,13,18,10,1,13,1,1,13,1,15,16,1,1,1,12,15,1,1,14,7,43,1,1,1,12,11,1,23,1,14,1,8,3,1,15,16,9,16,13,1,1,11,6,1,8,1,1,18,1,1,11,1,15,1,1,10,1,1,1,1,1,14,16,1,7,1,12,12,1,1,1,13,12,14,1,17,17,9,1,5,1,11,10,1,25,18,1,1,9,7,1,1,13,1,1,1,1,4,11,9,18,1,1,15,1,12,1,12,17,14,7,1,1,11,1,1,75,6,14,1,10,1,14,10,1,1,11,17,8,1,14,16,1,1,1,10,8,4,17,14,1,1,1,9,1,21,17,18,12,11,14,13,1,1,9,8,1,11,9,1,10,1,1,7,1,1,13,1,1,13,1,1,1,17,14,1,4,1,1,11,1,2,10,1,10,2,15,12,4,20,21,14,1,13,15,15,1,12,8,1,17,17,26,15,16,96,1,16,1,1,2,7,1,9,1,1,1,1,9,14,1,1,1,1,14,8,13,11,14,14,1,24,1,1,10,13,2,9,1,13,1,10,1,1,18,24,9,1,20,7,1,12,18,1,8,1,10,12,1,7,15,16,1,9,7,16,1,1,10,1,1,16,1,1,9,1,3,1,1,7,1,16,11,32,1,12,1,23,20,1,10,10,1,10,12,1,44,14,15,1,13,7,1,13,18,1,20,3,12,1,7,1,1,1,1,7,1,9,12,17,1,1,1,1,1,10,10,1,15,9,4,11,9,20,11,1,3,1,1,30,1,7,128,1,1,8,1,111,1,12,10,1,1,13,1,7,3,13,11,5,7,8,1,1,6,11,6,2,9,1,1,32,1,1,11,2,1,1,13,16,2,12,1,1,10,14,2,24,1,18,1,7,7,5,2,6,2,4,1,1,7,4,1,1,12,1,12,10,14,7,1,22,1,11,1,1,1,11,19,1,1,11,1,1,10,1,21,2,1,1,10,16,1,11,1,1,2,11,10,9,1,13,22,1,13,1,23,1,1,16,1,1,1,1,1,1,4,1,1,1,1,21,1,1,11,17,13,1,1,7,1,15,1,2,1,20,1,1,6,1,1,10,11,1,19,1,1,9,1,1,1,13,12,6,1,13,1,14,1,12,15,1,1,1,21,22,17,1,1,19,21,1,1,8,15,1,11,2,1,1,1,5,2,1,5,1,1,73,12,1,85,7,1,1,11,17,1,1,1,10,1,1,1,1,7,4,1,1,17,20,1,11,1,1,17,1,1,16,15,6,2,9,2,14,10,12,1,1,1,1,1,1,10,5,7,1,10,46,9,15,1,8,1,15,28,36,1,1,6,1,1,7,6,1,1,1,12,6,1,10,10,13,1,1,22,11,28,1,10,12,8,9,1,1,13,21,6,7,1,1,1,8,1,1,1,22,8,4,1,1,17,1,7,1,16,13,1,1,1,1,1,1,16,1,1,6,7,14,15,1,1,10,1,14,13,218,3,1,10,108,1,31,1,11,1,1,1,1,1,1,1,11,1,1,13,1,7,1,2,1,1,99,1,1,9,14,1,1,18,1,1,1,12,1,1,16,1,12,9,26,10,1,6,1,1,1,1,15,12,12,14,1,14,6,1,1,1,9,19,10,18,1,1,1,9,7,29,1,14,9,16,1,1,1,13,20,36,1,228,1,1,13,15,14,1,10,1,19,1,1,1,18,16,1,1,1,11,5,20,5,14,1,1,20,1,1,1,7,12,23,25,10,9,17,11,1,1,2,13,1,38,1,1,8,1,1,1,1,13,1,13,1,12,10,10,1,1,1,14,7,8,16,1,11,1,17,11,16,1,1,13,1,14,1,12,4,1,1,1,1,1,1,15,12,27,1,1,6,3,6,11,11,1,1,1,1,9,12,1,3,1,12,1,1,1,1,1,2,9,1,14,21,1,1,1,1,1,1,8,7,1,1,10,1,12,1,1,14,16,28,1,22,13,12,15,15,9,1,1,6,7,1,17,1,9,1,2,16,9,1,1,11,1,5,12,16,1,1,1,16,16,4,10,9,17,1,6,1,1,15,10,17,14,12,1,1,14,1,13,1,1,1,12,1,1,17,10,11,46,2,1,1,4,1,15,1,5,7,1,1,1,1,1,1,28,1,1,1,14,1,1,1,16,6,5,90,1,1,6,5,1,27,12,16,2,11,10,1,1,1,9,1,31,19,17,11,8,10,1,1,7,1,1,6,2,5,1,14,13,14,1,1,1,9,1,22,1,1,8,9,6,9,21,19,1,13,1,1,9,1,1,1,14,1,17,1,5,1,2,1,1,15,1,11,11,1,1,1,1,1,1,23,1,14,10,5,15,1,12,1,7,1,1,1,14,1,13,23,1,12,14,1,14,5,15,1,7,9,1,8,8,17,19,20,9,15,6,15,5,1,1,9,13,1,1,9,1,1,25,6,1,8,9,1,21,16,8,1,1,8,18,1,1,12,16,17,6,16,11,11,1,14,1,1,12,10,10,5,1,8,1,14,2,11,7,1,1,1,1,9,17,1,12,18,1,3,8,10,15,40,9,1,15,7,20,12,15,1,1,1,9,1,64,6,1,16,25,4,1,1,1,1,5,1,1,22,21,14,1,6,1,1,1,17,1,1,1,1,15,11,1,1,1,12,14,11,7,13,1,17,1,1,24,1,1,1,4,1,1,1,1,1,7,13,2,1,1,1,1,7,14,13,11,1,1,1,1,1,17,11,1,1,12,1,1,1,1,13,1,1,1,1,10,1,1,21,14,12,1,20,1,1,1,7,5,1,19,16,1,10,1,1,1,14,1,1,9,24,10,1,1,17,1,24,15,1,1,13,14,1,14,6,8,1,16,1,15,1,1,1,11,15,18,1,1,22,1,11,1,1,74,13,1,1,1,1,8,18,13,5,1,1,20,1,10,9,1,2,1,4,14,1,4,12,1,15,2,25,7,1,1,10,1,11,1,14,1,1,1,15,18,1,11,12,1,18,1,14,14,1,14,12,14,13,1,11,25,1,1,1,1,1,1,10,7,1,7,1,13,1,7,10,10,11,12,19,19,12,17,1,5,1,1,1,1,11,16,1,13,19,8,1,10,14,9,1,1,1,10,16,35,13,1,1,11,6,11,1,1,1,36,9,1,18,26,1,1,10,2,2,23,9,21,22,23,1,1,2,16,7,15,10,1,13,13,1,16,1,15,1,1,16,1,7,1,1,1,15,14,1,14,1,15,1,1,1,12,1,2,6,1,12,1,1,2,11,1,16,16,8,1,1,1,18,21,1,1,21,1,10,1,21,20,1,18,1,9,1,1,1,13,17,1,13,11,1,16,8,49,8,1,14,17,1,9,9,1,14,11,1,2,1,1,14,2,5,8,1,1,1,14,10,1,1,1,8,13,1,11,10,1,1,10,1,18,1,1,13,16,16,1,1,13,10,17,2,6,18,1,1,22,13,6,1,13,1,9,9,16,11,1,1,9,1,1,6,14,1,1,9,21,20,14,9,7,29,23,17,1,1,1,1,11,19,13,12,9,15,1,2524,18,1,12,19,1,1,1,10,11,1,1,13,11,1,14,1,1,1,1,1,1,9,1,10,1,13,10,17,6,1,14,8,1,6,1,7,5,4,14,22,16,17,15,10,1,10,1,1,1,1,20,29,1,1,10,10,10,9,1,10,1,11,1,15,1,17,12,1,8,1,13,12,17,24,14,1,23,13,20,1,10,1,1,11,13,1,1,9,16,1,9,9,8,1,1,15,10,12,8,1,1,1,1,1,12,5,1,19,11,13,1,2,14,14,7,14,7,14,6,1,4,31,13,1,13,1,1,1,10,15,12,1,11,1,14,1,1,1,1,13,1,14,1,7,15,8,1,1,5,16,1,1,13,1,17,1,16,13,1,1,1,1,33,12,28,20,1,10,1,1,1,9,2,14,1,1,1,1,18,22,1,7,1,14,1,1,11,15,1,1,11,15,1,2,1,2,11,1,21,3,1,33,79,1,1,20,10,1,1,16,13,1,15,1,1,1,1,8,1,1,11,1,13,1,1,10,1,1,4,1,1,7,20,1,1,1,8,1,2,1,13,21,1,17,14,20,39,19,1,9,12,10,6,1,1,1,15,13,16,1,16,9,1,1,2,1,14,2,12,12,1,1,1,1,1,15,5,2,1,1,14,5,37,14,1,1,11,1,16,3,12,1,1,1,1,6,1,18,12,15,1,23,2,18,1,4,1,1,1,1,1,17,11,71,1,18,13,1,17,1,1,10,1,1,1,1,9,12,16,1,13,1,6,1,8,14,1,6,1,19,16,1,8,1,1,1,15,13,13,18,1,13,13,10,1,1,1,1,16,1,1,16,1,1,1,1,1,8,1,21,18,8,1,1,1,1,1,3,1,12,13,1,14,1,12,1,21,14,13,1,1,1,1,10,4,16,8,1,1,14,30,20,1,13,38,1,13,33,11,13,1,16,20,1,10,1,1,1,1,126,1,1,13,1,81,1,10,1,7,1,1,1,9,1,16,12,1,1,8,20,34,11,1,11,1,1,2,3,1,10,12,19,1,4,1,9,11,1,9,1,13,4,15,1,9,13,1,5,21,1,11,1,1,10,40,13,1,17,20,19,1,1,11,18,10,22,1,1,7,1,32,14,17,10,6,1,9,11,20,1,8,1,11,14,1,17,13,12,15,1,4,1,11,1,16,11,17,10,12,1,1,19,12,1,4,14,11,1,11,11,4,1,12,7,7,1,1,18,6,1,18,17,13,18,1,1,61,11,1,20,19,12,1,27,1,9,18,8,10,1,7,24,12,18,1,1,1,1,12,21,1,7,27,1,14,1,24,1,1,14,1,1,9,13,1,9,18,11,14,9,1,33,1,8,1,21,1,13,13,1,1,16,3,9,1,8,1,1,1,1,1,1,1,1,13,13,1,12,1,11,1,13,1,5,1,1,14,20,27,1,9,1,15,1,1,20,1,19,12,20,1,1,1,13,10,13,10,14,1,12,1,13,1,1,1,14,10,1,8,4,17,1,1,24,11,1,12,13,9,11,11,1,1,9,1,14,12,1,10,1,1,2,9,14,1,1,1,10,1,12,1,1,5,15,13,13,1,12,12,1,1,1,1,11,1,1,5,1,1,17,1,9,8,12,1,1,1,1,14,1,2,50,13,1,4,1,12,1,14,15,8,1,25,13,52,18,2,1,1,2,1,9,1,12,17,13,10,13,1,152,1,1,3,1,16,20,1,1,1,10,1,1,15,13,1,1,65,1,1,1,1,1,19,1,29,10,5,8,1,9,17,17,1,6,6,10,1,6,1,1,3,24,12,1,16,8,18,1,9,1,64,10,16,8,18,9,1,16,16,16,22,9,1,9,1,9,17,21,1,2,1,14,13,14,13,13,1,4,2,14,47,14,4,1,11,7,1,13,1,13,16,10,1,1,1,1,1,11,1,1,43,9,1,87,16,3,1,19,14,2,10,1,1,1,7,1,1,13,15,1,6,11,1,11,3,19,1,8,1,1,1,12,7,16,1,1,1,12,8,1,1,97,9,1,1,10,1,1,1,11,1,3,1,1,1,19,7,1,1,1,20,9,1,2,7,1,1,1,27,9,4,1,19,14,1,1,12,1,19,1,19,17,60,2,14,32,22,7,17,1,1,1,17,9,10,1,1,15,1,1,1,42,14,1,10,1,12,1,15,17,1,12,13,11,16,1,1,12,1,1,1,19,21,7,13,1,9,1,4,1,1,1,1,14,1,1,10,1,19,19,8,8,16,1,14,1,3,2,15,16,1,12,1,36,9,25,9,10,13,1,1,11,6,1,1,1,1,27,6,10,12,1,12,9,1,16,2,1,1,2,1,1,1,2,1,10,11,5,1,1,1,13,1,15,1,1,1,14,7,18,1,1,1,1,18,1,1,6,12,2,13,20,10,12,8,2,15,1,1,1,18,4,1,15,15,7,1,1,1,11,16,1,1,4,15,1,16,15,1,49,14,17,1,1,18,9,1,1,14,13,1,1,1,9,21,1,1,1,1,14,1,22,1,1,1,1,3,1,14,1,1,14,1,1,13,7,1,12,3,11,11,1,12,1,1,8,31,8,1,40,48,1,1,1,12,1,11,1,1,1,1,20,4,13,1,10,1,1,22,1,1,1,10,5,1,8,16,1,11,8,1,1,1,13,7,15,15,26,13,4,1,10,1,1,6,11,1,27,2,10,1,6,8,6,11,17,2,12,25,4,1,12,12,27,14,14,12,1,1,1,15,8,1,12,11,12,8,10,16,1,1,1,17,15,4,1,11,17,14,1,1,8,13,1,11,1,17,14,8,13,3,12,1,10,1,2,1,5,2,1,1,9,15,10,1,1,1,9,18,13,2,11,8,1,7,1,13,15,1,1,1,15,12,10,9,1,1,1,1,6,13,1,1,10,1,1,11,11,1,1,1,16,1,1,1,5,18,2,1,8,1,1,10,9,1,10,16,11,1,1,14,12,1,1,4,12,10,1,9,25,1,1,1,1,1,1,16,67,12,11,1,9,1,1,2,9,4,1,12,7,1,7,16,13,19,1,28,16,1,10,5,18,1,9,1,1,16,9,11,1,1,8,17,1,1,15,1,9,1,13,1,1,5,12,10,16,1,29,4,17,10,17,1,25,1,2,1,11,1,13,1,14,1,18,13,1,15,21,18,1,2,7,1,17,12,4,16,1,1,21,12,7,1,1,14,1,1,10,1,1,17,1,15,17,1,1,11,16,12,11,1,1,1,13,1,7,1,1,1,1,1,1,1,1,9,1,26,1,8,27,1,19,1,20,27,1,1,16,1,1,13,1,17,1,1,1,20,1,1,93,1,1,1,1,1,1,1,21,1,12,1,12,10,1,7,10,15,17,13,1,1,8,16,14,1,1,1,1,1,1,18,8,1,1,1,1,1,1,6,13,1,1,1,15,1,1,10,1,1,19,12,8,1,1,4,1,16,1,10,1,1,1,19,1,47,10,8,6,13,1,1,1,1,12,13,1,15,13,1,1,8,1,13,22,1,1,1,1,8,3,14,1,1,12,1,1,1,5,16,1,10,1,15,14,1,1,11,9,1,1,7,14,12,1,13,1,24,10,13,11,14,1,10,10,1,1,7,1,15,6,9,10,1,1,13,1,21,1,1,1,1,16,8,6,17,1,1,1,10,12,2,1,19,1,1,1,11,10,1,12,11,1,1,10,1,3,1,18,2,1,1,14,5,12,13,59,1,20,1,14,1,19,15,1,1,21,1,12,1,14,1,1,4,1,10,1,1,2,1,12,1,5,1,5,1,1,16,13,6,1,1,1,1,1,8,1,1,1,10,1,1,1,1,1,1,1,1,13,13,11,9,26,11,1,1,13,2,17,1,1,1,14,105,10,7,1,1,1,9,1,1,35,2,1,14,13,1,5,17,1,1,5,17,11,1,9,4,1,8,2,13,8,10,1,15,1,1,4,1,12,9,10,1,1,17,1,12,21,1,8,1,1,1,1,3,1,10,5,1,6,6,1,1,1,1,1,1,10,1,7,18,11,13,1,1,1,17,17,2,19,1,19,17,16,1,1,1,17,1,1,7,1,2,1,10,19,10,7,1,13,12,19,1,4,1,6,10,1,7,1,19,15,1,13,10,8,1,2,15,19,1,1,1,1,15,1,12,19,1,9,1,16,1,15,12,19,19,1,1,9,15,1,1,1,1,15,37,30,12,16,1,1,9,1,18,1,48,1,10,123,4,1,11,1,1,13,14,17,1,1,1,1,1,15,12,1,1,16,23,17,13,9,35,1,13,1,1,10,15,1,1,1,11,1,1,7,1,1,13,1,13,1,1,14,17,1,16,5,1,18,13,1,1,1,5,1,11,1,12,9,1,1,10,1,12,1,1,13,1,11,1,2,1,1,6,9,9,1,1,1,18,11,1,2,1,1,1,11,15,1,25,12,13,1,15,10,11,1,1,1,13,1,16,10,10,12,5,1,18,1,1,8,11,1,5,12,1,1,10,5,13,1,9,15,1,1,1,3,22,1,10,14,1,18,1,5,1,10,1,20,13,1,1,1,30,17,13,1,1,17,1,1,6,1,11,11,1,14,13,7,1,14,2,1,1,16,15,11,20,1,15,1,10,11,9,1,3,56,1,1,4,15,4,13,1,11,2,1,1,3,14,1,14,1,11,20,14,1,10,1,1,1,1,1,15,1,1,1,1,6,1,16,2,6,2,13,1,7,1,24,9,12,19,1,1,7,1,34,4,1,6,1,1,1,1,1,15,12,1,19,1,10,8,10,1,4,19,17,13,16,1,1,11,1,5,11,1,6,12,1,1,1,4,1,1,12,10,1,1,1,15,1,1,1,6,1,12,1,11,12,1,15,9,1,1,1,11,8,6,13,14,1,1,1,21,15,6,1,11,12,2,17,8,1,14,19,16,7,7,9,26,1,1,1,1,246,9,10,12,1,1,11,5,1,21,9,1,63,3,15,1,27,1,1,39,1,15,17,1,13,1,18,1,1,26,13,11,1,1,10,2,10,1,1,1,9,2,10,1,1,1,1,1,1,1,1,15,23,12,1,18,10,1,15,9,1,1,1,10,1,16,1,89,1,12,19,8,10,1,1,1,1,16,1,2,1,1,1,11,1,1,1,14,14,16,1,10,16,17,1,15,11,1,1,12,5,1,1,16,1,16,1,10,1,36,14,13,23,13,1,1,1,26,18,14,16,1,1,13,1,1,1,13,12,26,17,7,1,1,12,9,13,1,1,1,1,2,1,5,1,1,1,1,17,1,18,1,14,10,44,1,9,1,1,40,1,16,1,10,1,18,1,1,1,1,1,1,1,30,12,1,2,11,11,1,11,1,1,15,1,1,18,1,1,17,16,3,18,1,15,1,16,18,1,1,1,5,1,1,12,1,14,15,1,16,12,7,15,10,13,1,1,1,11,16,1,1,8,11,1,1,23,1,1,1,1,7,1,1,1,1,1,4,14,17,2,1,10,15,1,16,1,14,1,12,2,1,1,12,10,1,1,12,1,13,23,1,1,15,16,1,1,6,1,1,10,21,15,1,1,15,14,1,1,1,1,6,1,1,1,19,7,15,19,11,7,6,12,1,20,9,1,12,13,1,20,18,12,1,10,2,20,1,9,20,1,1,16,14,5,14,11,3,1,6,8,23,1,1,6,14,8,17,12,1,1,12,1,7,1,17,1,13,8,1,1,1,1,9,1,1,2,15,1,9,1,1,36,1,1,12,1,1,15,19,1,1,17,1,1,1,10,1,1,17,1,1,1,20,8,10,4,1,1,1,13,8,5,1,1,14,1,1,1,1,11,1,1,2,5241,1,1,1,8,1,8,1,1,16,5,16,7,7,13,1,1,1,1,11,1,1,1,1,1,11,12,25,1,14,1,1,1,13,1,5,11,1,6,1,1,18,1,5,19,13,1,1,23,1,1,1,1,16,2,1,3,1,8,79,12,1,1,16,1,12,11,10,15,12,13,1,1,14,6,11,1,1,1,82,1,1,1,1,16,1,2,13,1,13,6,9,1,11,13,2,18,14,12,10,1,1,18,5,1,2,12,4,1,1,9,5,1,13,1,1,13,1,15,1,8,1,17,1,1,9,1,1,1,1,12,15,63,7,8,1,14,1,1,49,1,9,8,1,1,15,13,12,1,1,1,7,1,1,1,1,1,30,13,1,1,1,10,1,14,13,1,1,1,1,18,19,16,1,6,1,13,19,1,12,11,1,1,17,9,12,23,12,12,4,1,1,9,4,9,1,14,1,15,1,1,1,1,12,1,1,15,23,13,20,1,1,1,15,1,1,11,1,1,1,1,8,14,1,2,10,14,12,2,14,23,12,17,1,1,6,8,13,11,1,9,18,13,1,10,22,16,13,17,12,12,8,9,1,8,3,19,1,12,10,8,10,9,6,9,1,1,1,1,17,1,16,1,1,5,1,1,1,1,1,1,9,10,1,1,1,13,9,1,1,5,4,1,4,14,1,7,11,1,1,1,1,10,13,10,6,1,1,1,7,19,1,11,1,12,1,1,1,13,24,5,7,1,1,9,13,1,5,1,2,11,2,14,10,11,1,16,1,1,1,12,1,11,1,7,22,14,9,13,6,16,1,7,13,1,23,1,1,2,2,2,11,1,17,1,1,10,1,20,1,15,7,1,10,1,1,12,16,11,1,5,8,1,1,10,1,12,1,1,14,8,1,1802,17,11,4,1,1,1,7,1,12,15,10,1,1,1,16,15,8,2,9,1,14,1,11,11,1,1,15,5,1,1,1,9,10,16,1,1,20,2,1,13,1,1,1,1,13,1,1,1,1,1,1,1,16,1,1,7,15,10,9,16,1,12,1,1,15,14,10,1,7,5,13,1,20,9,1,8,1,9,1,1,1,12,10,1,12,1,1,2,1,1,1,11,8,12,11,8,1,1,1,1,1,17,1,1,7,7,9,1,1,1,1,25,12,17,1,1,1,13,1,5,12,18,20,13,16,1,1,13,8,9,1,1,1,1,9,1,10,1,1,20,16,1,1,1,8,15,6,15,1,14,21,7,1,1,1,9,4,1,1,1,8,1,15,9,1,11,1,1,5,1,1,1,9,13,1,1,4,12,18,17,8,14,1,24,14,1,1,11,9,4,15,10,11,1,1,13,1,22,1,14,12,22,1625,13,12,1,1,1,1,14,12,1,1,10,14,61,1,1,7,1,9,1,1,1,19,1,11,1,20,1,13,14,18,1,16,1,23,1,20,25,1,1,1,12,1,13,9,9,12,11,1,8,8,1,16,5,25,1,1,1,3,1,1,7,13,13,1,17,33,1,12,8,13,1,1,11,1,7,1,12,11,8,1,1,1,13,14,18,1,18,13,15,1,18,1,1,18,1,9,32,1,5,1,1,1,1,18,22,15,1,1,1,8,47,12,12,1,73,1,11,1,20,1,7,1,8,16,1,1,1,12,15,1,17,12,37,12,1,1,13,1,16,1,1,9,8,1,11,1,1,1,7,1,12,12,1,21,31,20,1,1,27,1,15,17,13,12,1,11,11,1,1,1,9,1,19,6,29,8,11,20,1,1,1,3,1,1,1,1,1,1,1,20,12,20,9,1,1,17,4,1,93,1,1,1,6,17,11,14,1,17,6,1,1,1,12,1,7,6,15,1,46,19,1,33,1,7,10,16,13,9,1,1,17,1,6,11,4,1,1,7,1,14,20,1,5,1,14,1,1,1,1,1,1,22,1,1,15,27,10,18,15,1,1,1,1,6,16,18,6,1,1,3,1,1,6,18,1,30,12,1,1,15,14,1,1,13,13,1,12,10,2,11,1,1,11,15,1,17,18,1,1,12,15,1,14,1,19,1,13,13,7,1,1,1,1,13,19,1,14,10,13,6,8,12,1,1,18,1,1,1,1,8,2,17,19,1,1,4,1,1,14,1,1,14,1,8,10,15,5,1,1,31,9,12,1,1,1,20,1,1,39,5,14,10,1,1,1,1,1,9,8,1,13,1,1,19,7,11,9,1,5,1,17,8,1,8,54,1,7,1,19,1,1,1,1,30,5,14,1,1,1,1,1,15,22,1,1,10,1,99,14,16,2,1,1,2,10,1,1,1,12,10,20,1,1,14,9,1,1,1,1,12,1,1,4,1,1,16,17,8,1,23,1,15,25,15,7,1,1,1,14,1,3,1,1,10,1,6,1,13,8,1,2,12,16,1,1,5,13,1,14,21,5,1,1,10,1,14,17,1,1,1,14,14,1,1,1,1,1,1,1,13,1,1,11,13,1,1,13,17,1,1,1,1,1,1,1,9,11,1,1,1,1,57,1,1,1,1,2,1,10,11,14,11,11,1,1,1,19,2,9,16,1,13,3,9,1,1,12,13,10,9,1,9,13,1,1,10,13,1,1,19,1,8,1,10,15,9,1,9,1,11,4,1,1,10,1,7,1,1,1,11,1,5,15,10,1,1,1,1,1,7,1,1,1,1,1,15,34,1,39,1,1,13,1,12,1,19,14,10,15,9,1,1,15,1,1,1,19,7,5,1,10,1,1,32,1,13,15,1,1,10,1,9,1,1,18,18,1,1,1,3,6,10,14,13,1,1,1,1,17,1,12,12,27,1,17,1,15,8,10,9,1,20,19,11,1,1,10,1,1,3,1,1,1,12,21,10,3,1,1,1,12,1,11,1,24,1,23,1,1,1,1,1,1,9,11,20,1,16,13,1,1,1,1,10,13,1,14,13,16,1,1,12,17,2,7,1,8,2,1,12,12,13,1,1,10,11,7,3,36,12,13,15,1,1,13,9,24,10,1,1,14,15,1,7,15,1,15,1,10,2,13,1,1,7,28,1,15,12,1,1,5,10,1,1,11,11,17,9,1,1,13,1,1,12,1,11,15,1,1,7,10,1,1,11,17,1,4,15,9,1,1,1,10,1,1,1,11,14,14,10,22,11,1,11,1,15,21,1,2,1,7,14,11,1,10,4,7,1,16,10,17,6,12,1,7,12,1,1,5,1,1,10,11,1,19,9,22,11,17,1,1,12,1,1,1,16,7,1,9,1,1,16,6,1,17,14,654,11,1,9,1,1,9,11,26,19,18,13,1,1,1,13,69,1,7,1,1,10,1,11,15,24,1,1,20,13,2,12,11,5,1,1,1,15,10,10,1,8,22,10,21,14,10,1,5,9,1,1,13,1,5,1,12,15,14,1,22,1,1,1,11,22,5,8,1,1,1,15,1,12,1,1,11,14,1,14,13,10,1,1,1,6,1,1,7,15,23,18,1,1,10,13,1,1,24,14,2,10,1,1,6,10,13,13,6,1,1,19,7,1,18,1,22,1,10,16,31,1,1,1,1,15,1,7,1,11,13,1,14,3,1,1,13,12,1,5,1,6,1,10,1,33,1,13,19,12,7,1,13,1,14,1,1,1,11,12,16,15,15,1,1,1,1,1,1,3,5,1,12,79,1,13,20,1,11,12,25,1,1,1,10,1,9,1,6,1,1,1,1,3,9,1,15,9,1,24,1,1,13,14,1,2,1,1,16,1,17,7,13,11,20,19,12,12,1,1,12,1,1,1,1,14,1,1,1,12,1,2,1,1,6,26,4,5,1,5,8,8,15,1,15,15,1,10,1,1,2,25,20,11,12,8,16,1,1,1,1,1,1,19,7,14,1,1,1,1,12,13,7,10,1,2,1,23,1,15,1,1,14,15,6,4,34,63,17,17,16,26,1,12,14,9,6,1,1,1,1,1,1,3,29,1,12,1,19,1,1,16,11,12,16,14,1,1,13,13,1,12,1,22,10,1,1,18,2,1,1,1,1,1,14,9,1,1,1,1,8,19,19,17,1,1,1,15,10,12,1,10,7,30,18,4,7,1,1,8,13,1,1,1,1,1,15,1,1,1,1,1,20,8,1,13,1,1,11,12,13,1,1,14,14,1,11,4,1,9,1,1,17,14,19,1,13,5,1,9,1,1,1,1,1,15,1,6,1,1,8,13,1,11,1,1,12,1,26,13,4,12,1,9,1,14,1,10,9,13,18,12,1,1,8,1,1,1,2,1,45,1,1,1,1,12,15,14,1,1,10,12,1,17,6,43,1,1,1,8,1,1,1,5,10,1,1,2,23,10,1,1,12,1,12,1,1,12,3,1,1,19,1,13,1,1,10,1,10,9,1,24,15,17,7,12,1,1,5,1,3,20,1,1,8,1,13,12,1,1,11,1,10,12,15,7,1,8,13,7,9,9,1,1,72,1,1,1,10,1,1,15,1,1,1,14,1,1,1,10,1,13,1,8,8,1,1,3,12,15,1,15,1,1,1,1,7,15,1,1,26,1,1,15,1,1,7,5,17,10,1,22,9,9,1,1,12,1,14,1,1,14,1,12,22,1,1,20,9,6,16,1,1,5,1,5,1,16,1,14,13,1,8,9,21,1,1,1,6,12,1,12,12,1,1,21,12,1,5,16,32,1,1,1,1,9,12,16,10,1,1,1,1,1,1,20,42,1,9,1,1,16,22,1,1,75,1,5,1,4,14,1,7,13,1,1,2,16,15,9,1,12,26,14,1,43,1,1,1,8,17,1,9,20,20,1,1,1,14,9,1,18,10,17,1,1,1,6,9,1,13,1,72,3,1,1,9,14,1,8,1,1,15,1,1,5,1,16,1,1,1,1,1,1,1,15,12,1,1,117,7,1,17,5,7,12,2,15,1,19,1,15,6,1,18,12,13,14,1,2,1,18,12,22,12,5,1,1,1,1,12,3,2,1,1,1,1,1,2,1,1,8,9,1,1,22,10,1,16,11,12,20,11,9,1,14,12,1,1,1,1,10,9,1,1,11,1,1,10,11,1,1,6,11,1,23,1,5,10,1,1,17,10,1,1,11,1,1,1,1,9,13,4,1,15,1,1,24,11,1,20,1,1,17,1,14,4,1,2,13,1,1,1,15,1,1,17,1,12,1,15,10,1,7,7,1,1,24,8,1,10,12,1,18,1,1,1,1,7,16,20,1,19,1,10,1,11,12,1,1,12,1,1,22,1,10,1,1,17,1,1,19,1,1,1,1,1,1,1,1,5,1,1,11,27,5,1,1,11,1,1,9,17,1,5,1,11,16,1,12,1,20,405,19,1,13,1,6,1,14,6,1,5,14,10,1,11,11,13,1,2,1,1,14,12,1,9,1,14,16,28,1,13,15,14,1,23,1,1,1,19,1,15,10,17,1,1,1,20,1,1,3,23,1,6,1,3,1,9,1,1,1,4,12,22,16,1,1,25,1,4,11,20,1,12,1,1,4,14,6,15,1,18,34,13,12,7,1,1,1,8,1,6,15,1,18,1,1,11,1,1,12,1,15,16,19,2,2,1,3,10,1,1,1,1,11,1,1,11,13,1,12,1,1,1,1,1,1,15,12,1,1,15,1,13,1,1,1,14,32,1,1,1,16,25,6,1,17,12,9,12,2,14,9,17,1,12,12,23,13,13,1,1,82,1,4,1,1,1,11,11,1,15,17,89,1,1,3,1,16,1,1,15,14,3,9,14,1,15,12,1,10,10,10,1,2,13,1,26,13,1,1,1,8,7,1,26,6,2,1,9,19,1,12,16,1,1,12,1,11,1,1,108,1,1,14,18,1,18,1,1,12,1,9,11,18,1,1,13,12,1,1,15,11,13,4,11,1,8,1,17,1,73,17,1,20,6,2,11,9,10,16,10,17,1,1,14,1,14,1,15,16,7,14,11,20,30,2,6,9,13,5,6,12,4,9,1,3,8,14,1,9,1,1,1,13,1,1,1,5,1,14,10,12,1,20,1,1,1,1,1,8,12,1,12,1,1,1,12,1,1,1,6,7,16,1,1,1,1,14,1,4,1,15,12,1,1,14,1,14,12,2,10,14,13,1,1,16,7,1,15,15,5,8,6,7,1,10,13,1,11,94,4,1,1,1,13,1,1,1,1,14,1,1,14,1,1,13,1,1,1,7,17,1,1,10,1,12,1,16,1,4,1,1,1,1,1,1,1,9,14,5,1,1,1,11,11,11,1,4,5,1,1,1,1,9,1,12,16,8,3,1,13,1,1,20,4,1,12,1,1,1,10,9,1,1,1,15,10,14,14,11,1,1,1,13,40,12,1,1,6,1,10,1,17,18,1,1,14,1,1,1,18,6,13,19,1,1,18,12,1,1,1,13,17,1,67,1,10,1,10,1,2,19,1,38,1,12,82,18,1,12,18,1,1,1,2,10,11,13,11,1,1,10,1,7,9,1,13,108,1,2,1,6,1,1,1,20,8,1,1,8,6,1,15,6,1,11,8,9,28,1,1,74,26,14,1,4,10,1,4,1,9,5,1,25,1,1,11,10,11,9,1,9,10,8,24,8,16,1,1,1,1,12,13,4,7,13,12,1,1,1,17,9,25,1,5,1,1,1,1,8,13,19,11,10,1,19,1,10,19,16,105,17,15,10,16,1,6,1,1,1,17,1,146,1,12,18,8,16,1,1,1,1,13,1,1,1,1,1,12,13,1,4,18,18,2,1,12,15,16,1,10,1,15,5,11,1,10,1,1,13,20,1,9,1,2,13,1,23,1,14,1,1,1,19,8,16,13,1,16,1,12,63,1,1,1,1,11,1,1,1,14,8,21,1,16,15,1,1,16,1,1,1,13,1,1,1,9,7,13,1,71,8,12,1,1,1,18,1,14,22,20,13,8,9,7,12,1,12,1,10,14,1,11,1,15,1,11,1,1,1,15,13,1,11,1,1,1,34,8,1,1,7,1,38,1,1,5,9,13,16,1,1,12,1,12,1,1,1,3,1,25,1,1,8,10,1,9,14,14,23,1,1,12,10,1,12,1,6,1,64,6,13,23,8,1,17,26,11,1,1,14,11,18,14,1,1,3,1,14,1,15,11,1,2,9,18,1,1,140,1,2,8,16,15,16,1,1,15,1,1,14,1,24,1,9,1,20,1,16,1,13,1,1,1,1,1,13,14,1,10,1,1,1,1,15,1,1,11,13,1,29,7,11,9,11,23,7,11,10,1,1,3,1,15,6,9,17,10,9,1,11,1,14,9,1,18,1,1,1,1,1,17,14,10,5,1,1,1,7,6,2,1,4,12,10,1,19,14,1,7,17,19,21,20,1,18,1,1,1,16,16,5,1,3,14,1,1,1,1,9,1,9,9,1,8,1,2,1,2,1,12,10,1,9,28,8,10,1,5,18,1,1,12,110,12,1,1,1,1,14,1,1,8,2,31,1,1,12,1,1,1,17,12,13,18,14,17,1,1,28,9,1,25,1,1,1,1,2,10,22,1,19,1,15,9,15,16,9,21,15,1,18,16,13,18,16,1,1,13,1,7,22,17,1,1,1,9,7,9,1,7,1,20,6,9,8,1,5,1,20,1,10,14,1,22,9,16,24,7,1,1,15,12,10,2,8,1,1,1,1,1,1,1,17,13,1,11,1,1,16,1,9,1,1,111,18,1,1,20,15,1,10,1,1,1,7,9,1,23,1,1,1,1,1,131,10,1,13,4,1,1,1,5,1,12,12,3,15,1,11,76,24,7,17,1,10,15,2,5,19,1,1,1,1,13,19,12,1,21,1,15,1,1,1,15,8,1,16,1,15,1,95,1,1,16,1,1,1,12,18,10,18,17,1,8,1,13,11,1,1,1,1,1,10,25,18,1,19,1,15,1,1,1,21,24,16,9,26,1,11,17,2,12,14,1,15,1,1,13,1,1,18,8,1,1,13,2,8,10,4,83,1,1,1,14,8,8,1,23,1,81,8,1,81,23,1,1,5,15,1,5,1,10,1,18,1,12,8,1,10,14,1,16,1,11,1,1,19,1,10,87,1,1,11,1,19,14,1,14,11,31,2,1,1,1,1,6,6,20,1,1,1,6,7,1,1,1,2,1,1,4,1,1,12,1,6,1,16,1,13,9,12,11,1,1,1,17,1,1,1,1,1,1,24,10,1,1,1,1,14,1,1,15,1,9,1,1,1,2,1,12,18,11,9,1,1,1,1,6,22,1,20,1,1,1,1,25,15,10,1,3,10,1,1,16,1,2,1,14,1,12,2,1,14,1,14,13,5,1,2,1,1,30,1,2,16,1,9,1,1,11,13,67,1,1,1,12,12,1,1,1,4,11,10,1,13,26,1,1,1,1,3,1,15,1,3,7,18,1,1,2,16,1,1,1,14,11,14,1,8,1,8,24,9,8,18,15,1,8,15,1,1,1,10,12,1,11,1,12,25,15,11,11,1,1,13,81,8,1,1,1,1,1,16,9,1,1,10,1,16,12,1,3,1,7,1,14,8,2,1,10,1,15,21,1,12,1,1,1,1,19,1,18,8,11,8,13,1,12,14,21,1,1,1,19,19,9,1,1,2,18,1,11,1,4,1,10,17,11,11,12,299,1,1,1,1,15,15,1,1,1,9,4,12,1,1,1,9,17,1,1,1,6,5,1,1,6,11,14,12,11,15,1,12,1,1,1,1,1,1,7,11,1,2,4,1,1,7,1,26,9,21,1,11,14,1,6,11,1,19,36,1,1,1,13,1,9,1,1,14,7,11,1,17,1,1,20,20,77,5,1,18,14,13,14,1,15,14,12,10,1,15,9,1,14,6,14,17,1,7,17,11,1,1,1,17,17,1,1,1,106,1,1,1,1,19,6,1,1,1,13,1,1,15,1,9,15,15,1,1,1,11,1,1,4,1,13,1,17,13,4,1,1,1,1,13,9,10,1,2,16,10,7,13,1,2,25,1,7,1,9,1,5,1,1,14,2,1,1,9,30,16,10,21,2,1,14,1,17,10,1,19,19,18,10,1,1,1,1,16,17,25,1,5,6,1,1,15,17,1,13,16,12,13,14,12,10,46,1,15,1,5,12,10,1,10,1,12,24,1,13,1,1,15,8,16,10,8,13,1,14,1,14,1,1,1,13,17,15,19,8,1,1,5,1,1,14,11,1,1,1,6,22,1,1,19,6,11,1,1,1,9,1,1,20,8,1,16,14,12,1,1,1,1,15,1,11,1,9,1,5,2,6,20,10,1,1,14,15,1,7,1,16,1,6,14,1,1,1,1,1,11,1,11,1,10,13,25,13,1,15,17,15,12,1,10,1,1,1,7,11,12,1,1,1,1,12,1,14,1,11,12,1,11,1,1,1,1,4,74,1,1,1,1,1,1,23,1,1,7,1,7,1,1,1,13,1,6,1,8,15,11,14,1,1,10,4,14,1,1,19,12,22,8,5,17,1,11,1,1,3,12,1,1,1,1,1,18,1,11,1,1,1,12,12,15,10,1,11,1,1,15,1,11,1,17,1,1,1,1,14,1,20,8,4,1,1,1,10,1,1,1,1,1,1,1,1,13,1,1,18,11,1,15,1,15,1,12,22,12,1,2,13,1,1,12,1,1,1,1,1,1,1,1,15,14,13,1,12,1,1,1,1,1,15,1,1,1,1,1,1,10,14,1,1,6,5,13,15,13,13,1,1,14,1,6,10,8,9,14,15,1,1,1,1,1,13,1,1,1,7,2,58,8,1,6,1,1,7,1,12,12,1,11,1,1,1,6,10,17,1,1,1,1,11,20,7,8,1,7,1,1,1,31,11,1,14,11,1,26,18,1,1,1,1,1,1,6,2,1,6,13,16,16,30,12,1,14,1,1,19,1,1,5,18,21,1,1,13,12,1,1,1,1,10,1,12,24,1,1,10,1,8,14,12,10,1,2,14,25,1,14,10,9,1,10,1,8,1,4,14,12,1,1,1,1,20,9,13,35,6,1,1,10,1,1,5,25,1,1,1,1,1,13,1,13,1,14,12,1,5,27,11,28,1,1,24,1,1,11,1,1,1,9,6,1,1,12,1,9,1,11,10,1,11,20,1,1,1,1,1,14,1,1,1,3,12,1,1,1,2,14,1,1,1,1,6,68,8,1,1,15,14,1,1,1,87,1,17,16,1,20,11,1,14,1,18,1,1,9,1,4,1,12,14,1,1,14,1,1,1,1,13,17,13,12,4,10,1,3,13,1,2,9,177,2,30,1,1,1,4,1,1,10,1,1,1,1,9,5,10,1,1,11,5,18,1,3,1,1,11,1,9,1,21,1,8,1,8,1,1,1,12,12,18,1,1,1,1,20,1,1,13,1,20,1,17,2,1,5,1,1,9,1,1,20,12,1,1,12,12,13,13,1,1,1,1,7,11,18,1,1,1,10,1,7,10,11,1,17,1,1,8,1,8,1,15,14,1,1,11,19,1,14,21,16,9,1,3,8,1,13,1,26,1,31,1,1,1,1,1,12,1,1,1,12,26,1,7,15,1,18,1,1,9,16,84,11,1,5,26,1,16,1,13,13,11,1,1,1,1,1,1,1,17,9,17,11,16,1,13,1,1,16,13,1,10,11,1,9,1,9,1,11,1,1,2,14,21,1,1,15,22,8,23,1,25,9,19,12,1,21,22,1,17,1,2,4,28,10,1,10,1,1,11,25,1,1,20,21,1,14,1,7,1,9,4,1,13,8,1,1,6,13,1,7,1,4,1,1,1,25,9,1,3,1,1,10,1,14,16,14,1,10,15,12,1,1,23,1,1,9,19,1,1,1,1,1,10,10,9,1,12,15,1,17,2,19,12,1,1,13,12,1,1,3,15,1,7,14,9,24,11,8,14,15,1,21,14,4,1,13,6,12,13,15,1,8,20,23,1,15,11,12,3,46,1,9,9,1,7,14,17,1,1,1,1,20,1,5,1,1,12,9,1,1,6,1,11,1,12,1,13,6,11,9,1,1,1,11,17,1,4,1,1,1,1,3,38,1,20,13,8,20,19,1,8,10,8,4,1,1,1,1,1,9,1,15,1,5,6,1,9,15,1,10,1,23,1,10,1,1,14,17,1,5,1,1,12,1,1,1,10,14,1,11,23,1,1,1,1,2,10,14,1,1,11,1,4,10,8,1,1,15,1,1,1,1,1,8,22,14,1,13,10,17,18,17,1,1,1,5,6,13,14,1,4,1,17,17,11,14,6,3,12,19,1,8,1,1,21,1,1,2,3,1,1,6,1,43,1,19,1,7,11,17,10,1,1,35,1,1,1,7,3,10,17,1,1,10,1,1,14,1,9,1,1,19,1,9,12,18,10,1,1,1,1,1,13,1,1,1,1,3,1,7,12,1,1,15,1,1,12,21,1,13,15,1,29,1,15,1,1,1,10,3,1,9,1,15,13,10,1,21,1,12,21,15,1,1,1,2,9,1,14,17,10,1,22,1,16,11,8,9,1,1,2,19,1,25,10,5,11,18,1,1,1,13,60,15,10,1,16,1,6,14,7,17,1,16,1,1,10,1,27,1,1,21,1,15,1,4,12,1,1,10,19,19,1,1,1,24,1,1,1,1,1,1,7,20,12,15,18,1,10,1,25,1,13,1,21,35,7,8,10,1,1,1,15,13,1,1,19,13,12,1,21,1,12,1,16,14,1,77,1,26,11,13,1,8,1,21,1,1,8,1,1,17,1,61,1,15,13,1,1,16,19,16,18,21,1,1,1,11,12,1,1,1,1,19,1,5,10,9,15,5,90,1,12,1,3,5,12,1,14,13,17,6,7,1,1,1,1,1,1,1,13,11,1,10,23,7,8,21,1,1,1,1,1,1,13,15,102,2,17,2,15,1,13,12,1,12,1,1,8,1,8,13,21,1,17,57,1,11,1,13,1,28,1,9,11,1,9,8,21,17,15,1,2,24,7,20,10,8,17,7,4,2,8,8,17,7,12,8,11,1,12,8,9,12,21,28,14,1,97,1,1,12,2,10,1,11,21,12,13,1,13,9,1,16,1,1,9,1,10,1,14,7,1,16,15,1,9,1,1,15,1,18,12,9,2,11,1,14,10,2,17,1,13,9,16,23,1,12,14,14,1,19,10,5,1,11,1,2,1,1,11,2,10,18,14,1,10,18,1,14,6,7,1,1,1,9,12,19,1,15,11,10,6,14,17,1,10,8,1,11,12,1,1,13,1,10,1,12,14,1,18,11,1,13,8,1,13,1,8,7,11,1,8,1,1,2,1,1,1,1,1,30,1,1,1,5,1,7,18,1,1,1,1,1,1,1,15,1,12,10,1,18,9,20,1,1,16,25,6,6,12,20,1,12,1,1,17,1,15,15,15,1,1,17,1,1,12,1,19,14,13,32,19,1,13,2,1,1,4,1,111,4,18,10,1,5,17,9,6,1,1,16,1,1,1,20,1,1,3,1,16,1,1,16,14,1,1,25,16,1,10,1,8,8,1,1,14,1,17,1,1,1,1,6,8,6,9,11,1,14,1,13,11,30,1,13,9,8,1,1,17,1,15,1,222,8,11,1,11,1,18,1,1,26,15,1,1,1,8,1,1,18,1,1,13,11,20,1,1,1,1,11,1,6,11,11,1,1,98,17,1,22,13,1,1,1,4,1,15,1,1,7,1,1,1,21,4,2,1,1,1,13,11,1,1,1,23,1,10,17,23,1,1,1,1,1,13,1,11,2,8,6,8,1,1,10,1,1,11,1,1,1,1,16,14,10,11,1,13,13,1,16,12,23,1,2,13,3,8,1,11,13,1,6,4,6,1,1,9,1,7,1,1,1,13,10,1,10,17,8,1,27,1,1,1,4,1,1,15,1,1,14,1,8,1,14,14,8,10,15,1,11,1,1,15,7,1,11,1,14,1,1,10,1,12,1,1,1,2,10,1,1,12,1,9,1,1,1,30,8,1,1,1,75,1,15,15,14,16,15,11,1,7,1,1,1,5,1,1,2,12,11,7,1,20,14,1,11,1,23,17,1,8,16,1,12,12,1,21,1,12,15,17,9,10,1,1,16,1,8,1,3,1,1,1,1,11,13,1,1,1,16,12,1,1,3,1,6,1,7,1,9,1,1,1,1,6,9,13,11,1,16,1,1,18,1,1,20,19,1,8,32,17,13,14,1,18,24,11,6,1,23,1,1,11,10,4,15,1,1,9,1,1,1,1,1,13,1,9,14,14,2,25,4,24,1,11,1,16,16,11,1,1,13,8,17,1,1,5,21,1,1,11,1,1,1,1,6,9,16,1,108,22,6,11,19,1,1,1,15,1,14,1,1,1,1,15,1,10,1,1,1,1,1,10,9,13,1,17,1,2,14,1,16,8,1,1,1,1,1,1,1,7,1,1,12,9,9,1,1,19,24,1,1,1,1,2,16,10,8,11,11,1,1,1,15,16,2,1,1,5,16,18,1,13,12,12,1,21,20,1,1,1,1,12,1,13,19,1,19,3,9,15,1,9,1,1,15,1,4,16,7,1,1,15,15,1,16,13,5,1,18,1,1,11,1,1,1,1,17,1,14,13,1,10,1,18,1,1,1,1,1,1,16,11,11,1,1,10,5,1,13,10,1,24,17,1,1,10,13,15,6,4,1,1,9,11,19,13,24,1,8,1,5,1,1,17,1,8,15,1,1,10,81,1,1,1,1,1,14,10,1,14,8,1,2,19,1,9,15,57,1,11,22,6,14,14,1,16,1,12,8,1,11,20,16,7,10,12,1,17,9,71,1,1,14,9,1,7,1,1,19,14,14,22,1,10,1,1,9,22,27,1,22,1,1,13,1,1,8,1,1,1,1,63,1,20,8,1,1,1,14,25,1,19,1,1,30,1,1,18,1,14,1,1,1,1,1,1,1,11,4,1,1,1,9,15,1,68,12,1,1,1,1,7,1,1,7,15,7,4,1,11,17,12,9,1,1,1,17,10,1,1,1,17,11,1,1,13,13,8,1,1,15,14,16,3,15,18,1,1,16,1,1,86,1,1,6,1,12,3,1,1,3,14,15,15,24,1,9,1,8,1,9,11,7,1,18,15,6,16,12,1,18,97,9,1,1,1,7,11,1,1,1,1,2,4,1,1,1,1,1,18,65,1,1,14,21,12,12,10,15,15,11,1,12,17,16,1,15,1,2,1,1,1,7,1,8,15,1,9,1,10,3,1,1,11,1,1,21,22,10,8,21,7,12,1,1,1,90,1,1,1,3,11,6,13,1,10,22,1,1,13,1,10,1,1,12,14,7,3,4,1,1,6,1,12,7,1,1,3,9,17,9,8,27,9,1,9,17,1,10,19,8,2,1,10,17,6,14,1,15,9,16,10,10,1,3,1,9,1,1,22,47,5,1,1,1,1,1,1,6,31,31,1,10,1,24,6,1,1,13,8,13,11,1,1,12,7,12,1,2,1,1,6,6,11,10,9,2,1,11,18,1,1,12,11,7,10,4,1,10,1,1,16,22,2,1,1,55,9,1,1,15,1,22,1,9,18,12,1,1,1,1,3,7,1,14,16,1,9,10,1,1,1,1,4,1,10,12,12,1,17,1,17,1,16,8,1,10,8,1,13,15,10,15,4,1,1,1,1,1,13,1,10,13,11,9,19,1,17,1,11,10,1,1,2,1,12,10,11,20,12,1,19,1,11,10,11,1,8,1,1,14,6,1,6,1,2,8,19,16,1,8,1,1,1,1,11,14,16,1,16,7,1,1,1,1,1,1,10,1,16,1,10,1,1,13,1,1,9,1,1,1,1,1,12,1,1,1,10,1,15,7,6,8,5,12,7,1,2,13,11,1,1,10,1,1,12,10,13,1,11,12,4,1,11,1,10,1,5,7,1,4,1,1,9,1,12,1,10,16,1,1,1,11,1,17,4,12,1,1,1,1,1,1,12,27,1,1,12,1,1,8,1,7,14,15,1,11,1,1,10,1,23,12,28,24,1,9,12,1,1,14,1,2,1,5,16,12,5,1,1,10,1,10,11,16,8,1,16,13,10,1,15,13,1,11,1,13,16,1,10,6,1,1,8,20,1,18,11,1,11,1,10,11,2,9,19,1,8,13,8,15,1,18,14,1,13,5,1,9,1,10,1,1,15,2,12,10,8,1,1,17,1,1,1,1,1,18,1,1,7,22,18,1,1,12,8,12,1,16,1,1,1,14,15,19,1,17,10,11,1,1,1,1,1,1,1,11,11,1,23,1,16,1,1,1,1,1,1,1,13,119,14,15,1,19,4,14,17,14,14,16,13,1,1,17,12,1,1,1,19,8,1,12,14,1,15,15,13,1,9,15,1,1,1,1,1,1,18,1,1,13,26,8,1,1,1,13,15,24,11,12,1,15,1,14,1,3,15,5,9,9,1,1,1,1,6,16,1,10,1,1,1,4,1,15,7,1,1,1,10,17,1,1,11,1,1,15,4,15,1,7,1,13,1,14,14,16,10,21,1,1,1,1,1,1,16,1,16,1,1,1,12,1,1,8,11,1,10,1,8,12,1,12,20,29,9,1,4,1,15,1,3,1,15,1,11,14,1,1,7,13,1,1,12,10,11,18,15,18,19,19,1,1,80,1,15,1,1,1,8,1,1,1,1,13,1,12,15,1,1,8,46,8,1,1,1,11,13,1,2,42,1,1,7,1,1,5,1,1,15,1,12,2,17,1,1,11,1,1,4,8,17,1,1,1,1,1,1,1,15,1,8,1,1,7,2,1,46,8,18,1,1,1,7,7,1,1,1,11,4,870,1,5,43,12,1,1,13,1,9,1,15,1,12,2,1,6,6,18,1,8,1,1,13,1,20,19,1,16,1,1,14,9,1,1,4,1,12,1,1,1,1,24,1,1,11,1,5,3,20,10,18,1,1,1,16,1,1,1,18,1,12,1,21,1,15,1,1,1,16,9,1,1,6,1,1,11,1,17,1,20,1,13,1,9,1,1,16,1,8,84,8,9,12,1,1,14,1,20,10,1,12,17,7,8,1,4,15,12,16,1,13,1,1,1,7,16,18,1,13,22,12,7,10,7,1,14,18,8,7,7,15,1,1,12,1,13,1,18,23,1,1,1,8,1,14,14,14,13,1,7,4,1,11,1,1,13,1,1,15,1,1,1,1,1,10,1,9,16,1,11,1,1,13,1,1,2,1,15,1,12,15,10,1,15,12,7,15,1,18,15,10,19,12,1,2,23,1,1,17,9,15,12,1,1,1,13,13,12,1,8,1,1,19,1,1,18,1,15,1,19,1,13,6,11,8,1,8,10,19,5,1,15,11,1,6,1,14,1,1,13,2,13,1,4,9,1,1,15,14,1,1,1,7,1,6,19,18,1,11,16,1,4,1,9,1,5,21,1,1,1,1,21,1,1,7,1,11,1,1,1,13,22,17,9,1,18,5,1,11,1,16,8,1,1,1,1,18,19,4,14,16,1,1,15,1,6,10,2,10,7,1,1,6,1,18,1,1,10,15,1,1,1,1,1,10,1,1,1,13,8,1,1,1,1,3,6,1,15,1,1,6,1,3,8,1,1,1,14,17,15,1,30,1,1,14,20,14,21,1,1,11,1,11,1,1,11,17,19,1,1,1,11,11,6,1,1,5,1,1,14,9,1,12,1,13,1,8,1,4,13,1,18,1,22,10,9,1,7,17,12,1,17,17,3,5,1,15,1,1,3,1,1,1,8,1,1,13,1,1,1,9,1,14,1,1,13,2,1,1,1,1,1,8,12,9,1,1,8,14,1,9,7,1,17,1,1,1,1,1,1,1,16,11,15,2,24,13,13,8,1,5,12,1,1,11,1,1,1,1,1,18,1,9,1,12,5,1,6,1,1,1,10,1,10,16,1,12,1,1,1,4,1,1,1,1,6,2,11,10,1,6,9,16,13,12,1,4,17,14,16,7,2,16,10,8,7,1,5,1,15,6,14,9,1,1,18,9,15,15,1,1,1,1,1,1,1,32,1,14,16,1,1,1,13,11,11,3,16,15,1,15,5,1,1,1,9,1,1,14,16,20,17,1,1,1,15,1,1,1,1,16,1,20,13,14,1,1,13,1,14,17,1,1,7,1,1,9,11,17,8,14,1,9,12,15,10,1,12,14,8,16,1,12,20,12,10,18,13,4,3,15,1,15,14,1,8,1,15,1,11,1,1,1,1,1,1,1,18,13,12,22,1,9,29,1,1,15,10,15,17,1,6,17,1,15,16,1,2,17,1,1,1,1,1,1,8,1,7,1,10,1,1,1,12,1,1,1,11,17,1,1,1,1,1,16,16,1,1,16,1,13,2,20,23,1,5,1,1,1,10,1,13,1,16,11,24,1,10,1,17,12,1,1,1,1,14,19,7,4,1,7,1,82,1,10,11,1,12,8,11,13,1,10,17,1,19,14,4,1,15,1,1,13,1,17,1,1,7,1,14,11,8,2,1,15,14,10,1,1,13,1,15,1,1,11,1,1,12,8,1,1,1,1,1,7,1,1,9,12,1,12,1,10,1,11,1,24,1,13,1,12,12,1,1,9,1,7,8,1,13,1,6,1,16,25,1,2,1,10,26,13,1,16,18,1,1,40,10,11,1,1,6,14,1,12,1,1,1,1,2,19,17,23,11,1,1,1,9,9,12,5,19,1,1,1,26,1,12,33,6,1,9,10,1,16,21,10,21,14,11,1,18,10,20,1,1,1,1,6,1,12,2,1,17,14,13,14,1,16,12,1,7,1,1,14,1,20,5,1,15,1,7,12,17,1,11,19,6,1,1,1,1,1,12,12,1,18,13,1,9,1,1,10,1,8,1,17,1,13,1,18,7,1,1,2,22,1,1,2,10,1,9,20,7,24,1,6,11,14,1,15,1,2,1,1,3,7,1,1,1,15,8,13,8,14,3,1,1,4,22,1,17,1,1,11,1,14,1,7,14,17,1,1,1,17,1,2,6,1,29,6,1,13,1,16,1,1,7,9,12,10,1,1,1,1,15,1,13,1,1,11,1,1,1,10,10,1,34,1,9,1,14,1,20,17,1,7,1,10,34,1,5,11,1,1,1,15,1,1,1,13,4,16,12,1,1,1,12,25,2,6,1,1,12,1,2,1,1,1,1,1,9,12,1,15,9,1,9,12,10,14,1,1,1,1,1,4,1,14,9,10,1,1,1,1,16,14,1,1,20,1,1,2,1,1,13,1,10,2,13,1,10,1,6,14,5,1,1,11,13,1,2,11,1,9,12,15,16,2,64,1,14,10,9,1,12,2,11,10,2,13,14,1,10,8,14,16,10,1,14,1,1,9,6,1,1,1,12,8,1,1,1,1,1,27,1,12,1,1,40,1,15,1,4,12,1,1,1,12,8,1,13,2,1,17,5,266,19,8,1,1,1,11,1,1,18,1,1,1,3,9,2,1,5,7,1,1,1,4,11,16,1,1,1,12,3,1,16,17,10,7,13,1,1,5,1,1,1,12,7,37,1,14,13,15,19,1,13,1,1,1,1,1,12,5,14,1,18,1,1,1,18,1,1,1,1,2,1,6,2,13,16,20,1,23,26,1,1,1,1,5,9,1,1,15,19,2,1,1,15,13,1,2,11,1,15,94,10,89,17,15,12,2,2,14,1,1,1,12,26,1,14,13,1,8,17,16,1,6,2,14,1,12,4,2474,1,11,14,14,7,8,1,14,12,1,10,5,1,1,13,14,3,5,1,13,1,1,10,1,12,1,12,19,8,12,1,1,1,16,1,25,9,1,1,2,19,15,1,13,6,14,1,3,1,1,1,1,1,16,14,12,1,10,1,1,15,3,11,8,9,22,1,1,9,14,1,14,17,1,9,8,4,13,8,11,1,14,14,18,1,2,15,1,1,14,1,17,1,12,1,11,1,1,1,1,6,1,11,16,16,3,7,13,11,17,1,1,10,10,9,21,9,8,1,1,6,1,12,8,1,13,11,1,9,1,1,1,1,1,11,1,1,14,1,1,9,1,5,1,1,20,14,1,11,15,15,10,1,4,1,11,10,1,19,14,9,1,1,1,2,1,1,4,1,1,12,1,10,17,13,1,16,13,9,5,1,1,9,2,1,17,17,1,1,15,8,1,1,1,1,17,85,1,1,1,21,1,6,1,1,1,11,9,17,12,18,25,11,1,19,11,8,1,11,1,14,16,13,14,11,12,1,2,1,9,13,14,12,14,1,36,1,29,1,1,16,14,13,38,11,1,24,11,1,1,1,17,1,9,16,1,11,1,2,11,12,1,12,12,1,14,1,17,19,10,20,1,14,23,1,1,1,2,1,1,1,10,15,1,6,26,1,5,10,1,9,13,1,1,18,14,18,1,1,13,1,1,13,1,10,76,11,10,11,7,1,17,18,15,1,1,5,1,1,1,11,9,5,1,1,6,13,1,8,16,8,1,1,8,1,1,1,1,2,2,15,1,1,1,19,1,1,1,1,13,11,1,1,1,1,19,16,10,5,29,1,9,1,1,2,2,14,1,1,19,31,9,12,11,17,10,5,96,1,1,1,1,8,14,1,1,1,1,11,9,12,1,1,1,14,25,2,1,11,14,1,7,15,12,22,1,1,1,9,2,1,12,1,1,12,16,18,1,4,1,15,5,1,11,17,19,10,17,6,5,1,6,12,5,1,10,1,13,1,11,1,10,25,12,18,29,1,28,1,10,14,15,9,1,112,3,1,11,1,12,1,1,1,13,1,12,1,1,1,1,1,1,1,1,1,1,11,1,13,8,13,1,13,1,26,5,1,19,14,1,1,11,12,1,8,19,4,10,9,23,8,1,15,17,13,12,6,1,13,1,1,15,1,1,1,1,1,1,14,1,1,1,10,1,22,1,11,33,11,1,1,1,1,1,1,8,1,3,1,12,7,12,1,16,10,12,1,3,11,3,6,1,93,9,1,16,1,1,21,1,11,1,15,17,16,1,12,14,11,25,12,19,6,1,1,1,5,1,1,13,1,1,5,1,16,11,1,19,1,15,19,10,4,1,8,1,31,1,1,19,1,1,65,1,1,1,20,1,1,1,1,1,1,1,1,12,1,1,8,15,1,17,16,1,4,3,15,12,13,6,9,18,1,1,11,15,2,15,26,10,14,9,11,1,1,8,1,12,13,1,14,20,1,21,1,2,11,1,9,18,27,1,1,12,1,36,8,14,7,14,78,1,1,19,1,2,1,21,1,16,15,1,2,11,1,12,1,1,2,1,1,8,18,10,9,1,34,20,15,9,1,2,22,1,1,11,1,1,2,13,1,5,4,6,1,6,12,1,16,13,1,12,5,11,1,3,10,1,18,12,7,19,1,1,14,20,82,20,18,1,8,1,9,22,6,1,1,18,1,16,19,11,15,8,9,23,13,81,1,1,11,1,1,1,10,14,16,1,16,8,12,1,15,1,13,16,8,7,18,16,9,15,1,1,1,12,3,12,8,1,12,101,2,1,8,4,1,10,13,1,1,15,1,17,1,1,20,1,2,1,1,1,2,19,16,55,1,2,3,1,10,1,13,21,16,1,1,1,1,17,15,1,1,13,7,19,1,1,15,1,1,10,10,5,1,23,1,1,12,1,38,1,1,17,22,11,103,20,15,17,1,1,1,1,2,1,1,1,18,1,10,1,13,1,1,6,20,12,5,1,1,11,12,15,7,13,1,19,1,17,18,1,4,9,19,1,1,1,1,5,15,1,13,9,10,25,19,22,12,13,1,1,20,1,1,1,1,16,17,6,10,1,1,14,14,8,1,1,1,12,3,1,1,11,1,17,17,1,1,1,11,1,1,15,12,1,1,10,1,1,1,18,10,17,9,9,11,1,22,1,1,14,1,12,16,30,1,2,13,13,1,9,15,16,13,1,1,1,1,1,1,2,9,1,9,1,1,22,1,1,12,12,11,17,4,10,1,18,20,8,24,10,1,1,7,14,1,1,5,12,1,17,15,1,12,1,8,10,1,11,10,1,6,1,1,1,1,1,19,25,5,15,1,13,1,1,11,1,1,1,1,1,1,1,1,10,1,17,11,1,9,1,6,18,4,15,1,7,1,12,4,26,1,15,1,10,15,9,1,11,1,1,1,15,19,12,20,11,12,1,14,1,4,1,23,4,10,16,1,7,17,1,11,15,1,14,1,10,1,4,1,7,1,1,1,1,18,8,1,12,1,10,11,22,11,1,3,1,1,12,1,14,1,1,12,1,11,1,10,19,1,1,4,1,1,17,12,1,9,1,1,7,1,1,1,5,1,1,16,1,1,1,1,8,1,1,1,1,10,1,1,7,1,1,14,12,9,9,11,17,1,13,1,1,7,1,7,1,12,1,2,16,1,7,8,1,6,2,7,1,19,16,1,13,1,1,16,1,1,12,1,1,1,1,1,1,1,10,1,10,21,15,1,15,18,13,1,14,5,1,15,7,10,21,13,24,11,23,10,15,2,11,1,1,6,12,13,1,1,1,1,1,11,19,7,1,14,1,1,1,10,1,1,1,1,1,1,1,3,10,1,1,1,1,1,1,17,1,1,1,1,9,3,1,1,1,12,13,1,10,16,1,1,2,8,2,1,13,9,6,1,57,1,7,16,1,18,18,14,1,1,9,9,1,1,24,1,12,16,18,1,1,17,12,1,18,1,1,1,1,1,1,1,5,2,8,1,1,9,8,1,1,7,1,1,1,1,14,16,1,1,16,8,7,5,1,15,51,1,13,12,1,18,12,9,9,1,5,9,15,1,2,1,18,22,1,9,15,3,1,1,9,1,16,14,14,1,18,6,1,1,3,7,22,1,9,1,1,10,15,1,7,1,1,16,1,1,1,1,1,12,1,10,15,21,5,1,10,13,15,9,10,1,1,13,1,1,1,1,10,1,5,7,15,1,15,16,1,1,16,11,1,1,10,9,1,1,1,1,16,1,1,1,16,13,1,11,11,1,1,13,12,16,10,15,7,1,26,1,4,1,1,1,1,1,10,16,5,1,19,1,27,1,11,6,1,1,19,81,3,14,1,9,12,13,22,1,1,1,1,8,1,13,8,1,1,19,2,1,10,1,1,1,1,1,3,12,1,1,1,7,9,9,1,19,1,16,14,4,16,1,10,13,22,1,1,1,14,1,1,1,8,7,1,26,13,30,6,11,1,12,1,1,15,1,9,16,8,1,1,10,20,1,16,1,8,8,15,1,16,12,14,9,8,10,1,6,10,20,1,12,31,14,8,1,5,9,1,14,1,10,2,1,1,1,17,18,1,1,10,11,8,1,14,12,8,9,1,19,1,10,14,5,1,12,10,7,1,6,8,1,9,10,25,6,1,3,15,1,1,12,1,1,1,1,1,1,4,1,5,20,2,17,1,5,21,3,13,6,1,15,1,9,1,1,19,1,1,18,1,15,1,1,1,11,1,1,1,9,6,1,1,1,1,11,1,1,17,15,1,1,1,1,1,1,1,13,1,12,16,12,12,12,11,1,11,1,25,1,1,20,13,1,10,2,9,1,13,15,4,1,13,12,7,1,55,1,15,1,15,14,1,7,3,1,14,1,13,1,14,1,16,1,1,13,1,1,1,12,9,1,4,1,1,6,12,1,7,16,14,1,1,6,1,22,1,1,6,1,7,14,1,22,1,1,1,11,21,6,1,1,1,10,8,1,27,1,1,1,17,1,11,1,1,8,1,1,10,17,20,14,5,16,8,12,11,1,9,1,1,11,1,1,1,1,20,1,17,1,1,1,1,1,1,1,1,16,7,1,1,1,12,9,12,14,1,1,1,7,1,14,14,12,4,1,1,14,14,1,12,12,1,5,1,16,13,1,1,12,3,16,2,22,11,13,1,1,1,1,1,3,8,2,1,1,8,13,2,1,20,19,1,6,21,1,14,4,18,16,21,1,1,24,105,16,13,11,1,1,18,1,1,1,1,13,5,15,1,1,1,1,1,9,1,43,2,16,23,1,9,27,1,21,18,1,6,1,1,13,30,13,1,11,17,1,1,5,14,11,6,1,74,1,1,1,74,9,170,43,28,6,7,14,15,1,14,2,1,13,1,12,221,10,11,1,14,15,12,14,10,18,1,15,17,2,12,1,11,1,1,11,10,1,16,1,1,18,12,15,1,12,1,15,1,9,1,1,1,1,1,14,1,15,1,12,11,1,108,1,9,50,1,1,11,1,1,14,17,5,1,7,1,5,10,1,11,11,14,15,1,8,1,14,1,12,7,2,27,38,1,14,26,1,13,5,1,5,1,1,1,6,6,1,1,7,13,1,1,3,1,14,9,1,1,1,1,1,8,19,18,1,19,1,16,11,1,17,17,26,18,1,30,12,9,1,10,19,19,1,1,13,4,6,6,1,1,14,12,1,8,11,8,1,1,13,1,1,17,7,13,1,11,20,2,1,1,1,1,9,12,20,24,1,1,12,14,11,15,1,16,15,21,1,1,1,6,1,1,1,17,1,1,1,1,1,16,5,16,1,11,24,1,14,10,7,1,12,14,15,27,1,26,9,8,11,13,10,1,15,5,1,1,7,9,1,1,1,12,1,12,1,2,20,7,1,1,1,11,1,7,5,1,7,1,12,12,8,6,12,1,5,2,1,1,7,1,16,1,1,1,5,7,8,2,10,20,15,1,19,1,1,1,1,17,1,14,1,14,1,12,19,8,15,13,1,5,1,16,7,12,1,16,1,10,10,1,1,18,1,16,1,1,1,16,16,1,1,17,17,1,1,1,1,12,17,1,24,2,17,1,9,10,14,7,1,9,19,7,15,1,61,13,1,1,1,13,18,11,6,22,1,1,1,1,3,1,8,12,11,13,1,1,1,1,1,1,1,1,16,1,1,9,6,21,1,1,89,4,11,13,1,13,4,14,12,1,17,16,1,18,17,1,1,11,11,1,1,1,1,26,1,17,1,11,14,17,2,1,1,14,1,12,1,1,1,1,1,11,6,1,17,12,1,1,1,9,1,9,3,8,3,1,5,13,1,1,10,13,11,19,1,7,11,14,1,11,1,1,1,25,18,1,17,1,7,17,13,14,18,6,7,1,1,1,10,1,18,17,83,1,7,23,12,16,12,12,1,17,2,15,1,1,1,1,1,17,1,8,9,1,1,6,10,1,5,6,21,1,18,1,1,15,8,10,1,1,1,1,10,12,15,1,1,20,1,14,17,1,1,1,8,8,8,15,1,2,1,11,8,12,1,13,15,1,1,15,13,1,1,1,1,1,1,18,1,1,13,12,17,1,12,1,13,5,13,10,13,7,9,14,1,1,10,14,10,16,32,19,1,1,1,1,1,14,13,9,3,1,11,1,16,1,1,7,8,14,10,1,10,10,1,1,10,1,11,1,1,1,22,18,15,16,14,1,1,1,1,8,6,22,1,2,20,5,1,1,1,15,1,6,15,2,16,11,13,7,14,8,1,7,1,7,11,1,10,20,1,18,4,12,1,5,1,21,15,8,5,16,13,14,17,8,8,1,16,1,87,6,9,1,4,1,13,4,2,13,1,17,1,1,1,1,16,9,1,8,1,10,1,1,9,12,8,1,10,1,6,8,1,1,8,9,19,12,1,8,1,1,1,9,1,17,11,15,1,1,1,1,1,13,1,1,16,14,1,12,9,11,10,12,13,10,1,14,1,1,1,18,6,3,1,1,17,1,22,1,1,1,1,1,1,12,1,1,6,1,1,1,15,15,4,1,5,1,1,1,2,13,16,1,7,19,15,22,1,1,10,1,20,6,2,1,8,11,17,1,1,1,13,11,19,1,1,12,1,15,1,18,1,23,1,14,22,1,9,9,10,1,12,1,10,27,1,16,13,1,1,8,1,21,11,18,9,17,1,1,1,10,1,7,1,13,3,6,12,13,18,13,19,1,6,3,1,1,1,4,16,9,1,4,1,2,7,1,12,17,1,1,1,2,11,1,11,11,7,21,9,11,19,8,1,8,1,1,1,1,18,1,1,2,1,10,17,18,1,1,2,30,14,1,1,10,15,1,2,16,1,1,1,10,1,1,10,31,11,1,1,1,7,12,23,13,1,1,76,2,14,1,15,2,1,1,1,17,1,1,1,4,1,25,9,1,1,13,23,1,1,1,1,5,13,1,1,1,1,1,1,13,8,1,27,7,1,1,10,1,1,7,1,14,1,12,1,1,9,1,1,11,12,12,27,38,14,16,8,14,15,1,1,1,13,8,1,11,1,1,1,16,13,15,1,6,1,15,1,8,1,21,1,21,1,20,14,13,1,1,1,1,1,1,1,10,10,1,1,1,1,14,12,1,1,1,18,1,18,1,1,1,7,16,10,16,1,1,13,15,16,1,15,8,1,1,1,1,10,1,15,1,9,1,5,1,11,13,19,1,1,19,9,10,1,9,2,8,1,10,16,18,22,1,1,1,12,1,1,1,1,8,17,13,8,1,1,14,21,1,4,14,11,12,12,10,4,1,1,4,13,1,1,1,22,17,1,1,1,10,1,20,7,5,1,22,1,1,1,20,14,13,18,1,13,13,1,1,12,10,20,17,1,11,1,12,15,14,1,9,1,2,11,1,4,1,1,1,1,1,33,18,1,18,20,13,17,1,104,1,12,8,1,21,9,13,17,15,4,1,25,1,1,2,1,13,1,22,18,2,14,17,1,1,6,1,10,14,1,1,1,16,14,1,1,1,1,9,16,30,6,1,27,1,16,12,26,1,13,1,11,1,1,1,24,1,1,11,11,10,1,1,12,6,1,13,11,1,1,9,1,1,10,8,14,16,1,2073,1,11,10,12,7,6,1,1,16,10,1,1,11,5,1,26,1,1,1,1,12,1,1,1,1,12,1,21,5,1,1,1,16,11,12,1,1,1,1,1,16,16,15,1,1,1,21,22,5,1,11,1,1,1,3,13,1,11,1,1,10,1,15,8,31,1,1,1,1,1,1,1,1,8,9,1,1,1,1,1,10,8,1,12,1,1,1,1,1,1,1,13,2,1,1,14,1,10,3,1,17,1,1,1,1,1,1,1,2,1,1,19,19,8,14,1,13,1,21,1,16,1,12,1,1,6,1,1,16,1,1,1,1,9,1,6,1,8,1,1,9,1,31,15,220,1,17,1,6,1,1,1,1,9,104,1,11,1,7,9,18,13,1,15,16,1,9,1,9,1,3,93,1,13,19,1,1,11,1,18,1,12,16,16,1,1,4,8,1,14,92,1,1,1,22,12,1,1,1,16,2,19,19,6,1,17,17,18,3,6,1,1,11,1,1,12,9,1,12,38,1,3,1,13,29,12,10,10,11,1,1,9,21,3,1,1,1,1,1,1,31,11,1,1,19,11,1,1,1,11,9,17,32,14,7,1,1,7,1,27,6,1,24,1,5,13,12,1,1,1,5,4,1,1,16,7,1,2,10,9,1,1,1,5,1,1,2,14,7,24,15,2,23,1,17,1,1,11,30,27,11,1,1,11,1,17,7,14,23,19,1,6,1,1,1,1,9,1,2,1,1,13,1,7,8,9,18,1,13,6,12,1,20,1,1,1,12,13,1,15,1,11,14,1,24,1,9,1,17,15,12,1,11,4,9,7,1,1,23,22,1,2,3,1,3,18,1,1,1,14,1,1,1,31,35,24,15,1,12,16,12,1,13,1,8,12,7,11,4,12,1,1,1,10,18,4,1,16,1,13,1,6,1,9,1,1,1,1,6,6,19,11,1,1,16,13,1,1,1,16,1,1,1,1,15,11,14,15,1,7,10,1,9,11,1,9,1,1,1,17,1,13,1,1,13,1,18,9,1,1,1,18,22,11,17,1,12,1,13,1,1,1,7,1,10,1,1,13,1,1,18,18,1,5,8,12,1,1,14,7,1,5,1,19,3,12,1,1,13,1,12,1,15,1,15,1,1,10,1,9,12,1,1,98,1,8,1,85,5,1,12,22,1,17,12,1,11,1,9,16,1,20,16,4,7,1,22,1,12,7,1,1,1,5,10,1,11,1,1,1,12,1,1,2,8,8,1,10,1,26,12,1,1,2,7,1,10,1,1,16,1,19,7,1,2,129,65,1,1,9,15,1,2,1,1,9,1,1,1,1,14,1,1,1,1,12,8,17,13,1,11,11,12,14,14,1,1,10,1,24,7,20,6,12,6,1,1,18,17,12,18,14,1,1,3,11,15,16,10,8,6,14,1,17,11,12,1,16,7,14,1,4,12,3,1,13,1,1,7,18,23,11,1,1,2,1,1,8,1,17,1,83,1,1,9,1,1,1,1,1,8,1,5,2,15,7,1,9,4,70,11,13,1,2,3,15,1,1,11,14,5,1,1,13,1,1,1,8,1,1,1,14,1,1,7,9,18,7,17,1,1,14,1,16,6,1,1,1,10,10,1,1,7,13,11,1,18,21,9,1,1,1,1,8,3,1,1,1,8,1,12,31,3,1,12,33,16,11,11,1,14,1,11,10,1,7,11,1,12,1,11,1,1,14,17,5,1,1,12,1,17,19,3,1,10,18,1,1,12,9,12,9,1,1,1,1,1,1,1,1,22,14,1,11,1,8,1,1,1,1,6,2,10,1,1,1,1,1,21,12,15,11,21,1,10,12,9,1,1,6,1,1,1,1,14,1,11,8,1,13,1,1,10,53,1,12,14,1,11,16,1,1,13,13,1,16,11,1,17,1,16,15,1,9,5,1,4,6,1,1,3,1,14,1,15,13,11,12,14,1,17,20,16,10,22,13,14,1,13,1,13,11,1,1,1,16,3,6,1,9,1,1,1,1,22,1,1,1,1,1,14,1,16,1,10,1,12,1,11,13,1,1,10,16,1,1,9,1,14,1,1,1,1,16,8,13,14,8,1,1,12,20,1,1,8,12,2,1,1,13,13,6,1,8,13,12,1,18,1,10,1,1,12,14,18,1,2,14,2,13,1,1,2,10,4,1,1,15,16,1,1,7,1,12,19,21,1,12,1,1,10,12,12,11,12,1,15,1,1,1,1,1,1,12,19,1,1,1,17,1,17,11,22,1,1,1,5,11,8,1,1,14,1,1,1,1,13,9,16,10,15,1,1,11,1,3,1,1,12,9,8,1,7,1,4,1,1,4,18,1,20,15,8,1,5,24,1,21,3,1,4,16,1,15,1,16,8,1,5,1,17,2,1,1,1,17,4,1,16,1,13,1,17,17,1,2,1,74,3,1,8,14,1,1,1,3,14,8,1,2,1,16,2,1,1,1,14,1,2,18,1,9,1,14,4,17,1,14,8,1,1,10,1,16,1,1,7,11,13,13,25,7,1,11,1,14,1,1,7,17,1,1,1,1,14,21,14,1,13,2,18,6,1,563,9,9,9,1,1,6,1,12,15,1,1,1,14,1,1,1,1,22,4,11,14,1,1,1,20,83,1,1,1,1,1,1,1,18,1,12,1,2,13,1,1,1,16,1,1,1,3,1,1,10,14,1,15,8,1,19,1,1,10,1,17,1,1,1,5,10,1,2,36,8,9,10,1,1,1,1,1,16,1,1,25,1,1,1,78,11,1,1,1,12,1,1,16,1,10,12,1,1,33,9,7,1,14,1,13,8,1,16,8,1,10,1,1,1,1,27,1,20,18,1,17,24,11,6,4,5,13,11,1,18,1,1,1,13,24,15,3,1,6,1,3,10,1,2,16,1,1,13,11,1,1,1,1,13,13,1,1,1,1,1,6,1,25,16,1,13,1,11,1,1,16,17,1,1,1,2,1,1,16,3,17,1,1,1,8,12,13,11,10,1,17,3,1,1,16,13,1,11,1,1,10,1,1,2,121,1,1,14,1,6,11,2,13,8,11,1,5,1,1,1,1,1,16,10,12,1,1,1,13,17,14,1,8,7,1,10,20,1,1,10,1,12,16,11,19,1,15,1,1,14,1,4,14,10,10,8,1,17,1,1,12,23,18,6,15,8,10,12,1,1,9,1,8,1,4,2,1,12,1,1,6,1,7,1,11,1,17,4,7,1,4,1,1,9,133,1,1,1,1,16,7,14,1,1,1,11,1,6,11,85,1,36,13,10,13,97,14,1,7,1,1,1,17,1,1,3,1,18,8,11,1,1,1,1,14,15,30,6,1,7,10,11,1,1,9,1,5,16,1,2,9,16,1,12,40,1,16,13,10,12,1,14,1,14,1,21,1,13,9,12,1,1,27,1,9,1,1,1,20,11,15,1,18,1,36,12,12,2,12,11,1,1,1,12,9,1,17,15,11,1,12,12,6,25,1,1,11,1,8,13,1,13,15,1,14,11,11,1,6,1,1,1,19,20,1,1,18,22,16,35,1,1,1,1,9,1,5,13,1,12,1,10,1,12,1,1,1,1,17,1,1,1,1,17,1,1,1,13,12,1,1,1,1,2,1,15,1,13,1,15,1,14,1,1,1,1,1,13,2,1,12,1,16,1,13,11,10,12,1,15,1,1,15,1,13,30,34,2,13,14,22,3,1,17,1,1,14,7,9,13,11,8,1,1,4,2,1,1,1,15,13,1,13,11,11,14,1,1,5,14,76,1,1,76,15,1,1,10,1,1,1,1,1,5,12,15,13,12,22,1,23,2,1,17,17,7,22,1,1,29,1,2,1,8,1,12,8,1,1,11,1,1,5,1,5,1,1,13,1,1,1,8,3,1,1,13,11,1,12,1,6,8,1,1,19,1,1,14,1,1,14,12,1,1,1,1,1,11,1,2,14,23,21,41,1,1,1,1,1,13,14,1,12,4,19,22,1,14,57,1,1,16,1,12,1,1,10,1,1,1,1,1,1,1,1,21,13,1,7,11,27,1,28,9,1,13,16,6,8,9,1,1,1,1,1,21,5,21,1,1,1,15,1,1,15,1,9,5,12,1,15,14,2,1,1,20,1,20,1,6,1,1,15,1,1,13,7,1,1,14,1,1,1,11,1,11,1,1,7,14,9,2,1,15,14,1,6,16,1,1,14,10,1,9,7,1,1,8,13,16,19,14,6,13,1,2,1,10,1,12,10,1,58,1,1,10,14,7,14,11,1,15,1,1,9,1,1,12,7,1,1,14,4,5,1,4,6,1,15,16,1,1,1,9,1,3,14,1,1,11,12,1,1,1,1,1,12,1,20,5,1,16,1,1,14,6,1,8,1,12,1,1,1,1,12,1,10,6,15,1,1,12,1,1,17,2,11,12,5,13,13,11,1,8,1,1,20,1,10,4,1,1,15,1,8,6,5,29,1,1,7,12,17,16,32,9,1,23,1,14,2,8,1,1,7,16,16,1,12,1,1,3,1,1,12,6,1,1,1,23,4,7,10,15,1,1,1,8,100,1,1,10,1,10,1,18,6,1,20,14,1,13,6,1,13,15,19,6,1,3,12,1,1,1,21,1,15,1,1,8,13,1,14,1,10,1,3,1,1,1,16,1,15,1,6,1,1,6,16,11,1,2,14,1,1,17,11,16,1,6,1,8,6,13,1,1,1,10,1,14,1,11,1,1,14,12,9,1,1,8,1,1,19,6,1,1,13,1,6,10,1,1,1,1,35,10,1,18,1,1,14,1,15,1,1,11,5,1,2,20,1,9,1,1,14,1,24,1,1,1,1,8,12,1,1,2,13,1,1,12,1,1,1,2,15,17,1,22,1,6,17,12,18,1,6,10,8,1,17,1,12,1,9,1,10,1,1,1,1,9,13,11,1,15,1,18,5,13,1,4,1,15,14,5,1,8,10,14,1,1,10,1,1,1,1,13,1,10,14,1,1,1,16,10,1,1,14,1,1,1,1,1,6,1,1,9,13,12,12,20,1,1,8,1,13,17,12,10,17,11,23,10,1,10,10,12,1,13,1,1,15,14,1,1,1,10,2,2,1,18,8,1,12,1,15,1,12,1,14,11,2,92,1,19,1,14,10,1,19,14,1,1,1,17,1,1,18,16,75,1,1,18,1,1,1,12,10,11,9,14,21,12,1,1,6,1,10,1,14,1,84,9,12,9,1,13,12,12,22,1,12,11,1,9,12,1,12,10,25,1,1,8,9,13,1,9,4,1,1,21,1,10,16,1,1,2,15,1,16,8,1,1,31,1,1,12,1,20,1,7,1,1,9,1,1,10,1,9,1,19,10,10,9,11,17,16,2,1,1,15,2,16,1,1,1,5,1,1,1,1,1,7,12,1,1,1,1,1,11,1,18,12,1,16,10,13,11,1,7,1,16,16,1,17,15,1,24,1,1,1,1,16,5,8,1,1,7,14,1,1,1,1,2,10,1,1,1,14,10,10,12,13,1,17,16,1,1,10,108,11,24,13,1,5,1,1,15,1,7,1,6,1,1,1,1,14,10,15,1,1,1,1,12,1,10,1,1,1,1,3,1,1,11,1,19,20,1,1,20,1,12,1,2,1,1,19,12,1,10,1,12,1,1,1,7,1,16,14,11,11,8,7,16,13,1,15,8,1,1,1,8,1,1,1,1,4,1,16,1,1,11,13,1,10,10,17,13,8,836,1,1,1,1,15,16,1,1,1,11,7,1,14,11,1,1,1,1,15,11,1,1,1,12,1,1,12,15,1,1,12,1,1,13,1,10,8,1,1,1,8,1,1,1,10,9,7,15,13,14,1,2,9,21,12,1,20,1,1,1,1,1,4,13,22,1,1,10,15,14,24,1,9,1,1,20,11,19,9,12,5,8,1,12,5,1,1,1,16,13,1,19,1,1,1,10,1,13,16,1,14,8,10,1,1,1,13,1,9,1,4,1,1,1,9,12,8,9,7,14,7,1,1,1,14,1,16,17,10,1,3,1,7,10,12,1,1,1,20,1,10,1,1,13,1,1,1,1,8,8,13,27,19,10,3,12,1,17,1,12,1,1,1,2,1,3,1,1,1,9,1,7,1,16,1,1,1,1,12,5,11,12,1,14,1,1,1,1,1,21,11,10,17,1,12,1,1,16,1,1,1,24,2,7,1,11,1,88,1,19,1,1,1,19,1,9,13,1,1,16,11,1,1,1,6,1,1,1,1,1,1,12,6,1,24,1,1,18,1,6,1,9,7,1,3,1,1,7,8,8,1,18,9,9,1,1,8,8,15,16,12,1,12,1,8,16,11,1,1,13,10,16,1,20,14,9,1,1,5,1,1,2,14,12,16,5,1,1,15,1,2,1,1,24,1,1,28,1,8,1,3,13,1,1,11,1,24,1,14,1,1,1,7,18,1,1,1,1,9,9,2,11,1,13,1,1,1,1,1,14,22,1,1,1,7,1,1,13,1,11,17,1,1,1,4,5,1,1,10,1,6,1,1,1,1,1,8,15,1,10,16,1,2,1,14,4,1,2,22,7,9,3,10,1,16,1,11,1,1,1,16,15,7,6,1,1,12,1,1,19,1,25,1,18,1,15,1,8,1,7,5,9,36,4,1,15,1,13,15,15,1,17,10,15,17,12,17,1,9,12,1,7,8,1,1,1,20,1,1,1,1,1,34,1,1,1,1,1,16,12,1,16,1,16,4,1,1,1,6,1,14,1,1,23,3,6,31,1,1,1,1,10,1,12,15,11,1,14,9,8,1,1,1,5,8,2,9,12,11,1,1,1,15,1,7,1,1,3,3,1,9,8,1,1,5,1,17,13,1,12,2,1,39,9,1,1,2,8,15,1,6,8,12,3,1,1,3,8,9,1,1,5,1,11,10,12,9,2,1,11,14,1,22,1,1,15,1,1,16,1,1,14,1,6,7,12,1,12,1,9,16,1,1,13,3,19,1,1,1,14,12,13,1,9,1,21,15,1,16,1,23,15,1,1,1,17,1,12,16,12,14,16,1,1,21,14,12,13,2,14,23,13,76,1,1,26,2,7,14,8,1,12,1,1,1,12,1,18,4,1,1,1,1,1,18,14,9,11,10,19,1,16,6,1,1,1,1,11,1,14,1,1,1,16,5,16,7,16,19,1,1,11,1,1,1,1,1,22,9,7,8,12,1,1,14,1,16,1,1,14,18,16,1,1,14,1,11,8,1,12,6,2,6,1,1,14,1,1,1,15,12,2,1,15,13,9,10,13,12,1,1,1,1,16,1,1,10,10,1,2,1,9,24,9,5,1,1,4,1,16,1,1,1,12,2,21,15,2,1,1,1,1,7,13,1,1,1,19,7,35,41,8,20,1,1,11,17,2,1,9,6,7,1,27,9,14,1,1,1,1,17,9,16,13,12,7,1,1,2,1,1,1,1,21,1,1,5,1,1,5,7,1,5,1,18,1,7,9,1,12,19,1,6,11,2,15,20,9,1,10,1,1,15,1,2,14,1,15,1,6,16,1,22,1,19,1,1,1,2,1,12,13,1,10,1,1,4,19,9,1,12,1,1,1,11,10,24,1,13,8,14,10,1,1,1,1,9,11,1,1,1,1,10,1,17,9,1,9,13,1,9,1,1,1,17,107,13,1,14,7,1,17,13,12,8,8,33,12,3,56,1,1,1,2,13,1,1,17,15,2,1,9,1,1,4,11,8,14,1,14,12,1,1,10,1,1,1,15,1,13,1,1,9,1,14,3,1,9,1,1,1,13,1,2,1,3,13,1,1,1,7,1,2,11,1,1,1,12,12,9,11,1,9,1,9,10,13,19,17,1,13,1,1,15,19,13,1,18,1,16,11,6,1,13,1,3,12,12,4,1,1,10,11,1,7,18,12,5,14,1,1,16,1,1,10,1,14,1,12,9,1,1,1,9,69,3,1,20,1,1,14,2,14,1,12,1,1,21,1,9,20,1,1,5,1,1,1,1,15,1,1,14,10,1,8,11,17,9,1,9,1,1,17,7,17,119,6,1,1,1,11,1,14,16,1,1,11,12,14,1,1,13,1,9,1,1,1,8,1,12,17,1,1,11,1,14,13,16,11,1,13,1,1,8,11,1,88,15,9,8,1,1,1,8,12,1,1,13,3,13,1,7,1,1,8,10,2,17,1,18,16,1,20,1,1,1,1,15,12,5,14,7,6,1,4,21,9,8,1,1,1,12,1,17,16,1,1,22,1,1,66,1,14,15,24,11,17,11,22,1,1,1,3,3,1,23,66,1,15,7,1,1,1,10,2,14,1,17,1,1,10,4,249,15,6,18,1,16,1,8,9,1,10,16,16,21,1,15,15,1,10,17,5,1,6,1,1,13,5,8,1,1,1,12,11,27,6,13,15,1,1,13,1,1,8,1,1,2,11,66,6,1,1,1,16,1,1,9,1,1,18,6,16,6,17,13,1,1,13,5,1,13,14,1,1,21,1,19,1,11,1,1,1,1,23,13,9,17,1,14,15,17,1,10,1,15,13,22,1,15,1,115,1,2,8,1,1,11,14,1,16,1,1,6,9,1,13,10,1,1,10,1,1,2,17,13,1,7,3,1,15,9,1,1,1,1,11,17,1,1,2,1,1,1,1,1,13,19,1,1,1,1,1,13,11,1,11,1,6,10,6,1,6,17,12,1,14,10,11,23,14,9,14,1,8,1,1,13,18,1,1,1,11,16,17,1,1,1,1,11,1,5,1,11,14,8,1,1,3,1,1,19,1,4,9,23,7,22,8,1,1,6,1,13,10,13,1,13,1,1,1,15,11,1,1,10,38,19,1,14,1,1,13,2,7,1,7,1,1,1,1,13,1,1,18,1,8,1,1,4,2,11,20,1,1,1,12,10,1,20,1,1,1,1,14,7,6,1,9,11,1,19,1,4,1,8,14,1,1,6,1,1,1,1,11,9,1,1,17,1,1,1,1,1,13,1,1,12,5,1,1,3,1,1,7,1,1,1,1,1,7,1,1,1,21,1,1,1,18,1,1,1,1,7,1,1,1,9,1,8,1,1,13,3,6,1,14,17,8,1,7,1,1,12,1,1,22,1,15,8,17,10,1,16,13,1,1,11,2,16,1,21,12,12,19,1,1,2,15,16,2,1,16,1,1,1,16,1,1,1,1,16,6,1,1,16,79,1,1,9,1,1,6,1,9,8,1,9,1,1,1,5,11,1,18,1,1,1,1,23,8,1,7,1,1,6,11,24,25,1,10,12,16,13,1,11,6,9,1,1,6,10,12,19,9,18,15,13,1,1,14,11,1,12,1,9,1,1,1,16,22,19,17,1,1,11,1,1,21,1,1,1,5,2,9,21,1,1,13,10,1,16,18,1,14,2,1,1,7,18,1,7,15,1,16,12,1,13,1,22,1,483,1,18,14,1,1,13,1,1,1,10,7,16,19,6,12,1,5,1,1,1,1,15,14,17,1,1,1,12,13,18,10,1,1,1,13,1,1,1,20,1,1,1,12,11,1,6,1,1,1,11,16,1,15,14,10,1,1,1,6,1,1,24,1,1,13,1,1,1,11,1,1,1,1,1,3,1,10,8,3,1,1,7,1,1,114,1,32,15,43,1,13,13,16,1,1,1,7,6,1,20,16,1,1,20,12,1,6,10,16,8,4,16,13,16,8,16,1,20,15,14,1,13,10,1,11,15,9,11,1,3,1,16,1,1,3,12,1,8,5,12,15,1,10,1,1,1,15,1,11,1,16,1,15,45,16,1,5,1,1,12,18,18,10,1,1,11,14,1,12,1,15,1,14,4,18,12,10,1,1,17,17,2,1,1,10,9,16,1,7,1,1,1,6,1,1,14,16,11,12,1,1,1,1,1,1,9,1,20,2,1,16,14,1,2,14,1,1,1,12,1,8,1,1,8,17,1,14,8,19,9,1,1,9,15,11,1,1,10,67,6,1,13,21,1,1,14,1,15,1,17,1,14,1,1,1,23,17,1,1,1,1,1,10,30,1,3,11,1,22,14,1,1,9,8,1,9,13,1,14,1,1,8,1,14,9,7,1,8,6,4,8,1,1,1,11,1,1,15,15,18,13,1,1,8,1,17,13,10,1,13,1,9,37,1,1,9,15,1,1,10,1,1,1,1,12,1,15,1,8,17,1,8,10,7,6,7,13,6,1,1,1,11,1,14,8,1,8,1,1,17,1,9,2,1,8,1,1,17,1,9,10,7,1,1,14,7,1,12,1,1,12,1,1,19,1,7,7,1,109,43,18,5,10,1,9,17,16,1,1,2,14,1,11,5,12,1,18,12,1,12,1,6,1,12,8,5,1,8,8,10,1,12,1,15,13,30,6,13,1,1,7,10,1,9,1,17,18,1,16,14,19,12,1,1,1,1,12,1,1,12,18,6,1,11,10,1,10,8,1,14,1,29,14,10,1,1,1,18,21,1,17,1,1,13,1,1,63,1,15,14,1,1,66,1,1,1,1,1,1,7,1,5,1,1,1,18,1,1,1,12,1,17,13,17,1,8,15,1,1,1,1,16,1,6,18,9,1,13,5,7,1,10,1,1,18,10,2,11,9,1,1,6,17,1,1,1,10,11,1,10,1,13,1,1,1,13,19,1,12,1,1,13,6,10,1,1,10,8,1,9,13,1,1,1,1,1,1,2,12,11,22,12,1,12,19,5,8,1,1,1,1,1,12,3,1,19,1,25,41,9,8,10,1,10,7,1,16,44,15,1,17,13,18,12,1,1,11,1,10,10,1,14,1,1,1,11,1,1,7,6,7,1,1,1,1,1,3,11,1,10,11,1,1,1,5,1,1,1,1,1,19,4,12,11,44,15,1,1,7,1,1,1,1,1,11,1,1,1,17,1,1,13,13,17,1,11,1,14,1,1,1,82,1,1,1,6,15,1,1,20,2,9,14,1,1,1,1,1,18,7,1,1,8,1,1,3,1,1,5,18,1,1,16,1,1,1,12,1,14,11,18,18,1,15,6,1,8,1,1,1,14,12,14,115,8,1,1,1,18,1,10,5,1,8,63,1,16,1,4,18,12,2,15,10,7,1,1,12,16,2,16,15,11,1,8,1,8,1,1,16,1,12,1,4,1,1,12,13,1,16,1,1,1,1,1,17,9,1,1,1,1,5,1,11,1,14,1,15,11,13,15,1,8,10,9,13,1,1,18,10,1,1,32,18,15,10,1,1,11,5,1,10,5,1,1,1,14,12,1,8,4,8,1,24,8,11,1,3,18,10,1,1,1,24,1,1,1,1,1,1,13,1,1,1,1,1,16,1,1,1,1,1,12,13,10,16,1,22,4,1,9,1,4,1,32,1,1,1,1,13,1,1,14,1,1,14,1,10,12,13,8,21,14,1,4,1,1,12,9,3,15,8,1,8,1,1,1,29,18,1,4,1,20,9,11,1,1,1,6,1,1,9,8,5,15,12,13,1,1,1,14,1,1,1,1,1,12,1,1,1,21,1,8,1,1,1,16,23,2,1,1,18,1,11,1,1,1,12,1,1,114,1,20,13,12,1,1,12,1,1,1,17,1,15,1,1,13,3,1,13,1,14,17,16,8,17,5,14,7,25,1,1,1,2,1,11,1,1,1,1,10,8,15,1,18,39,15,15,18,10,13,16,1,1,1,1,127,1,1,24,1,18,4,1,20,10,2,1,8,15,10,1,9,2,1,1,1,12,1,1,1,1,8,1,1,11,14,1,19,1,22,11,1,1,1,11,1,11,1,15,14,3,20,11,10,13,13,6,2,8,15,1,9,1,1,5,1,14,7,1,2,15,1,8,1,16,12,15,9,15,2,8,7,18,1,1,13,1,12,24,16,1,17,15,12,17,1,15,1,16,1,10,1,1,1,11,15,1,1,10,2,1,6,7,1,8,37,18,15,1,1,17,20,16,3,13,1,2,7,21,9,9,6,1,1,13,1,1,1,31,11,1,1,14,17,17,14,1,1,1,1,1,1,1,14,1,1,1,10,13,9,13,14,9,30,1,1,1,1,13,1,7,10,9,1,9,13,18,1,1,10,1,15,11,26,2,1,12,1,1,20,19,10,1,14,1,1,1,13,2,1,1,27,12,1,1,1,21,11,1,1,2,16,24,19,5,4,15,1,1,1,19,11,9,16,8,15,11,1,9,12,1,1,1,1,1,3,14,1,1,1,19,13,16,1,1,14,9,1,15,7,1,11,1,1,10,19,21,17,11,1,1,1,9,1,21,1,1,21,1,1,17,7,8,11,1,25,1,11,1,12,9,1,15,1,20,15,13,1,20,4,1,10,1,1,1,1,1,9,13,1,7,15,9,1,1,6,24,13,7,1,12,1,1,4,1,16,1,1,1,12,1,15,21,1,1,10,13,1,11,18,1,30,9,12,15,16,1,17,18,15,1,5,1,16,8,10,1,8,3,1,1,1,1,12,18,1,1,19,15,14,1,1,1,39,1,19,4,12,1,12,16,1,1,9,1,9,12,8,8,8,6,27,1,1,1,1,1,6,1,1,1,1,1,1,5,13,1,1,12,18,14,1,16,1,13,5,14,1,1,1,1,7,20,12,10,17,14,13,15,17,18,1,7,12,11,1,8,1,11,17,1,1,15,1,1,2,10,17,13,1,1,5,1,14,1,12,15,12,1,1,7,1,4,24,1,1,22,1,23,11,22,2,1,7,28,1,11,1,1,12,1,18,15,1,1,23,1,8,12,14,5,1,5,20,1,9,1,12,15,1,1,1,1,15,1,3,1,15,15,19,27,11,1,1,11,1,12,11,1,10,9,20,1,6,1,15,1,7,1,15,1,1,1,1,1,16,9,12,9,14,12,1,1,1,13,1,1,1,1,10,1,16,1,21,12,1,1,1,12,5,11,1,1,9,6,21,1,1,10,1,1,9,1,14,1,9,14,13,20,8,1,11,10,14,10,1,28,5,1,11,15,16,15,1,17,12,12,6,10,3,4,7,1,1,1,1,1,20,9,8,1,15,12,1,20,7,1,7,10,1,1,1,1,19,1,1,13,5,1,1,35,13,10,2,7,15,7,1,10,1,15,8,1,1,1,11,1,15,19,13,16,1,1,14,3,19,1,27,10,10,10,24,1,1,14,1,39,1,5,8,9,11,1,5,1,22,1,1,1,1,16,31,2,19,9,1,1,1,3,1,36,18,3,21,1,16,1,1,12,11,1,9,1,1,1,85,12,12,7,14,8,9,9,1,16,1,18,21,1,15,14,1,1,1,1,13,19,1,20,101,1,1,2,1,1,1,18,1,4,1,5,8,12,18,12,1,27,11,1,1,11,1,14,1,14,5,1,2,1,1,18,93,1,1,1,1,10,1,5,1,2,1,1,2,1,1,4,1,11,1,1,1,1,1,13,1,1,17,1,18,5,15,16,11,1,1,14,1,2,1,1,16,2,10,1,1,1,16,5,16,7,1,1,1,1,13,9,1,13,14,1,15,1,1,1,1,16,9,3,7,18,20,1,15,5,1,13,10,104,1,13,1,7,18,10,13,20,5,25,1,1,12,5,1,1,11,10,1,1,45,6,20,43,6,1,1,1,8,1,1,1,1,1,8,13,4,1,8,13,1,1,1,1,3,7,1,1,6,1,10,9,8,6,1,1,6,9,1,1,1,1,1,6,5,7,15,11,17,1,15,1,22,10,9,1,11,1,1,8,1,1,1,6,11,14,1,98,5,18,1,15,1,1,1,21,1,1,15,1,1,16,11,14,7,1,9,1,1,4,1,1,1,11,1,1,10,10,16,1,16,1,1,1,1,1,1,15,19,1,16,18,7,13,20,105,12,1,1,1,12,3,9,13,14,20,6,12,18,10,16,1,12,1,1,1,13,16,2,1,1,12,3,12,10,20,1,1,14,10,1,1,16,1,1,12,1,6,1,16,2,1,1,9,1,17,10,1,14,1,52,5,1,9,10,8,9,28,1,9,1,12,1,11,1,19,15,14,15,2,1,14,1,1,14,1,1,16,2,9,17,17,13,13,1,1,1,6,9,1,2,1,10,1,11,1,10,10,1,1,1,1,1,6,1,1,1,1,11,15,1,1,12,2,1,14,1,1,1,19,1,14,11,6,8,7,1,1,1,14,1,9,6,1,1,1,1,9,12,1,2,14,1,25,1,1,8,12,1,1,14,11,1,1,12,1,12,14,1,15,1,7,1,2,8,1,1,9,9,1,19,2,17,1,1,1,12,8,1,1,17,10,1,9,121,1,22,1,1,2,1,1,6,15,1,1,21,27,1,14,15,15,12,15,1,1,1,10,4,18,1,18,17,1,17,10,1,1,1,1,11,1,23,16,1,12,13,14,13,1,18,6,1,9,1,11,17,1,8,5,1,14,1,1,6,10,1,1,10,21,1,9,1,1,6,2,8,14,1,1,1,3,1,23,1,10,1,15,1,13,1,17,1,1,7,15,1,8,17,1,8,17,1,11,1,2,10,1,6,5,1,12,19,1,8,1,6,1,1,8,10,9,1,1,10,1,6,1,6,1,1,25,20,9,10,1,1,1,1,17,1,1,3,15,1,12,1,79,9,6,1,4,14,8,1,2,1,1,10,1,15,3,1,7,15,10,12,10,14,12,25,1,1,5,16,1,1,1,11,10,17,1,9,8,1,10,1,8,1,1,54,7,6,1,1,16,1,12,9,1,64,1,1,2,3,1,1,12,1,1,1,52,1,1,16,9,1,15,1,9,20,1,1,29,5,16,14,13,13,12,9,1,1,2,1,1,8,8,2,14,17,8,8,7,1,9,23,7,9,1,1,1,1,1,1,1,2,1,1,5,1,10,1,10,15,18,1,4,1,19,11,1,1,1,1,20,18,1,12,1,16,11,59,1,17,12,1,11,10,13,17,15,1,1,1,14,14,12,1,15,7,1,1,1,17,7,1,1,2,1,1,12,15,8,1,18,1,1,1,15,1,1,1,1,6,9,1,12,1,1,1,1,14,1,40,1,1,1,1,1,2,1,1,1,10,1,1,1,1,8,1,1,13,17,1,1,1,15,6,1,17,14,16,1,1,10,13,20,14,1,13,11,11,17,1,12,21,3,4,6,16,1,1,11,15,1,20,1,11,1,16,14,1,1,12,13,1,1,1,46,7,1,1,13,11,1,1,1,7,1,14,16,1,15,1,1,12,13,1,1,15,1,1,1,8,15,10,59,9,2,8,1,12,1,11,17,1,59,1,19,9,14,1,9,1,10,1,12,23,8,1,7,27,6,7,13,7,12,1,13,17,1,1,15,1,81,1,9,12,13,5,8,1,21,1,1,15,1,1,12,7,25,1,2,1,1,16,4,1,1,1,1,7,1,1,1,1,23,7,1,1,1,1,14,12,1,1,15,1,14,1,1,17,11,1,1,1,1,1,11,1,1,1,8,1,12,6,9,1,1,1,1,1,1,10,1,8,14,1,6,10,1,8,14,12,7,7,11,1,17,1,1,14,16,26,17,14,3,18,12,1,8,1,1,2,1,1,8,1,1,11,1,9,1,15,7,2,1,3,13,10,3,1,1,1,1,1,1,16,12,1,11,1,1,10,15,8,16,1,21,10,16,12,7,9,8,13,9,13,1,1,1,1,12,1,1,1,22,1,21,7,17,1,7,1,15,6,1,2,1,1,16,1,10,1,20,1,15,1,1,1,1,1,48,1,14,9,12,1,16,10,8,10,1,6,10,16,6,10,9,12,1,1,6,13,18,10,14,1,24,9,1,15,13,1,1,1,1,1,18,1,11,1,12,12,20,1,10,1,9,1,1,14,8,2,1,16,1,1,12,11,13,15,2,15,21,1,9,13,1,1,6,13,1,1,12,1,14,15,1,44,6,1,8,10,1,8,1,11,1,1,9,21,23,9,3544,12,9,17,22,13,1,3,1,1,15,15,1,1,1,11,1,5,21,11,14,11,22,19,18,11,11,10,12,10,1,12,1,12,9,1,1,1,1,17,9,1,3,13,1,1,12,6,1,13,10,1,16,1,1,1,19,7,1,1,12,6,18,11,1,13,1,13,14,8,8,5,13,1,1,24,1,11,1,15,12,6,1,10,1,1,11,1,1,1,7,1,1,7,11,1,16,13,1,15,1,16,6,23,1,18,12,1,1,12,8,11,1,1,1,1,1,17,11,1,1,13,11,1,1,1,16,1,14,9,16,1,1,15,1,1,16,1,1,13,8,15,1,1,2,1,13,1,1,7,12,14,1,15,1,9,8,6,16,1,17,3,1,18,12,1,1,1,1,15,16,1,1,18,16,19,17,8,12,1,19,13,1,1,13,1,1,14,27,1,10,11,1,1,1,1,12,1,1,1,9,3,12,10,12,1,6,1,1,1,16,1,11,1,1,19,1,25,11,22,1,18,1,1,1,15,1,1,1,1,13,3,12,1,1,1,20,15,20,1,1,1,10,1,11,1,10,1,1,3,16,115,1,1,2,11,16,18,1,16,1,1,8,1,26,1,15,22,17,1,24,1,1,10,1,1,1,7,1,1,1,10,16,6,1,1,1,11,1,1,14,1,1,1,11,1,8,10,6,1,8,5,14,1,1,9,7,1,1,11,1,15,1,8,21,1,26,29,13,4,17,1,11,19,10,1,10,1,1,1,15,1,14,106,13,18,1,14,1,2,1,1,1,1,1,1,17,4,10,1,9,1,9,12,15,17,22,20,1,1,1,1,3,12,14,12,1,1,1,15,17,7,4,24,16,3,10,1,1,15,1,1,20,1,1,14,1,16,1,1,1,6,19,6,12,2,1,24,4,21,10,6,1,11,5,13,1,14,7,1,10,1,1,1,1,10,12,1,30,13,18,11,16,26,1,1,8,15,16,21,1,16,1,19,1,13,10,17,1,16,14,15,7,11,14,14,8,1,1,1,1,1,7,1,1,10,1,1,1,15,10,1,10,19,6,16,1,1,1,20,1,12,1,1,1,25,1,6,1,15,28,1,12,1,1,12,1,12,2,11,7,1,1,15,1,1,1,1,1,1,7,1,20,1,1,3,33,1,1,1,1,9,13,23,9,1,1,17,2,1,6,1,15,1,1,13,1,16,21,1,1,11,1,1,99,17,17,1,9,10,1,1,14,12,15,1,15,8,7,6,1,7,18,11,1,1,14,12,9,23,1,1,11,9,1,1,1,13,1,1,13,4,13,24,11,1,1,1,12,12,16,2,12,1,1,1,1,5,10,1,1,1,1,19,1,16,17,1,10,20,1,1,1,3,11,1,1,1,1,1,1,1,1,7,1,25,19,1,12,1,1,11,1,1,1,1,1,9,15,17,1,1,1,14,1,2,1,12,6,4,1,10,1,1,1,1,1,40,16,7,10,17,16,1,4,1,1,6,9,1,12,12,1,1,16,1,1,13,9,10,1,1,15,1,14,11,1,21,1,10,1,1,2,16,9,1,8,1,1,1,1,1,26,9,16,15,14,8,1,1,1,1,8,11,1,1,1,1,12,20,1,7,1,1,1,12,1,1,10,29,1,13,14,14,14,1,1,1,8,1,1,1,1,1,22,1,12,1,17,17,9,15,1,1,8,24,15,6,1,1,7,1,1,19,9,1,15,16,1,13,6,1,1,8,11,1,12,10,12,16,12,13,31,22,10,5,1,10,1,1,14,1,19,1,15,8,39,1,11,14,7,26,1,17,1,1,6,1,1,1,1,1,49,1,15,21,7,5,13,9,1,1,1,12,1,1,1,15,19,1,1,13,16,7,1,82,1,12,10,1,1,10,1,1,1,11,1,1,1,6,17,15,10,13,1,16,1,1,7,14,4,19,1,13,1,1,19,4,1,8,12,10,1,1,1,13,1,14,14,1,10,20,1,10,1,1,1,1,26,1,1,1,18,1,3,1,17,7,1,1,1,1,1,1,10,1,19,1,1,1,1,1,6,1,1,10,15,10,1,12,1,9,1,1,1,7,11,8,20,1,1,1,1,2,12,1,1,1,12,1,11,1,9,66,7,15,1,1,1,1,21,3,1,1,1,1,8,8,9,1,1,1,14,10,1,10,11,1,1,9,6,13,1,6,1,1,21,1,20,5,6,1,12,1,1,12,15,12,1,6,5,12,14,1,1,8,21,10,16,3,8,8,18,18,18,14,1,1,1,12,7,10,1,1,1,8,12,1,16,4,1,1,14,1,10,1,12,10,1,19,1,20,14,10,1,11,1,10,14,7,1,1,1,21,3,3,7,13,1,2,29,13,1,1,1,9,1,1,1,1,1,1,13,14,15,14,1,9,10,12,85,1,1,1,15,1,1,15,10,1,1,123,1,31,1,1,10,14,1,3,9,9,1,13,1,55,1,14,113,1,14,17,8,16,1,5,1,24,1,1,5,2,1,1,1,1,1,19,1,3,10,3,1,1,19,3,1,10,12,4,1,1,4,1,12,1,19,1,1,10,1,21,8,1,10,1,1,1,21,1,16,19,88,1,1,1,17,4,1,1,14,20,1,1,1,1,1,11,18,1,1,1,1,10,1,8,1,1,1,1,15,1,15,5,11,1,11,22,1,10,1,21,8,1,1,11,13,1,1,1,17,1,33,19,1,1,8,14,20,13,1,12,1,1,7,47,9,1,1,1,1,1,1,1,14,1,14,1,1,10,8,1,23,9,9,1,1,1,10,2,1,13,2,7,8,4,2,1,8,1,1,38,1,1,13,1,6,21,1,24,25,1,10,1,10,15,1,1,1,1,1,1,9,4,6,10,1,9,1,1,19,1,1,13,14,1,1,6,1,10,10,7,11,1,15,11,7,1,1,12,10,13,1,1,89,1,1,8,2,17,11,16,15,36,1,1,1,13,16,1,12,18,1,12,14,1,8,1,1,2,2,15,13,1,10,1,1,17,16,1,1,1,1,14,1,12,1,1,13,1,12,1,18,1,12,12,10,1,17,1,11,8,1,15,18,15,15,1,1,1,1,1,1,15,17,2,1,1,24,14,8,1,1,1,1,10,11,12,13,19,1,1,1,1,1,1,16,17,10,1,1,1,12,19,9,5,1,5,9,1,24,1,51,2,1,1,12,1,5,15,7,1,21,1,15,11,16,1,11,12,9,15,1,31,1,28,1,17,1,1,8,1,1,3,18,4,8,1,14,5,1,8,6,3,2,9,1,8,1,1,1,2,6,18,1,1,14,1,11,1,1,9,1,14,18,9,14,9,1,1,1,2,1,19,7,1,1,7,16,1,1,14,15,11,1,5,12,1,6,19,1,1,1,13,14,15,12,15,1,1,1,11,11,1,1,20,23,34,1,1,1,10,1,1,1,7,1,1,1,2,16,1,23,2,20,8,1,1,1,1,14,2,14,1,1,1,1,1,13,1,1,12,1,11,22,1,7,4,1,1,15,8,1,11,1,13,1,1,1,1,1,1,13,1,19,19,17,1,16,52,1,1,1,15,13,15,9,21,1,1,11,1,1,14,1,2,22,1,1,1,11,11,11,13,9,14,1,3,8,17,1,1,16,1,1,15,4,1,1,11,21,9,1,1,8,1,1,11,20,1,6,16,9,1,2,1,1,1,18,12,13,12,16,1,7,11,1,1,28,1,9,38,7,15,3,1,1,13,12,1,1,1,11,16,1,1,22,1,16,18,11,1,2,13,1,3,5,1,7,1,17,1,10,11,1,2,18,10,9,7,13,6,1,1,1,7,1,13,11,1,1,17,16,15,1,1,1,1,7,7,11,1,11,26,1,3,15,15,1,1,1,1,1,9,3,8,1,11,1,1,6,14,1,14,10,14,8,11,10,18,13,21,1,13,1,1,15,12,88,1,1,11,1,1,8,1,4,1,1,11,1,1,1,1,7,1,1,1,1,90,1,13,13,1,1,1,1,1,15,1,1,18,10,1,19,1,9,17,12,3,1,9,1,19,1,1,8,6,15,1,1,18,1,24,17,1,1,1,2,10,17,1,1,1,1,26,11,10,15,9,6,1,11,29,1,16,9,6,13,1,1,1,1,1,20,1,1,19,18,8,1,21,6,11,11,14,12,1,10,1,8,1,12,1,18,1,1,12,7,12,14,9,1,1,17,6,1,3,1,1,1,9,12,29,14,1,14,6,8,12,15,1,1,17,1,12,1,1,13,35,1,26,1,1,16,13,1,1,1,1,7,1,1,1,6,1,1,14,1,13,5,8,1,17,2,1,3,13,7,1,6,1,20,2,15,1,20,79,1,12,14,5,7,1,16,10,1,1,1,1,20,9,1,21,15,1,1,36,9,21,19,17,17,1,1,6,1,1,6,1,1,8,10,9,17,14,9,21,1,1,1,1,1,1,26,20,1,16,1,1,1,14,16,15,1,1,6,1,1,1,1,1,12,22,1,13,1,2,16,13,1,10,13,7,1,3,1,16,1,19,1,1,11,17,1,1,13,1,1,12,9,9,2,10,1,1,1,15,3,11,1,3,1,9,14,1,1,6,24,15,1,17,8,1,14,7,1,1,1,12,15,1,15,4,1,1,15,20,10,13,1,10,7,1,1,1,14,1,1,1,1,1,1,1,1,1,11,19,1,10,1,6,1,1,1,8,13,16,18,1,6,9,8,1,1,1,1,1,8,15,18,1,13,20,1,2,1,1,17,1,1,10,1,1,1,17,1,13,1,1,2,17,14,8,11,10,1,5,1,1,1,12,1,1,6,1,18,1,18,1,16,1,1,1,1,1,10,13,28,1,9,1,6,1,1,1,11,1,5,1,1,1,16,7,2,1,1,14,13,17,1,17,20,8,14,5,1,16,1,1,11,1,1,1,1,12,1,1,1,16,1,1,1,1,8,1,1,1,1,11,12,12,7,1,1,1,1,1,5,1,15,1,1,2,1,9,22,10,1,7,10,1,24,1,7,11,7,1,1,12,9,14,1,1,17,9,1,13,21,1,1,5,15,1,7,9,7,1,1,11,1,1,1,1,1,2,1,12,18,17,7,12,1,13,12,17,1,1,9,1,6,4,1,1,1,5,1,1,1,1,1,14,108,1,12,12,9,2,3,11,1,1,2,1,12,1,14,1,1,10,1,1,4,1,1,7,1,1,11,1,9,18,19,1,13,1,1,26,8,14,11,14,9,18,1,1,13,1,7,9,1,29,1,1,1,1,1,15,1,1,14,1,19,1,1,1,19,1,1,1,1,1,1,1,5,1,11,1,1,1,10,14,10,8,8,1,20,1,1,3,13,1,1,12,19,1,17,1,15,1,15,1,8,4,14,1,11,1,1,3,10,2,1,1,1,1,1,1,1,1,1,7,9,1,15,1,1,5,3,21,1,1,14,10,1,1,14,22,10,1,15,8,9,1,13,11,1,1,1,14,9,14,1,11,10,19,1,2,8,1,1,1,20,1,20,1,1,1,15,1,24,1,11,18,1,1,24,8,1,16,14,14,9,16,11,15,11,17,6,18,1,1,11,8,10,1,13,14,1,7,1,7,1,12,13,26,14,17,1,1,1,13,17,1,1,1,1,1,1,6,6,15,1,11,19,1,1,6,1,8,13,12,5,1,13,10,2,17,4,17,2,1,15,1,90,1,7,1,1,15,11,1,1,1,12,15,13,1,5,26,1,6,9,1,11,1,1,17,12,1,12,1,1,13,11,4,12,12,5,4,1,1,1,1,1,1,5,17,13,1,15,1,1,18,14,16,1,13,1,1,18,16,6,1,1,8,18,15,15,1,20,16,22,10,1,2,1,1,27,1,1,1,1,1,1,2,5,15,16,20,1,1,1,12,14,1,1,1,11,1,1,7,21,1,9,1,3,1,1,1,13,11,1,1,1,10,1,1,1,1,9,14,1,13,10,1,1,6,1,1,1,1,1,1,22,1,12,1,10,1,1,14,8,9,1,7,12,15,11,1,13,13,1,1,8,1,1,11,1,22,9,1,10,1,14,1,8,1,10,16,1,1,5,1,2,1,1,1,1,1,1,1,9,1,1,7,1,1,1,1,1,1,27,10,11,15,1,14,12,1,1,15,10,11,1,1,1,24,1,1,1,16,16,8,1,11,1,1,1,1,11,13,1,36,23,11,1,1,1,7,1,1,1,3,1,15,1,12,1,14,1,1,17,22,10,15,17,1,1,1,6,22,11,11,1,1,15,9,15,1,1,1,1,1,1,1,20,10,15,8,7,12,1,12,5,12,1,7,119,1,12,1,5,4,1,1,1,1,1,1,1,1,9,1,12,9,14,11,1,15,14,14,11,1,1,12,19,1,1,10,12,14,12,5,10,11,10,12,1,11,16,11,13,16,1,2,5,17,16,1,10,15,1,7,795,1,11,12,1,15,13,1,1,1,21,19,1,3,1,1,27,9,1,1,26,1,1,1,14,14,2,1,12,14,16,27,6,11,17,1,1,1,1,11,12,8,8,1,1,14,1,10,9,1,14,14,26,1,1,2,73,1,19,1,10,6,10,1,1,14,10,1,17,1,2,1,1,1,13,1,1,1,16,1,1,8,10,2,1,1,7,15,19,1,1,9,1,1,1,15,1,16,5,1,13,11,8,11,11,1,8,10,1,1,1,1,1,8,1,3,1,2,1,7,16,13,6,15,15,1,8,17,1,6,16,7,15,1,1,1,5,1,1,1,1,1,1,1,9,12,1,9,10,1,37,1,1,1,8,1,11,1,17,14,1,13,1,10,8,15,4,16,1,16,1,2,17,1,15,1,24,1,19,1,1,1,6,1,1,10,10,14,1,17,1,8,11,1,15,2,8,1,19,11,2,10,4,8,1,1,1,12,15,13,1,1,11,17,1,16,1,1,17,12,19,1,8,19,1,1,1,14,5,8,1,1,1,1,1,3,15,1,1,1,1,1,6,20,8,1,2,1,1,19,1,1,1,1,12,1,14,1,1,1,1,1,1,1,15,1,1,8,1,1,1,11,3,10,1,1,1,13,18,10,28,1,39,1,1,5,17,1,10,1,1,25,10,23,1,10,12,1,1,1,1,1,1,34,1,19,1,11,2,15,1,23,14,1,15,11,6,11,1,10,4,2,1,18,1,14,4,18,9,1,3,1,16,1,1,1,1,7,1,15,1,1,14,1,14,1,11,1,1,1,1,15,1,16,12,13,1,6,27,1,12,1,15,1,1,16,1,20,2,1,16,1,13,1,11,1,1,1,1,10,1,11,1,1,15,1,1,14,14,1,1,13,15,9,1,15,1,5,8,7,1,13,1,23,1,7,89,11,14,1,1,1,1,11,2,6,1,3,1,8,20,12,1,15,1,17,14,1,10,1,15,12,1,1,27,1,25,6,1,1,1,1,1,1,1,11,1,1,1,1,1,11,17,9,11,1,1,1,11,15,14,1,22,11,1,13,7,17,16,1,1,1,2,1,3,1,1,1,12,21,14,1,1,1,9,1,14,1,1,1,10,10,11,17,7,24,15,2,2,13,8,13,9,6,11,16,13,15,14,1,2,9,1,1,10,1,16,17,1,1,1,1,1,19,1,1,2,12,11,13,110,9,1,1,1,27,14,9,11,1,1,1,6,12,6,1,7,1,1,11,8,6,1,16,19,10,1,6,10,1,1,1,4,1,28,1,7,1,16,1,1,3,16,1,16,7,1,2,13,5,29,14,1,1,1,25,12,13,25,1,13,18,16,1,1,13,1,15,9,23,1,16,2,6,13,40,12,12,13,11,1,20,13,11,1,12,23,1,1,2,1,11,1,1,17,30,8,10,1,8,1,16,1,1,13,1,13,4,1,11,7,1,1,17,10,1,14,1,12,1,1,33,18,1,12,2,1,1,1,1,3,50,1,1,1,23,11,4,1,1,14,7,1,1,1,1,1,1,1,19,19,1,13,10,17,8,1,10,1,6,14,1,13,1,5,1,1,16,16,16,1,16,1,1,5,1,12,1,1,1,1,20,17,12,1,19,3,10,8,1,1,14,1,9,10,8,13,6,1,1,1,20,1,15,1,1,19,1,5,1,14,10,10,14,1,1,1,13,1,1,1,1,1,16,1,1,18,14,12,11,12,10,10,1,9,3,1,1,10,10,22,1,1,8,6,28,5,2,8,16,14,13,1,1,12,1,14,12,21,1,14,1,1,1,1,4,14,8,1,1,16,13,16,15,1,10,10,11,10,10,13,7,20,1,15,1,1,12,10,1,1,1,1,23,5,7,20,1,18,1,5,1,1,4,18,10,1,1,15,1,4,1,2,16,1,1,1,33,1,1,15,1,1,1,1,1,1,1,1,1,1,10,17,12,20,7,1,1,1,15,10,1,16,17,1,1,13,9,1,1,8,15,1,1,2,14,13,13,1,1,10,4,7,1,4,1,14,1,3,1,11,11,12,8,10,3,1,1,6,12,15,15,1,16,4,1,11,1,6,7,1,1,1,11,12,12,2,17,1,1,11,9,1,16,1,6,1,1,1,1,16,1,1,1,1,26,10,8,17,12,1,24,11,5,14,16,16,17,1,14,10,1,10,19,31,5,1,33,14,1,13,16,6,1,1,2,1,1,17,14,11,1,6,14,1,30,12,14,13,1,1,12,1,1,7,12,1,1,1,1,4,9,1,11,1,9,2,17,1,12,16,1,1,14,1,6,15,1,4,43,1,16,1,6,16,1,1,1,11,8,19,12,1,2,1,16,10,12,16,10,12,14,9,1,1,19,1,1,16,1,18,1,24,1,1,1,1,14,10,1,8,4,22,13,29,1,11,13,1,1,1,1,1,4,1,1,1,10,13,1,6,1,8,10,10,16,13,14,1,2,20,1,10,14,1,13,1,1,15,12,16,13,1,2,1,9,1,8,1,8,9,1,9,8,3,10,9,2,15,1,7,7,1,1,1,1,1,10,15,8,6,1,12,7,8,1,16,13,11,9,23,13,8,1,17,11,1,1,1,10,16,11,9,1,1,1,1,12,5,1,12,1,13,1,10,21,1,13,45,33,1,11,12,22,1,1,1,1,8,1,1,1,1,1,13,1,1,1,10,1,10,7,20,9,5,29,10,15,6,6,17,20,17,15,1,13,15,9,19,4,1,1,1,13,16,1,1,2,8,1,7,14,1,7,11,16,1,10,1,1,9,13,21,5,1,1,11,15,1,20,1,2,12,1,1,1,1,14,14,1,1,1,8,12,1,1,1,83,35,1,13,12,16,10,1,1,1,15,16,11,1,1,3,20,1,12,1,9,12,1,13,1,9,7,1,1,1,2,14,19,1,1,1,13,17,1,2,1,15,47,15,18,1,1,1,9,1,11,43,10,1,1,4,1,14,35,1,1,1,1,1,7,1,1,1,28,1,16,11,13,22,1,8,1,15,1,1,1,1,11,10,1,13,12,1,11,1,1,14,13,1,17,13,1,14,11,6,1,1,11,1,9,1,74,1,11,1,1,1,1,1,1,1,16,13,2,6,1,1,8,16,15,1,1,14,11,1,1,1,31,1,1,9,13,2,1,10,14,1,16,1,1,12,6,7,13,1,1,15,9,19,110,8,13,13,7,10,1,1,1,1,1,1,2,7,9,1,8,4,5,16,10,1,10,1,1,1,5,78,10,1,8,1,4,1,1,15,1,17,1,1,6,13,1,1,1,1,1,13,1,1,18,27,11,1,13,16,29,1,1,9,21,1,15,12,16,12,3067,1,13,1,15,1,17,10,1,15,14,1,1,1,1,1,18,1,12,13,1,1,1,15,1,1,1,1,1,14,13,100,1,5,1,1,1,1,1,42,1,15,1,45,1,1,1,16,1,1,2,11,1,1,14,1,1,1,1,10,14,1,1,1,82,1,13,1,1,17,1,20,3,11,17,11,1,13,5,1,1,6,14,2,15,1,66,18,1,1,1,18,5,15,7,1,1,9,1,1,8,1,12,14,12,8,1,1,1,2,19,2,14,9,18,6,12,16,17,24,5,1,7,11,1,13,15,1,1,8,7,10,8,1,7,13,1,1,45,1,1,25,1,3,1,2,16,14,8,10,1,15,1,23,1,11,13,1,1,1,15,13,66,13,11,1,7,12,1,17,1,37,11,9,15,10,6,17,17,1,18,1,1,16,1,1,1,11,2,3,1,1,1,1,9,1,1,1,1,1,2,1,3,15,9,2,1,16,4,2,1,12,16,18,1,18,11,18,16,1,1,12,16,4,1,1,1,13,7,1,11,2,1,7,14,1,1,1,1,1,1,1,14,3,1,1,5,1,1,1,1,6,1,15,10,6,1,1,1,1,8,1,20,1,1,11,19,10,11,54,1,11,1,1,1,1,1,1,9,6,5,12,1,12,14,1,1,26,1,1,9,1,13,17,15,1,6,27,14,1,1,1,6,20,1,1,4,1,21,9,1,8,15,16,13,6,17,1,1,9,2,1,1,9,10,6,2,15,15,1,10,5,1,1,9,15,1,6,13,13,7,1,7,25,1,1,7043,1,1,15,9,1,1,1,1,1,14,1,9,15,1,9,13,6,15,1,1,1,10,15,18,1,12,13,1,21,10,13,5,15,1,1,1,8,13,1,17,18,1,1,1,1,1,56,1,10,1,21,1,1,13,11,12,18,1,16,25,1,115,1,1,9,18,1,11,317,10,8,14,1,1,1,12,1,2,1,12,13,1,10,12,1,23,5,1,11,14,1,20,1,20,16,1,1,6,9,1,16,1,1,7,11,11,1,16,1,5,2,1,5,2,11,1,8,1,1,1,1,3,1,13,9,2,23,7,19,1,1,16,9,1,13,12,12,8,3,8,11,9,14,1,1,13,18,8,1,12,1,12,1,17,1,2,15,14,1,1,7,15,12,24,1,1,1,9,8,14,13,11,8,1,1,13,8,15,1,1,2,7,18,1,10,1,1,11,9,16,4,9,1,3,9,1,9,1,1,10,1,1,1,1,61,12,14,2,18,1,16,1,1,1,4,5,12,1,1,2,11,1,1,2,12,2,1,28,13,14,1,1,15,11,1,14,1,1,1,1,1,342,1,17,18,1,13,1,1,22,11,1,1,164,1,14,10,13,15,17,1,1,1,1,1,1,1,1,12,1,11,1,1,1,1,11,16,7,14,9,1,1,1,14,10,1,1,14,11,9,4,24,10,1,1,14,9,1,17,11,10,1,1,1,1,11,1,9,9,17,1,14,1,18,1,8,1,1,14,1,1,5,5,1,6,1,1,8,12,5,1,12,1,8,10,1,1,1,1,1,1,6,12,14,88,11,1,1,1,1,9,12,1,1,1,19,11,1,17,14,1,1,1,1,1,2,1,1,1,1,7,9,1,1,1,1,1,1,22,7,1,1,1,2,16,19,15,1,217,20,14,1,7,14,1,8,11,1,6,11,5,10,1,6535,1,15,1,16,1,1,14,1,19,1,14,1,1,18,14,20,17,14,9,1,9,1,13,120,13,14,2,16,9,14,1,16,5,18,1,8,1,17,46,17,15,12,15,1,9,1,1,11,16,13,8,11,1,1,8,1,1,7,1,1,15,1,1,9,1,14,5,1,9,12,1,1,1,12,1,7,1,1,1,14,18,16,18,1,1,16,1,1,1,11,1,9,1,1,1,1,1,1,1,7,1,3,1,7,1,1,6,11,9,12,11,15,8,10,15,16,7,1,1,15,1,1,1,1,1,13,15,20,1,4,10,8,1,14,1,13,1,14,1,10,1,13,13,1,8,1,13,1,1,9,1,1,18,1,16,8,20,13,2,18,17,2,14,16,1,14,10,1,1,1,16,17,12,13,1,1,1,1,14,1,6,1,14,24,5,13,16,1,30,10,13,11,15,17,12,11,1,10,13,16,14,1,17,10,18,12,1,1,14,8,8,1,69,16,1,10,4,1,1,1,1,9,1,18,12,11,1,1,15,10,15,1,10,4,12,7,1,20,1,8,62,6,13,1,1,1,12,10,1,16,12,9,1,1,2,24,1,14,1,1,7,1,1,1,11,1,11,7,1,15,10,7,10,1,1,17,1,1,17,1,24,3,7,14,1,16,13,11,1,1,4,12,10,15,1,167,1,11,1,1,4,1,22,1,1,1,1,26,15,5,1,1,2,1,5,2,15,17,1,9,12,11,1,1,21,8,13,1,7,1,1,9,1,2065,1,1,3,1,14,7,13,14,16,1,1,7,1,13,16,1,15,9,8,7,15,12,1,1,12,5,24,11,16,1,7,4,1,1,1,1,1,4,16,11,1,1,1,1,369,1,16,16,1,1,1,1,13,1,1,16,1,22,1,12,4,1,12,11,1,1,5,1,15,22,10,1,1,1,1,6,1,20,1,13,1,1,2,17,1,1,1,8,14,1,1,8,1,23,1,1,1,14,5,1,14,1,1,1,10,1,12,5,1,1,8,1,1,13,1,7,1,3,1,16,8,12,1,1,1,13,1,13,12,14,13,5,1,1,12,11,1,12,1,3,5,13,16,13,3,17,14,1,28,2,17,28,16,9,1,1,24,1,13,15,7,1,10,15,17,1,1,1,13,19,15,12,1,13,1,10,8,1,1,1,6,39,12,1,1,1,13,15,1,1,15,5,13,13,7,1,14,12,1,21,1,1,1,1,13,12,12,1,17,1,13,19,8,27,1,16,11,13,7,1,14,1,1,74,1,1,10,1,13,8,1,5,1,12,1,1,9,1,3,1,12,12,1,1,1,8,11,1,1,1,1,1,1,1,1,1,45,8,13,1,1,1,1,9,12,1,1,1,13,20,13,1,11,1,12,16,1,10,1,12,10,1,1,8,10,111,1,21,1,17,24,1,1,1,14,1,1,1,1,12,9,1,1,1,6,19,12,1,1,2,1,1,15,1,14,23,7,1,19,1,12,9,1,1,13,11,1,9,21,14,1,19,13,1,1,11,1,1,1,13,28,1,15,1,19,14,1,1,1,10,11,8,3,11,1,1,14,12,2,16,6,1,1,6,50,11,10,15,1,1,1,1,8,1,21,1,12,1,10,15,1,1,1,25,9,1,1,12,10,1,1,1,10,1,8,1,1,15,1,13,1,14,1,14,1,8,1,1,12,12,10,1,9,1,8,2,11,1,1,2,12,8,1,1,17,13,14,2,13,14,1,14,16,27,7,1,19,16,10,18,1,1,9,16,14,2,6,1,2,1,11,15,1,7,8,1,1,14,1,8,9,1,6,39,1,11,12,17,10,13,17,1,1,9,1,1,1,3,9,7,14,8,14,10,1,1,10,1,6,1,11,1,1,1,1,2,6,16,31,3,1,5,18,1,18,1,8,1,1,1,12,17,8,1,13,1,13,15,1,10,23,1,12,10,1,9,17,24,1,17,16,1,1,1,11,1,24,11,15,9,1,2,7,1,11,1,1,1,21,8,9,1,10,1,1,1,1,7,1,1,1,9,18,1,1,26,11,12,15,8,1,22,4,1,1,2,1,1,1,1,13,13,7,1,1,12,1,1,1,1,16,12,9,1,9,8,24,1,1,1,1,1,12,21,5,21,1,1,5,14,1,18,1,1,1,1,1,1,1,1,1,1,1,1,1,4,1,15,13,10,1,1,1,14,13,6,9,15,12,1,1,1,1,1,9,16,6,16,93,1,1,1,15,1,1,1,1,20,1,16,1,24,16,19,6,14,1,8,11,4,1,1,9,17,16,1,12,8,1,1,7,54,17,11,14,1,7,13,8,2,17,1,1,1,1,1,1,15,19,9,6,10,13,17,79,1,32,1,9,1,1,1,1,10,7,9,6,1,11,1,8,6,1,1,1,1,14,2,11,1,5,1,1,11,12,1,1,11,1,14,1,13,8,1,7,10,1,16,1,12,18,18,10,12,10,10,1,11,6,1,1,10,14,1,1,7,13,1,25,1,1,1,10,1,1,2,10,20,1,10,1,1,16,17,5,20,31,4,9,1,1,13,1,14,7,14,1,12,1,1,9,1,1,11,1,1,9,9,19,1,12,13,12,9,1,11,8,11,1,11,1,1,1,1,9,1,14,1,1,1,1,1,1,70,1,12,17,33,1,1,1,1,1,1,1,1,1,1,1,15,1,24,1,1,8,1,18,15,8,1,2,12,19,1,14,1,13,1,1,1,13,1,1,11,19,1,1,1,5,1,1,1,6,1,1,1,14,1,3,1,12,2,1,9,13,24,22,1,1,32,1,1,8,1,22,1,11,1,17,11,1,1,1,18,27,13,1,2,1,7,8,11,16,21,1,16,1,3,1,3,9,1,1,45,11,1,1,19,1,30,8,13,1,1,1,14,1,1,12,1,32,8,16,1,1,1,2,16,1,1,2,1,1,7,17,9,1,1,17,1,1,1,1,14,1,1,1,1,12,11,11,1,10,1,1,23,1,14,14,1,12,17,13,18,1,14,6,1,7,14,17,1,9,4,4,1,1,1,19,11,10,12,1,5,1,16,1,1,14,19,1,1,1,1,13,1,1,11,1,18,7,10,12,20,1,1,1,1,1,1,14,8,1,25,1,20,1,16,1,10,26,8,1,11,1,1,1,14,13,1,1,5,1,10,1,11,1,14,1,1,9,30,1,17,1,15,8,10,1,1,10,1,12,1,9,16,1,1,1,1,8,20,1,1,1,19,14,13,295,8,13,21,11,11,1,15,15,1,1,9,8,14,1,1,6,1,20,1,1,1,1,1,9,16,1,19,1,1,2,9,1,13,9,1,16,1,2,1,1,1,9,23,15,11,10,1,1,1,1,1,1,1,1,13,1,20,1,11,1,1,38,15,1,7,27,14,9,1,20,1,6,8,1,11,1,1,1,1,1,1,1,1,15,17,1,16,11,10,1,14,1,1,1,1,28,1,1,1,1,5,12,24,1,475,1,1,3,15,1,1,1,34,11,1,1,1,1,6,7,3,20,1,26,1,14,7,3,1,10,8,1,1,1,15,1,1,1,1,11,18,1,6,1,1,11,1,7,1,18,1,1,1,1,1,6,5,11,10,9,2,1,14,12,1,2,18,10,1,3,1,1,13,23,1,1,10,1,12,12,12,1,26,14,25,16,18,18,1,1,1,16,1,9,10,1,17,2,10,29,1,1,18,1,1,18,13,1,13,1,1,1,1,14,35,15,1,2,16,19,1,1,13,1,13,1,16,1,1,1,2,29,1,1,18,1,1,1,1,8,3,1,1,16,2,1,5,12,15,1,1,1,16,1,1,1,5,9,13,11,1,1,1,1,14,1,24,1,11,1,1,14,13,1,1,9,1,1,3,1,5,1,1,1,1,1,1,1,1,1,1,17,16,12,20,1,1,9,1,1,2,1,2,9,7,1,15,15,1,8,4,1,1,12,1,1,1,15,11,14,12,1,1,1,1,1,12,1,17,12,1,25,1,1,1,2,19,10,1,5,12,12,11,132,12,10,17,1,11,10,9,10,1,15,1,2,17,1,1,11,14,1,1,1,15,8,13,1,67,1,14,10,1,7,14,1,1,9,12,1,18,24,8,30,1,1,7,1,18,14,16,1,1,1,15,4,1,12,21,1,4,1,1,1,1,11,1,1,1,7,76,1,11,1,1,10,14,1,11,10,1,1,21,1,1,1,1,16,9,17,1,1,1,1,6,1,12,1,11,8,16,1,1,1,10,24,2,15,15,1,1,1,1,7,1,1,18,1,1,1,1,1,1,17,18,1,2,1,1,4,20,8,1,13,10,1,1,1,10,22,1,1,13,5,6,28,21,15,1,1,17,1,1,1,12,1,8,1,1,14,18,10,11,10,1,7,13,1,1,1,7,5,1,15,14,6,1,1,4,1,22,1,1,9,1,1,11,1,13,1,1,14,1,7,25,1,1,1,1,18,18,1,8,6,1,7,1,1,25,1,1,8,1,5,3,15,18,1,10,11,1,10,11,1,12,1,1,14,1,86,1,23,14,1,1,1,21,1,2,8,10,1,16,18,7,9,12,2,5,2,1,1,1,1,1,4,1,1,15,1,1,1,5,1,1,1,18,19,1,1,6,12,22,1,2,1,11,1,1,1,1,1,18,18,1,20,1,10,1,1,1,19,9,1,10,7,1,10,1,40,1,1,15,10,1,1,2,29,6,1,13,7,1,9,1,1,1,15,1,1,10,1,4,16,1,4,24,21,1,11,17,1,16,1,15,1,17,17,1,6,13,18,9,1,27,1,1,1,1,11,2,1,13,5,2,1,12,9,9,1,1,9,22,20,1,1,1,19,1,12,10,1,1,1,1,14,2,13,1,12,12,1,1,8,9,24,1,7,1,12,1,10,12,14,1,19,13,2,1,1,12,12,12,7,10,1,1,8,1,25,11,38,1,1,1,1,1,9,1,8,1,1,18,1,16,10,1,2,35,11,5,9,1,13,1,1,1,6,1,1,1,1,1,19,1,1,17,13,1,1,1,5,9,16,1,5,2,12,11,15,1,1,11,13,14,1,1,1,1,11,1,17,11,18,1,1,22,1,11,1,6,1,19,12,6,1,2,1,18,1,6,15,11,9,11,10,16,1,10,28,12,1,1,13,1,1,1,1,1,16,13,2,1,1,1,7,1,1,12,1,12,1,11,1,1,17,7,5,1,14,12,1,7,1,1,1,6,1,1,1,1,12,11,12,1,1,12,18,15,1,1,3,1,9,1,1,1,1,15,1,20,12,14,1,9,7,12,3,1,6,15,10,16,7,39,1,1,1,12,1,15,8,1,22,1,13,25,1,19,1,11,1,6,1,15,3,1,1,7,25,1,1,1,4,37,27,14,12,12,1,1,11,2,12,1,1,1,1,18,1,1,72,1,11,12,3,1,19,2,20,1,12,1,1,1,9,20,1,10,1,1,3,38,1,19,1,16,11,1,1,1,16,1,13,4,8,8,1,1,1,7,9,1,1,1,11,17,1,12,22,1,1,1,17,1,4,1,15,11,12,23,14,10,1,34,18,38,11,19,2,1,14,6,9,13,1,2,11,1,1,20,1,1,7,11,1,10,7,6,9,9,14,6,1,1,1,1,1,5,1,1,1,1,1,14,15,1,7,14,10,6,11,1,1,1,3,1,21,1,11,1,12,15,22,1,3,18,1,1,16,1,1,1,1,1,1,1,11,1,15,1,9,13,34,1,2,1,1,1,1,1,11,1,14,11,17,2,4,1,61,9,1,1,15,18,1,7,1,2,22,3,15,1,1,25,9,1,16,13,1,1,10,14,1,14,1,10,15,5,1,82,1,1,11,1,18,13,1,14,12,11,1,1,1,4,1,1,8,13,13,12,15,18,6,8,16,13,9,1,20,7,1,5,3,6,14,1,1,1,1,9,1,11,1,5,2,7,1,15,1,9,11,9,1,5,11,7,1,12,1,11,10,11,1,16,7,1,12,11,1,4,1,14,1,16,1,3,7,1,1,10,2,1,10,12,11,18,1,2,15,1,18,14,16,1,8,1,2,1,1,1,5,1,1,9,1,1,1,1,15,1,1,6,8,12,15,10,23,1,12,1,1,9,21,1,10,8,19,7,1,11,16,46,13,20,1,1,13,1,1,7,1,1,2,11,1,1,21,24,1,1,6,1,13,14,8,1,2,4,3,9,10,1,6,5,4,1,1,1,16,1,11,1,15,16,12,1,1,1,1,1,11,1,1,1,1,1,3,13,5,1,17,1,4,15,15,6,16,15,1,1,8,1,1,13,1,12,13,1,1,1,1,17,16,1,1,10,1,1,10,1,11,1,9,10,1,18,1,1,1,1,1,12,1,1,5,1,1,11,11,16,10,17,12,1,1,7,1,17,10,1,22,9,1,14,1,9,1,12,1,1,1,26,1,10,9,7,20,11,24,10,11,1,19,1,16,14,1,1,15,1,8,14,3,8,1,1,1,14,1,12,1,1,11,10,1,23,7,1,8,16,12,8,10,18,1,1,3,3,2,1,11,6,1,2,19,1,14,4,1,2,13,9,16,8,6,1,1,1,17,1,10,1,14,17,12,4,19,10,12,1,7,1,14,8,20,1,16,16,1,1,1,1,14,1,16,1,19,1,1,1,12,7,1,1,5,25,1,1,1,1,14,1,1,12,1,9,1,13,2,1,11,1,20,6,1,13,1,1,1,1,12,6,13,26,1,12,14,2,2,11,14,1,18,1,1,1,1,1,1,10,16,10,7,1,18,16,1,8,12,1,11,1,1,18,111,2,13,1,1,19,1,1,2,16,11,12,24,8,1,64,5,1,13,9,9,1,17,45,1,1,1,1,19,1,1,1,1,16,1,10,1,1,1,1,14,1,1,1,7,1,20,1,14,20,11,15,11,16,15,19,1,4,1,16,1,12,7,17,15,8,12,1,1,17,11,1,9,1,1,15,16,1,28,13,1,10,1,1,1,1,8,13,5,17,2,2,12,15,1,1,1,17,6,1,1,3,5,1,1,13,1,6,12,6,1,8,12,11,1,26,1,1,1,1,1,5,1,5,1,1,6,1,16,12,12,18,34,1,1,13,1,1,11,1,1,6,1,1,14,5,12,12,24,7,1,19,15,5,15,8,46,1,1,14,13,11,7,1,22,1,13,17,4,7,2,1,12,12,1,11,13,20,12,1,17,10,1,1,9,20,1,13,9,9,1,1,1,16,20,16,21,4,1,1,16,14,1,9,1,1,7,10,1,9,1,1,16,1,1,1,1,11,1,1,1,1,1,16,1,23,5,1,1,1,7,2,4,10,1,62,13,1,2,9,2,1,4,7,1,8,6,1,1,20,1,5,1,12,11,1,12,11,1,12,16,20,17,11,1,1,14,19,1,1,1,19,1,12,1,1,1,1,1,1,1,1,24,8,15,11,39,15,6,1,40,15,18,18,1,2,1,9,4,23,1,1,1,8,1,10,1,6,2,1,12,1,1,17,1,1,17,1,1,21,1,15,14,1,43,1,14,1,1,9,7,9,1,25,10,9,16,1,21,1,8,23,8,9,1,13,2,1,1,1,11,76,1,7,1,20,13,1,1,14,14,1,1,8,1,24,1,15,1,1,1,1,1,14,1,14,1,12,1,1,14,1,1,1,2,63,7,1,1,11,7,1,1,43,1,1,1,13,34,1,2,10,1,1,1,1,4,35,1,7,1,1,1,1,8,1,1,1,2,9,10,1,1,1,1,1,1,28,22,1,1,1,8,1,1,1,15,13,1,1,4,19,16,17,1,17,14,4,9,13,21,6,23,21,12,1,1,11,1,15,15,1,1,11,9,1,13,1,1,12,6,1,10,1,1,9,1,1,1,14,14,1,91,9,11,4,2,17,1,26,13,8,20,1,19,8,1,13,18,6,16,15,12,14,1,1,13,1,1,13,1,1,10,15,1,11,8,1,1,6,1,1,1,8,1,1,1,5,1,1,1,274,1,1,14,1,1,14,14,1,1,1,9,8,10,2,1,1,11,1,1,26,7,1,1,20,12,14,1,15,13,13,16,19,18,1,1,1,1,1,7,12,1,17,16,9,1,16,1,6,17,4,15,11,1,6,9,12,20,9,1,9,14,10,6,19,1,15,1,7,1,1,9,8,10,9,18,18,1,1,13,7,1,18,17,1,1,1,63,15,9,1,9,12,3,14,16,6,1,7,8,1,1,9,10,25,1,1,1,8,13,10,1,12,1,1,6,12,13,1,68,1,1,2,13,11,1,1,15,12,1,1,19,1,29,18,7,15,15,8,15,1,1,1,12,8,1,21,1,1,8,20,1,13,1,10,11,1,10,1,12,1,1,11,15,1,1,19,7,19,1,1,13,13,1,1,4,15,4,1,1,11,11,62,10,1,1,1,1,11,1,1,13,1,21,14,1,1,14,1,1,3,10,1,1,13,8,1,9,1,6,16,8,5,1,1,13,1,1,13,15,6,1,9,12,8,9,6,1,1,1,1,15,1,12,6,4,23,1,1,1,1,1,1,16,1,1,1,1,10,1,17,1,1,1,2,1,5,8,18,1,12,1,1,1,9,22,17,11,21,1,8,1,12,12,81,13,1,1,11,1,2,1,1,17,8,14,5,15,14,1,7,1,18,1,13,14,1,11,32,1,18,1,1,11,1,9,11,1,16,1,1,1,1,6,3,15,6,15,1,10,1,1,1,7,1,16,1,1,1,15,14,18,1,1,11,19,13,1,21,23,1,1,15,12,1,1,18,5,1,1,1,1,19,1,21,13,1,6,1,13,12,1,8,10,1,16,2,1,11,10,5,1,1,8,1,16,1,1,17,8,1,7,17,1,1,9,15,1,1,22,1,4,7,15,1,12,1,35,11,10,1,1,14,1,9,10,16,1,6,1,13,1,1,16,1,1,1,1,8,1,1,1,14,22,6,1,1,1,1,18,1,21,10,10,18,1,13,9,1,15,7,1,1,1,16,1,1,13,1,9,27,7,3,1,10,1,1,1,2,16,21,1,1,16,1,15,13,1,21,6,20,14,1,17,1,1,14,13,15,1,14,63,1,1,5,11,6,1,16,1,10,1,15,1,2,12,1,7,27,5,8,9,1,1,1,9,1,10,7,6,1,1,1,1,1,1,9,1,8,1,1,1,13,1,1,13,15,10,9,14,15,1,1,13,124,7,1,1,1,1,1,38,6,10,1,15,1,1,1,11,71,1,1,1,1,83,1,1,20,4,1,1,12,1,1,1,13,1,15,25,13,13,15,10,1,6,1,1,7,1,3,1,1,10,18,16,1,5,1,18,1,8,1,7,1,17,1,2,13,14,1,1,1,12,1,8,1,1,1,1,4,1,8,13,1,14,12,1,1,15,9,26,9,12,14,3,1,1,1,16,13,8,1,21,1,10,9,3,1,1,1,1,5,1,1,12,11,1,1,1,13,1,1,5,1,1,1,17,1,1,1,1,1,15,15,1,16,13,1,126,14,1,1,8,1,21,21,2,1,1,14,11,32,19,1,1,1,16,14,1,8,1,9,26,1,1,14,16,13,7,1,1,17,17,1,13,6,1,1,16,1,14,13,11,1,13,9,20,15,10,16,10,11,12,1,8,10,10,1,1,18,1,10,14,1,13,16,1,1,18,1,1,1,1,4,11,1,1,38,1,11,11,1,1,12,14,1,1,10,1,7,16,1,1,2,7,15,18,1,1,1,9,14,17,76,1,27,1,2,19,1,114,7,12,13,2,12,7,3,10,2,1,14,15,20,1,1,4,6,4,1,10,10,7,1,1,1,1,1,47,1,1,1,11,1,23,12,32,11,10,16,1,1,13,1,1,1,15,1,22,10,9,1,15,17,1,4,1,1,1,11,1,14,11,13,1,1,16,14,17,8,11,1,13,1,1,118,1,1,6,24,8,13,1,12,11,22,1,1,16,12,1,9,1,1,1,1,1,1,1,1,1,17,16,1,1,13,14,11,14,18,1,1,3,1,1,7,1,6,11,12,1,14,1,1,10,8,6,15,25,1,18,11,1,83,1,15,1,1,1,23,12,10,1,1,10,1,13,10,16,10,3,9,4,29,1,17,6,11,1,2,1,1,4,56,1,11,1,1,14,1,5,1,1,1,1,8,1,14,1,1,1,12,11,14,5,12,19,1,3,1,1,1,11,5,1,4,14,13,2,53,15,11,6,14,1,10,3,2,1,1,1,1,3,13,11,13,2,1,13,11,1,1,9,13,2,1,2,1,19,1,1,1,6,1,4,18,1,8,1,19,1,13,17,1,1,9,10,1,1,11,14,1,1,15,14,19,1,1,1,1,1,13,10,18,1,9,22,1,12,39,9,1,13,18,1,2,1,1,7,1,7,1,1,4,7,1,10,1,9,9,1,1,7,2,11,1,19,15,9,1,14,6,1,2,10,13,1,1,1,2,1,13,22,1,1,1,18,15,1,1,1,27,1,13,10,1,1,2,10,10,3,1,15,11,9,1,1,7,23,7,13,4,68,8,1,1,1,1,1,11,10,16,1,1,1,1,1,1,6,17,1,18,14,17,11,12,11,1,12,11,1,1,1,1,1,6,14,1,9,8,1,7,6,1,11,2,1,1,1,1,1,18,1,1,17,6,1,15,21,1,1,13,12,1,22,1,11,10,20,12,15,32,1,1,3,11,1,10,1,15,8,21,8,16,1,5,1,9,17,1,1,1,1,1,11,12,16,8,1,18,9,6,85,14,1,1,8,12,12,1,1,10,1,1,24,1,21,1,14,1,1,12,1,1,1,1,1,1,9,14,9,1,1,3,1,10,18,1,1,1,1,1,18,1,30,12,1,18,10,14,1,12,18,2,6,7,9,11,1,22,2,9,1,1,7,9,24,15,12,1,10,1,25,8,1,17,1,1,1,9,1,28,10,9,11,1,1,12,1,14,12,1,1,1,1,18,14,10,1,12,19,8,8,1,1,11,15,1,1,1,7,1,1,1,9,1,1,14,1,1,1,6,17,11,10,4,15,11,10,1,1,1,1,8,3,8,1,1,1,1,21,1,17,9,7,1,1,10,1,1,11,1,1,12,2,2,13,1,9,12,29,11,15,16,9,1,11,1,14,1,1,8,1,9,16,20,1,1,23,1,3,10,5,11,30,1,1,1,1,15,1,1,1,11,1,1,1,2,17,14,1,1,13,12,1,1,1,9,1,23,8,15,1,1,1,1,1,1,1,9,8,8,10,1,17,1,8,1,1,23,1,1,9,13,9,17,17,1,15,1,1,1,1,1,21,7,20,1,8,16,1,1,1,10,1,18,7,1,1,1,13,17,1,15,18,1,17,1,8,1,13,6,1,10,1,93,10,1,1,1,12,14,1,6,1,1,1,26,3,5,1,11,1,10,1,19,14,1,1,1,17,1,12,1,1,1,11,1,18,7,1,18,20,21,10,1,14,1,1,18,1,1,1,16,1,1,5,17,18,1,16,1,15,12,1,17,15,1,8,15,1,1,1,1,10,16,11,1,1,11,1,13,13,1,1,8,14,1,16,11,11,19,1,1,18,10,13,1,12,16,1,16,1,17,11,1,8,1,7,17,1,27,1,1,1,9,106,7,1,1,14,1,9,1,13,10,9,11,15,13,13,1,1,74,5,1,1,14,13,7,8,1,16,13,11,12,1,1,1,1,1,1,1,13,1,11,9,11,11,1,10,13,1,1,16,1,16,1,1,1,1,1,1,8,1,1,1,1,1,12,1,1,10,12,4,1,11,1,6,12,1,1,1,5,14,12,2,1,1,16,12,12,1,10,12,15,6,1,13,1,1,8,13,1,12,10,2,1,13,1,1,8,13,13,17,13,1,14,1,1,3,13,12,13,68,1,9,1,1,25,1,1,1,1,1,1,11,4,1,1,2,1,7,1,1,1,1,13,10,1,1,19,1,16,1,2,15,1,1,1,1,1,1,12,1,26,3,1,4,1,2,1,13,9,1,10,8,1,15,1,1,14,1,1,1,27,1,15,11,1,19,4,1,1,1,1,1,1,1,1,1,1,1,9,1,14,1,1,11,16,1,19,7,1,6,5,14,15,1,1,1,15,11,1,9,1,5,10,15,1,1,20,7,15,1,7,1,12,11,1,1,18,1,1,11,1,19,6,1,21,1,12,1,1,9,2,1,1,1,1,5,21,13,1,1,11,1,9,1,1,18,1,1,1,1,9,17,1,4,18,2,12,11,1,1,1,8,1,14,12,7,2,13,1,1,10,1,1,9,11,1,11,1,7,14,2,13,1,1,1,1,21,1,13,13,1,16,34,1,40,10,23,11,4,14,12,1,15,1,1,1,1,11,1,19,13,28,1,12,1,1,1,11,1,1,1,93,13,15,10,1,1,6,11,12,1,1,1,12,1,1,1,13,8,4,17,5,1,14,4,22,15,1,25,24,132,14,7,1,15,1,14,20,21,1,18,20,15,1,13,1,7,16,18,6,1,1,7,14,10,1,18,1,1,1,10,1,1,2,16,1,1,1,1,6,8,5,13,11,1,11,1,8,1,1,8,13,1,2,17,10,1,6,1,16,1,1,1,10,13,12,6,11,1,1,7,1,15,13,1,17,1,1,1,1,1,10,15,1,1,17,5,1,1,1,1,1,8,10,14,1,1,15,1,1,1,1,13,26,9,14,22,13,1,1,1,25,17,12,24,1,1,13,1,1,1,12,1,12,1,14,1,13,16,15,1,2,1,1,1,16,12,3,1,1,1,8,1,1,1,1,1,10,1,13,20,16,11,9,12,1,1,12,10,1,12,10,10,17,1,1,1,7,12,1,11,16,18,1,1,1,4,1,7,1,20,19,18,22,15,12,16,1,17,1,19,4,13,19,1,1,14,1,12,11,1,1,10,1,6,8,8,1,1,1,1,1,24,1,1,12,13,20,6,1,10,12,1,12,13,13,56,6,5,14,1,13,16,13,1,1,1,9,1,11,14,14,1,12,8,19,1,16,11,13,5,1,1,12,9,1,15,10,16,1,1,13,1,1,1,1,1,14,16,17,10,14,17,1,5,11,1,1,1,18,1,3,1,5,7,11,1,1,1,2,1,13,4,12,1,8,1,10,10,13,1,18,1,2,12,15,57,10,25,1,1,11,14,15,1,18,17,13,15,11,1,1,1,1,5,12,15,11,14,13,7,12,14,7,14,1,11,1,1,9,9,1,22,13,10,8,4,1,18,1,9,8,13,14,7,10,1,9,10,13,12,4,5,17,13,13,11,15,1,11,14,2,18,9,2,1,16,1,1,1,7,15,1,1,13,12,1,14,6,1,12,34,1,7,1,4,15,1,12,11,10,14,1,1,1,1,1,10,1,1,1,1,1,1,14,1,1,6,10,1,9,18,1,1,13,7,5,1,15,11,1,1,1,1,1,11,85,2,11,1,11,1,16,32,14,28,2,6,13,13,12,3,12,1,1,12,5,1,15,1,1,1,13,4,1,14,17,7,95,6,12,1,9,13,7,16,26,20,1,14,3,1,1,1,1,12,1,14,21,11,9,1,14,9,16,1,13,14,8,1,1,16,11,1,15,1,11,1,9,1,9,1,16,28,1,12,8,1,1,18,14,1,15,7,19,1,12,1,8,1,11,16,1,10,1,1,1,1,1,15,22,4,12,14,1,1,8,14,6,15,1,1,1,8,5,1,33,1,1,18,1,1,1,1,1,1,1,14,1,1,13,1,1,11,1,15,1,1,14,1,8,1,16,12,18,1,6,15,1,1,1,1,25,1,1,4,13,14,8,1,8,1,19,1,1,11,4,28,7,1,1,1,8,22,10,10,14,24,11,12,1,11,1,1,1,1,1,1,1,12,1,14,21,1,1,122,1,78,1,1,1,10,1,15,6,10,20,1,1,19,1,16,1,19,13,1,14,11,14,1,11,10,11,1,15,1,1,12,16,20,1,19,3,1,1,11,1,3586,10,10,1,12,1,1,1,1,1,1,7,20,1,1,1,1,18,1,5,16,10,1,5,16,15,1,9,12,27,16,17,12,1,7,9,2238,1,9,1,19,1,33,15,1,9,1,12,13,6,1,1,12,1,8,1,1,1,16,1,3,9,1,17,10,1,1,1,1,1,1,7,18,9,10,1,10,18,13,68,1,11,11,1,15,12,1,12,24,11,1,1,1,19,1,1,1,1,12,1,13,13,15,1,15,1,17,1,1,12,14,17,7,1,14,12,1,8,5,1,5,1,9,1,19,19,1,1,17,18,15,1,11,1,1,12,21,5,1,18,12,1,7,11,13,1,10,1,1,26,20,11,1,1,1,1,2,1,1,1,5,10,17,20,22,10,13,1,14,1,13,1,1,1,1,8,1,21,13,9,13,23,1,14,15,54,16,10,16,11,1,1,3,13,1,1,11,1,12,1,1,19,27,13,1,8,20,11,1,1,10,1,1,2,14,1,1,1,1,13,11,8,13,1,1,1,14,15,19,1,1,13,83,1,1,16,13,1,1,1,1,1,3,14,11,1,11,1,10,1,1,13,1,6,7,17,1,10,1,1,8,1,1,16,2,18,7,1,1,20,11,1,12,1,1,12,17,1,16,5,13,1,1,13,1,1,10,5,9,10,1,1,1,1,135,11,8,4,6,1,1,1,1,1,17,7,8,1,4,11,10,25,13,6,8,1,17,1,18,1,1,2,21,1,11,21,22,1,1,27,1,1,1,1,2,8,1,1,9,15,1,12,9,1,1,26,10,18,1,14,9,9,1,1,16,8,1,1,1,3,1,8,10,1,1,1,12,1,1,8,19,1,12,14,9,1,1,22,9,15,21,16,3,20,10,1,4,14,1,11,1,11,12,40,1,4,1,1,1,1,1,2,1,14,11,1,8,7,2,1,5,1,1,1,15,1,12,7,13,1,1,1,22,1,9,2,10,44,12,7,8,7,1,1,1,7,1,1,1,11,1,1,9,1,7,1,21,2,1,1,12,1,1,1,1,1,8,1,10,10,1,1,7,1,11,12,1,1,13,16,1,1,1,1,1,1,1,1,1,6,1,1,9,1,1,1,1,1,1,2,12,2,1,1,7,14,1,12,9,1,1,1,1,12,10,13,41,11,1,1,2,1,1,10,1,1,1,15,7,6,19,9,7,10,1,1,3,16,1,18,5,1,10,1,81,195,7,12,1,13,12,11,5,1,9,17,3,1,7,10,1,11,9,1,1,10,14,10,1,1,1,1,1,6,1,2,1,1,1,16,16,1,15,1,1,1,10,1,12,1,1,9,15,1,1,1,1,1,7,47,1,1,1,1,1,8,10,10,1,8,1,18,14,7,9,1,16,13,1,1,1,16,18,1,1,1,1,8,1,1,1,15,1,1,1,1,1,14,85,16,1,9,1,1,11,14,1,8,1,25,13,9,1,1,1,17,1,15,1,2,1,17,18,1,16,1,1,1,1,4,1,14,36,22,1,8,1,1,1,1,15,6,14,11,13,15,1,13,1,9,11,7,1,2,11,1,19,7,8,1,1,1,8,14,1,1,9,12,6,10,1,10,14,1,14,1,1,2,1,10,1,4,1,7,1,10,1,9,1,10,13,8,1,1,1,1,14,1,16,3,12,1,11,1,9,1,1,3,1,1,1,1,13,3,15,11,8,8,1,1,5,18,1,10,1,26,1,5,1,1,6,1,8,13,18,7,1,15,1,16,9,11,1,1,10,8,1,6,1,1,13,7,9,12,1,17,1,17,10,1,13,17,1,8,3,1,1,1,11,1,102,1,1,15,1,12,12,1,13,3,14,13,18,1,1,1,1,12,11,11,1,1,1,7,10,15,7,9,1,1,1,1,1,9,2,1,2,1,1,12,2,4,12,1,10,31,1,1,1,14,12,9,5,11,15,11,1,10,10,14,6,1,30,3,5,1,1,7,1,1,1,1,1,1,16,7,14,1,1,13,15,27,6,10,1,8,1,1,1,1,15,1,1,1,1,10,20,13,18,1,17,1,1,10,16,12,1,17,26,12,14,1,1,11,1,10,175,1,12,14,1,8,1,1,1,9,1,1,1,12,10,6,1,10,14,12,22,1,7,15,1,68,1,1,1,4,17,15,1,68,10,8,9,12,1,23,1,1,1,15,5,1,12,6,14,1,1,2,13,1,17,12,15,1,1,1,19,1,1,12,1,18,1,1,18,1,1,12,1,14,12,1,1,1,10,1,8,16,1,1,1,2,1,1,20,15,1,713,1,1,1,4,1,1,1,12,14,20,14,14,14,1,1,1,1,1,1,1,1,7,1,12,9,1,16,1,5,1,10,1,1,1,14,11,19,1,1,1,1,13,4,1,1,1,1,15,14,14,300,9,1,1,1,6,1,2,14,14,7,12,21,1,1,8,136,12,1,1,1,12,1,70,17,1,11,10,17,1,69,1,1,1,1,32,1,3,17,22,1,2,1,5,2,1,6,6,5,1,7,14,15,4,14,2,1,1,10,1,4,1,1,1,4,18,28,1,13,1,1,1,10,1,8,7,1,7,1,2,15,1,1,9,1,7,14,1,13,8,1,9,12,1,1,1,13,19,1,1,1,9,13,12,1,1,8,106,1,10,1,2,1,1,11,2,1,11,1,1,10,2,1,11,18,1,1,12,1,11,1,106,9,1,1,1,1,1,1,3,10,11,1,1,15,12,1,1,3,1,23,1,11,1,1,17,1,14,1,1,1,8,57,12,1,1,51,13,1,1,15,1,10,1,1,22,13,1,15,1,11,2,1,1,1,1,1,1,1,5,12,11,12,1,1,8,3,19,1,1,15,13,1,1,18,13,1,7,1,15,1,20,1,12,1,1,15,6,5,25,1,8,124,1,6,6,11,1,17,10,1,1,1,15,1,1,1,12,27,1,1,19,2,1,1,1,7,1,14,10,16,13,1,11,15,5,1,18,9,1,9,1,1,1,1,94,9,1,16,2,14,1,12,5,10,17,1,9,14,5,1,1,18,1,22,1,1,14,1,1,16,7,1,1,1,10,1,8,5,8,1,10,17,2,1,1,2,1,20,1,1,21,1,18,1,15,17,9,13,1,1,1,13,6,1,9,13,7,40,1,1,1,13,1,27,1,1,30,1,5,11,15,10,15,1,1,1,1,1,1,12,1,13,13,18,13,2,1,11,1,3,3,5,1,1,12,10,11,11,5,1,9,15,7,1,1,13,14,19,2,1,23,1,1,10,11,1,4,1,21,1,12,9,1,3,1,1,1,1,11,2,16,4,3,1,12,1,6,19,1,1,9,1,10,1,6,1,13,1,1,1,1,1,2,3,1,2,6,1,12,1,1,9,13,1,1,16,2,1,1,1,21,19,1,50,1,1,1,8,1,18,9,1,13,10,1,1,12,1,1,1,1,1,1,8,1,10,1,1,11,1,10,16,1,17,1,9,14,19,1,1,12,1,10,1,1,7,1,1,19,1,3,10,11,22,15,1,1,1,1,3,14,9,1,11,1,1,1,1,1,14,11,15,17,1,11,22,6,20,17,1,7,4,1,11,1,5,1,1,13,1,1,18,1,1,1,19,16,12,14,14,1,1,1,1,3,1,4,7,1,1,16,1,18,1,5,18,1,11,11,19,1,10,1,23,9,15,8,1,12,1,8,13,1,13,1,16,17,1,12,1,3,1,1,1,15,16,11,1,14,3,5,1,1,12,12,1,1,1,1,14,8,1,1,12,1,24,20,1,1,1,1,15,1,1,1,1,3,1,16,1,1,12,2,1,14,15,11,4,16,1,17,12,18,8,1,8,22,1,1,1,16,1,96,1,21,11,11,2,1,1,1,15,1,1,1,4,1,15,2,1,2,1,1,1,1,1,21,12,1,17,1,11,14,7,9,15,1,1,14,1,1,9,1,10,14,6,1,1,1,9,1,15,1,12,1,1,1,1,10,8,1,4,12,1,11,11,4,1,1,1,14,15,1,1,1,16,7,13,1,13,9,1,13,1,2,12,18,1,1,14,4,1,1,14,1,16,1,1,1,87,1,11,13,14,14,22,1,11,16,2,1,9,1,1,11,13,15,1,1,21,1,1,4,13,13,19,8,17,1,3,24,24,1,1,13,2,1,18,1,1,24,1,1,2,1,1,10,1,12,14,1,1,14,1,1,12,2,18,17,1,1,9,13,8,10,21,1,1,17,14,12,1,15,1,1,1,17,9,1,1,1,1,1,1,3,9,1,8,1,1,14,7,1,5,8,1,20,14,14,6,11,15,8,13,11,16,1,1,9,17,1,6,1,13,5,19,1,16,1,1,1,1,1,9,1,17,1,15,36,3,1,20,1,1,1,13,5,1,4,1,1,1,1,4,10,8,1,5,1,1,23,11,1,19,11,1,25,1,1,12,1,1,23,6,1,20,1,1,6,1,1,11,1,12,16,1,1,13,1,7,1,14,10,1,6,11,1,1,11,3,16,18,10,16,13,1,1,1,12,16,1,1,24,1,13,1,1,9,1,12,1,1,1,9,1,19,1,1,14,1,10,19,1,9,1,8,15,1,13,11,1,9,1,7,1,1,9,535,9,9,63,16,1,9,1,1,13,1,1,9,1,1,1,22,1,14,1,6,7,1,1,1,14,11,11,9,13,1,1,13,1,30,1,16,1,8,1,1,1,10,1,1,1,10,14,1,10,15,14,20,10,1,1,1,7,1,14,11,12,1,18,1,1,14,1,1,1,7,1,2,1,7,12,1,7,13,13,40,16,1,12,18,9,16,1,15,1,1,6,12,1,16,14,7,2,1,13,20,12,12,29,1,28,1,1,1,9,1,1,22,7,1,11,9,1,18,10,16,16,1,1,11,1,9,14,1,1,9,1,1,1,23,1,9,1,1,1,1,22,13,1,1,1,1,1,11,10,1,1,1,16,1,1,1,1,1,13,1,8,27,8,20,2,1,10,18,10,10,1,10,4,21,22,13,1,19,11,1,4,1,7,1,10,1,1,7,9,2,9,26,10,11,1,17,1,14,11,11,11,1,8,1,11,1,1,13,19,14,13,18,9,17,5,9,1,1,1,8,4,1,1,7,10,9,8,10,12,1,12,11,1,2,15,1,1,9,1,12,1,355,32,19,11,10,1,6,9,9,13,1,1,13,17,6,1,16,1,1,1,1,1,10,13,2,14,11,13,1,17,17,13,3,16,1,1,1,14,1,1,10,10,1,67,17,14,10,1,16,9,64,1,1,1,1,1,16,11,8,10,16,1,1,1,1,14,1,18,1,1,2,20,16,1,13,21,1,1,1,14,21,92,22,6,9,1,7,16,2,1,25,1,5,4,10,2,1,1,13,1,1,19,10,7,9,1,1,1,1,18,1,19,3,7,1,7,1,1,3,1,10,25,14,1,2,15,1,1,10,10,9,1,27,8,18,1,14,2,7,12,1,9,16,13,14,17,1,20,13,1,11,11,17,14,1,1,25,1,11,11,26,1,11,1,14,1,1,13,1,16,22,1,10,2,5,1,9,3,18,12,12,12,1,21,10,1,13,10,8,1,20,3,2,3,1,9,1,9,12,1,12,21,1,7,1,20,21,16,15,80,1,1,1,2,1,2,1,1,1,14,1,1,7,11,9,1,1,11,13,14,22,4,15,21,2,43,5,12,14,1,1,12,7,1,13,18,1,1,1,5,11,1,27,3,1,2,17,1,12,8,7,1,1,1,20,1,1,1,9,1,8,11,5,1,1,16,12,1,1,1,1,14,26,11,9,7,1,33,1,5,11,1,1,1,7,12,8,1,1,13,16,14,1,24,1,1,2,1,14,25,1,12,10,1,1,8,1,16,16,109,1,95,20,18,1,12,12,21,12,14,1,18,30,11,1,10,20,1,6,8,17,1,8,1,15,1,14,1,11,1,9,1,1,7,1,1,13,14,1,12,13,1,1,1,2,1,1,17,1,2,1,12,14,1,8,1,11,1,1,11,1,14,1,14,21,16,1,2,14,7,1,18,1,8,13,12,21,1,14,1,1,10,15,6,14,1,20,1,11,1,1,1,1,10,1,15,1,78,1,1,1,1,18,1,1,1,3,5,1,5,17,9,1,15,22,1,1,1,1,1,11,1,12,11,13,2,8,11,6,1,13,1,3,1,1,20,8,1,1,18,12,18,1,1,13,18,16,11,1,9,84,14,20,1,10,1,18,5,20,13,2,8,1,9,6,11,24,14,1,1,8,13,38,1,1,1,13,21,23,1,12,1,1,1,1,1,1,1,19,1,18,1,1,18,15,15,1,1,1,1,5,13,1,14,1,1,9,16,1,1,10,7,14,1,1,1,15,1,5,8,13,1,11,69,20,25,10,1,1,9,10,1,21,18,1,14,1,16,1,20,8,8,8,1,15,10,1,2,22,4,15,8,1,25,1,1,1,12,6,1,11,1,1,1,129,19,1,13,1,15,19,1,12,13,1,1,1,35,1,22,14,1,20,1,1,1,15,14,1,1,11,14,17,1,1,16,1,9,3,1,8,17,1,12,1,1,1,13,1,1,16,8,8,11,10,16,20,7,1,21,14,22,11,1,1,8,1,1,1,1,1,9,6,1,1,1,15,8,17,1,1,1,20,1,1,1,27,1,1,1,1,6,12,15,8,94,13,1,12,1,14,13,12,1,1,1,1,15,1,1,11,1,4,11,15,13,1,16,13,1,8,19,1,9,11,20,1,4,1,1,11,1,1,6,1,12,9,22,10,22,3,1,1,1,1,1,14,1,7,1,9,1,1,1,1,8,1,11,17,2,14,12,5,4,13,1,1,1,1,1,17,1,1,1,186,1,2,3,1,1,1,13,1,1,1,1,1,17,1,1,1,14,1,9,23,18,9,13,1,5,12,1,16,1,16,1,1,1,1,2,1,1,10,11,13,14,10,1,8,9,16,1,1,1,1,1,9,14,17,1,1,1,14,17,1,17,17,1,6,1,8,1,1,1,12,1,1,1,1,6,1,16,18,11,1,1,1,2,1,13,1,4,24,1,1,2,1,13,1,5,1,17,1,1,1,13,12,1,10,1,1,1,3,1,5,12,1,12,1,1,1,4,10,1,1,17,5,15,1,1,19,15,1,6,1,1,12,7,12,1,1,12,13,1,7,1,8,1,2,25,2,13,14,1,1,14,1,1,1,20,1,1,1,2,1,17,1,1,19,11,1,10,4,15,1,1,18,1,8,36,1,17,13,4,86,16,1,8,1,1,1,1,6,14,16,1,1,1,1,1,1,1,1,1,7,15,10,1,9,1,1,1,1,1,1,1,1,1,3,14,7,1,1,17,1,1,1,1,1,21,9,22,1,1,3,19,34,18,12,1,10,1,20,1,1,13,1,14,1,15,7,8,15,1,26,19,15,1,7,6,1,8,9,6,1,1,15,1,11,1,28,8,1,1,1,1,13,12,1,1,15,1,1,11,1,1,1,1,9,15,1,1,8,9,13,1,17,8,16,7,15,17,12,1,1,6,6,6,8,22,1,11,11,1,5,1,21,1,1,1,11,1,1,13,12,11,18,2,1,1,11,1,1,1,8,1,1,13,1,1,1,12,9,7,7,11,9,15,9,1,21,6,8,1,1,14,11,1,1,17,19,6,13,12,13,1,1,15,1,9,8,12,1,22,1,9,11,1,6,16,1,1,1,1,1,11,1,14,1,1,1,1,1,1,1,1,1,1,1,13,11,17,1,19,1,1,1,1,1,2,20,15,13,1,14,1,1,7,10,11,1,12,1,1,12,1,14,3,1,14,1,12,1,18,9,1,15,30,10,5,1,1,1,1,3,1,17,4,19,23,1,1,12,9,1,1,5,1,14,10,1,9,13,1,12,6,1,13,1,1,1,6,8,7,1,24,13,13,3,1,1,9,1,1,12,20,9,8,1,16,11,1,1,21,1,1,7,11,10,20,1,1,1,4,1,1,20,1,1,12,1,16,14,1,9,2,9,8,15,1,12,13,18,18,9,1,1,14,14,15,21,14,7,12,14,1,1,11,1,24,1,22,11,1,1,1,1,1,13,12,1,10,12,1,5,1,4,1,4,6,13,5,1,6,14,1,1,11,7,8,11,1,9,18,1,18,1,1,25,1,14,9,15,1,1,1,12,1,20,1,1,13,1,1,10,11,1,15,1,1,2,14,13,1,14,1,19,1,1,1,1,1,1,1,15,1,9,2,17,12,13,10,12,1,8,10,5,12,3,32,8,1,10,1,1,1,13,1,1,3,1,1,8,1,1,1,4,1,15,18,3,8,1,1,1,15,12,1,10,11,19,10,1,14,5,1,3,1,7,9,13,1,1,15,12,1,19,1,20,3,1,1,9,1,1,15,16,1,29,16,1,1,24,3,1,15,1,2,9,1,7,1,13,12,1,7,1,1,1,14,15,7,4,1,1,1,10,12,24,1,1,1,8,10,1,9,1,15,3,1,16,14,13,15,13,1,1,1,13,8,16,11,1,9,1,14,11,14,1,1,18,1,1,1,16,1,17,5,1,1,1,16,3,11,7,3,8,1,1,24,1,15,21,1,1,13,9,1,17,2,10,16,14,2,1,14,7,1,15,1,1,1,17,1,1,11,1,1,5,20,15,1,3,1,10,1,14,1,2,14,1,7,5,12,12,13,1,1,12,93,1,21,1,12,3,23,1,6,1,1,14,12,19,1,1,14,1,1,1,1,16,6,8,20,13,1,1,1,1,13,1,10,17,1,1,1,1,14,15,1,1,8,11,1,16,14,18,1,1,5,16,1,10,1,8,1,1,15,1,1,13,8,14,1,1,1,5,13,14,10,1,15,1,8,8,1,13,1,1,1,19,14,13,9,1,1,16,1,6,23,16,10,11,9,1,1,1,1,1,17,1,18,9,13,13,9,1,14,1,9,10,31,1,1,13,1,1,14,5,1,9,11,12,1,7,1,15,100,12,1,1,1,19,7,1,84,1,9,1,12,1,13,1,7,1,15,2,12,1,1,6,13,1,1,15,1,7,12,21,1,1,13,14,13,9,11,14,10,1,20,10,6,1,19,11,18,1,1,1,1,1,1,13,1,14,1,11,26,1,17,9,1,12,12,20,1,1,13,1,3,16,13,16,9,18,12,1,17,12,19,1,7,1,13,1,4,1,2,9,1,7,1,1,6,1,11,11,14,1,1,1,29,10,12,15,13,1,1,20,7,1,1,1,11,20,19,1,2,1,26,11,1,18,1,1,15,1,11,1,13,17,14,12,9,1,14,1,14,1,1,1,1,1,16,1,10,1,8,5,92,1,24,1,1,20,1,16,11,7,11,1,1,13,10,7,18,1,7,1,7,1,1,1,9,599,14,10,12,1,1,16,13,14,1,17,1,12,12,23,6,1,1,1,15,10,1,1,1,1,9,17,1,1,3,12,10,12,12,1,1,1,1,14,1,1,16,1,15,1,15,9,1,12,1,4,1,1,14,16,7,7,1,1,82,16,1,9,1,27,2,5,1,3,1,1,8,1,1,8,98,1,9,1,1,1,1,1,19,1,7,1,7,1,5,1,1,1,7,1,1,18,1,1,1,1,7,12,1,1,1,10,1,1,13,7,1,3,16,8,2,8,11,1,1,1,15,18,9,12,16,7,1,1,8,1,1,1,6,1,1,9,1,13,1,11,6,11,6,10,20,1,1,13,1,17,7,1,1,1,1,14,7,1,1,18,14,14,1,1,14,1,1,9,12,1,1,1,9,1,18,3,1,1,1,15,14,1,1,1,1,15,1,1,1,1,9,1,6,37,5,1,18,1,1,32,8,12,7,1,6,1,1,1,12,21,1,10,1,10,6,3,1,17,12,13,13,16,8,1,1,16,11,1,1,1,16,8,12,14,1,9,13,8,9,10,14,18,7,1,8,96,1,12,1,1,1,1,14,11,11,9,8,7,1,1,3,10,1,1,1,1,1,1,10,8,1,6,1,19,11,4,16,1,1,10,1,1,20,3,22,1,15,5,1,29,14,8,20,13,1,22,1,1,1,13,1,21,2,7,6,1,1,1,1,9,14,9,19,1,11,7,2,8,1,1,20,1,1,12,10,1,1,20,15,7,1,27,10,2,1,11,11,3,6,6,2,16,1,13,1,12,1,1,8,12,9,1,25,1,1,2,12,5,8,26,16,1,14,13,1,1,1,16,1,7,9,5,1,1,14,26,9,9,1,1,18,5,16,1,1,15,1,7,1,1,10,15,1,26,8,10,1,1,1,1,1,23,12,10,10,17,14,1,1,1,1,1,1,11,13,1,9,6,14,1,2,1,1,15,1,1,18,7,13,1,1,1,1,18,1,1,1,6,1,1,1,14,3,1,1,13,1,1,10,1,16,12,8,8,1,3,9,1,16,11,1,25,1,10,12,1,22,20,1,67,8,15,11,10,1,4,1,1,1,12,13,7,17,13,4,23,1,12,1,1,1,13,13,10,10,12,1,20,1,1,7,4,6,1,1,1,1,6,1,6601,1,5,13,40,8,1,18,14,1,1,1,1,1,1,11,1,2,16,9,2,16,26,1,12,8,11,1,5,15,1,1,8,8,14,1,1,15,7,1,13,1,23,1,17,15,1,8,1,2581,8,11,12,13,11,6,1,1,1,2,1,1,17,9,1,17,1,1,9,18,1,6,1,12,16,9,1,14,18,1,14,1,1,13,9,18,10,1,1,1,17,14,1,18,1,1,1,9,14,1,1,4,1,13,1,1,1,1,17,14,9,12,8,1,1,2,1,9,10,16,1,8,15,1,10,9,1,5,1,20,18,20,19,12,1,1,11,10,1,1,1,1,1,1,10,1,1,1,13,1,14,1,4,6,1,9,1,1,22,1,1,24,1,1,1,1,23,29,9,10,1,16,12,1,41,1,1,29,1,26,6,1,1,29,10,9,9,1,18,8,1,25,14,1,18,2,1,1,16,1,1,7,2,14,1,1,2,1,13,1,1,15,1,1,10,1,1,15,1,85,20,11,15,10,1,20,8,1,7,1,10,1,1,1,12,1,3,1,5,19,1,13,15,23,1,1,6,12,11,15,1,2,1,1,4,5,1,14,12,1,1,13,1,1,1,6,1,13,1,12,13,1,4,15,1,1,6,1,1,1,17,1,1,1,19,1,14,1,2,16,11,13,16,12,1,1,15,9,14,9,3,1,7,8,1,14,13,1,3,1,1,11,13,15,1,1,16,11,1,1,1,39,18,1,11,1,3,1,8,1,1,23,12,9,14,18,1,10,1,1,1,18,1,1,1,7,4,1,1,1,1,1,1,12,12,1,1,1,100,1,9,1,2,15,23,1,15,12,1,1,1,1,1,1,1,28,10,13,5,27,2,1,1,10,1,1,15,54,1,5,1,13,1,1,1,1,1,16,32,8,11,1,13,20,1,8,19,1,1,1,1,1,1,8,1,11,12,1,18,1,1,1,1,1,1,1,15,14,15,15,1,1,45,2,1,5,1,9,11,16,17,14,1,1,1,6,9,1,1,36,4,1,8,20,6,1,1,20,15,2,1,6,1,17,15,1,1,1,13,1,1,11,1,1,18,1,1,3,1,2,10,2,17,1,1,1,1,1,13,12,14,12,1,10,1,13,1,6,15,1,8,1,1,1,1,18,1,1,5,14,1,1,3,14,1,12,1,1,1,1,1,20,11,1,1,1,13,1,9,25,16,1,1,1,10,1,1,8,3,1,13,1,13,1,11,25,1,2,1,12,20,4,7,1,17,1,1,19,11,9,3,1,1,1,1,9,1,13,12,8,1,1,1,7,1,19,1,17,1,15,6,18,13,7,1,1,1,12,1,14,13,21,12,21,1,1,1,17,11,1,1,1,9,10,25,6,1,1,12,7,14,12,21,17,2,1,4,10,12,9,25,9,1,1,2,11,3,1,65,17,1,1,11,1,14,1,12,1,1,1,7,1,1,9,2,1,18,13,1,6,1,2,1,7,1,15,1,1,3,1,8,12,1,13,10,16,1,3,1,1,11,6,12,17,1,13,10,13,1,8,1,14,1,6,10,7,71,1,6,1,2,5,1,1,1,14,1,1,1,1,1,10,1,1,7,1,13,1,1,3,9,3,1,19,6,1,12,1,15,2,1,1,1,14,1,11,1,1,1,1,1,10,1,2,10,1,15,11,5,1,11,6,1,16,19,17,4,24,1,1,1,18,10,1,1,8,15,1,14,19,10,14,14,30,1,12,12,1,7,1,12,14,2,10,1,11,1,14,12,1,1,9,1,11,15,12,11,5,8,1,1,1,1,3,13,14,1,1,1,7,17,1,1,1,1,19,16,1,1,6,10,19,1,1,1,10,13,14,9,1,11,1,8,11,9,19,1,19,2,1,2,14,18,22,15,1,13,14,10,12,1,14,13,8,9,22,6,10,1,17,1,16,11,9,1,17,16,1,22,12,16,19,1,8,1,14,1,16,10,1,1,7,1,1,1,1,16,6,15,62,10,1,1,15,1,1,14,3,9,11,1,1,13,1,1,10,14,1,1,1,1,18,1,27,20,15,11,14,11,1,7,7,1,15,1,1,2,1,17,7,13,11,19,1,17,1,1,1,8,14,5,1,1,14,1,1,1,1,14,2,11,1,13,1,1,1,8,1,12,1,11,18,1,1,1,19,10,1,11,1,11,13,1,1,1,5,16,7,1,1,17,14,11,14,1,1,9,21,1,9,1,1,14,8,10,19,4,4,1,1,1,12,1,1,1,15,1,1,1,3,5,8,20,21,1,11,1,10,1,10,1,1,19,17,2,1,1,1,1,1,11,1,1,1,14,8,1,1,21,1,1,3,1,1,1,1,4,13,1,11,1,20,10,1,15,5,1,1,6,1,12,19,1,1,1,7,23,35,20,1,1,192,11,1,13,14,13,17,1,1,1,14,1,12,15,16,14,15,8,13,1,14,1,1,9,1,17,13,7,1,1,5,19,6,11,2,1,1,3,18,1,2,1,18,17,16,14,1,1,9,16,7,18,12,1,11,1,1,1,1,1,1,27,1,16,1,1,10,18,1,18,1,12,1,1,20,1,1,15,14,10,6,1,9,14,1,1,13,4,1,1,15,18,13,1,13,1,1,1,1,1,1,17,12,5,49,1,1,11,11,1,60,16,1,18,16,11,1,1,12,14,1,8,1,1,1,10,6,1,1,11,16,4,27,10,1,1,10,1,17,10,12,1,1,1,1,1,1,1,16,1,1,1,10,13,1,1,19,8,1,13,5,1,5,11,7,9,10,15,1,13,1,10,1,9,14,12,1,1,10,7,11,14,1,1,1,10,1,10,16,1,9,5,1,14,9,1,1,5,12,1,1,12,1,9,1,1,1,1,16,1,19,1,12,1,9,15,13,1,3,14,14,1,14,1,1,10,2,1,15,1,1,10,1,1,13,20,1,23,16,492,16,1,17,1,1,1,1,32,15,19,1,1,12,122,1,7,1,1,1,8,13,16,22,1,2,11,11,5,1,2,12,10,1,14,1,19,11,8,12,1,1,1,1,1,8,1,12,7,31,19,13,11,1,1,8,1,1,10,1,1,1,13,10,6,5,1,10,1,7,1,2,1,1,18,10,1,1,4,6,1,12,1,13,1,11,1,11,10,15,8,8,4,1,1,14,1,1,18,11,1,1,9,20,11,5,1,10,1,7,1,1,22,1,8,7,1,14,1,1,1,7,1,1,22,18,1,17,1,1,12,1,1,1,11,14,5,12,7,1,13,21,1,9,2,12,11,1,16,8,19,1,1,1,1,1,21,1,12,1,1,1,9,1,1,1,1,1,1,13,1,11115,14,1,1,6,23,14,1,39,10,1,13,7,1,12,17,1,10,1,1,1,9,15,18,12,10,1,1,10,1,13,17,1,11,1,1,1,17,23,12,1,29,1,17,1,6,13,1,3,1,43,14,7,1,1,3,7,12,1,9,1,18,1,1,1,1,12,1,1,11,16,15,2,1,2,14,1,16,17,1,16,11,18,1,1,1,1,1,10,19,11,11,12,14,1,8,6,1,17,1,1,1,1,16,1,1,8,39,14,17,3,25,15,1,1,11,24,1,17,17,12,12,1,2,14,19,1,9,1,10,15,1,1,1,5,1,10,7,6,8,11,15,1,1,20,11,20,1,8,78,1,16,1,17,16,1,1,20,10,8,1,8,16,1,12,1,1,1,12,1,1,1,1,7,12,2,11,12,11,18,16,17,6,1,1,1,28,1,4,12,1,11,1,1,1,1,1,1,1,1,16,23,16,12,1,1,15,12,1,8,1,17,13,15,1,1,15,1,1,1,1,1,8,9,103,1,1,14,1,1,10,1,14,297,1,1,16,12,4,13,15,15,1,27,1,12,1,1,11,1,1,2,5,1,2,11,11,1,11,14,1,1,1,1,1,1,1,1,1,1,1,6,1,1,13,9,13,1,11,1,13,13,1,1,18,15,3,1,1,12,1,18,15,14,7,12,11,1,10,12,1,14,12,15,1,1,1,11,11,1,1,6,15,1,17,1,1,16,10,3,1,1,7,3,1,10,15,10,1,15,19,1,10,30,1,7,1,1,17,2,13,1,13,8,1,11,9,12,17,9,440,6,6,17,1,16,21,15,1,9,1,5,1,9,3,1,20,12,9,17,13,1,11,1,15,1,9,9,12,18,10,1,1,1,13,23,1,11,10,13,7,7,24,1,10,16,1,6,1,1,1,14,4,1,1,16,22,3,87,7,7,1,1,20,1,9,1,13,10,1,1,1,11,7,9,2,1,12,1,13,13,13,1,1,10,1,1,12,20,1,17,7,1,27,8,19,23,9,1,4,1,14,5,12,10,14,17,1,1,10,1,1,1,1,7,16,1,6,11,14,7,1,20,1,1,4,11,1,13,11,8,24,1,1,1,1,1,1,6,3,17,17,8,1,12,1,16,9,7,3,1,13,18,15,13,14,12,5,13,1,1,11,32,1,1,5,1,1,11,1,32,1,7,4,9,23,1,11,2,1,9,4,14,15,1,9,9,9,1,1,12,1,1,1,1,1,1,1,1,1,1,1,15,2,12,1,1,14,13,1,14,8,2,10,1,1,1,1,53,19,1,11,15,10,2,1,2,1,1,14,1,100,13,1,16,1,22,15,1,15,7,16,1,11,1,14,1,24,2,16,4,1,1,1,1,1,20,4,1,7,1,1,1,13,1,8,1,13,1,15,18,1,18,1,9,1,1,1,2,1,19,15,11,17,1,1,1,7,1,4,1,2,1,16,2,1,9,14,18,1,1,12,1,9,34,16,1,6,11,1,1,1,14,9,1,1,2,12,11,6,1,1,9,1,14,3,23,1,11,7,12,1,27,14,17,20,13,11,1,1,12,8,15,1,15,11,15,1,11,1,1,21,9,1,4,10,1,11,11,1,1,9,1,9,8,12,1,15,1,1,4,22,16,1,1,11,9,21,13,14,14,1,1,6,2,8,12,4,1,9,48,1,1,1,17,6,14,1,1,64,1,1,1,1,8,1,1,1,1,4,2,1,1,18,11,3,1,1,11,6,1,11,1,12,1,16,12,10,1,1,1,1,16,10,15,1,12,1,1,1,12,34,1,9,20,1,1,1,9,13,1,1,12,1,1,13,1,6,6,7,1,47,1,1,21,12,1,1,8,1,1,8,13,1,1,10,12,8,13,1,1,19,92,2,1,1,12,1,10,24,1,8,30,10,14,5,1,1,1,1,1,5,18,9,11,1,12,1,5,28,1,1,21,1,1,1,7,1,1,1,10,14,13,14,1,14,1,16,19,10,6,1,1,9,8,9,1,10,1,16,13,13,4,6,15,9,19,1,1,23,19,1,15,18,1,11,1,11,1,1,13,9,1,8,1,2,1,23,7,12,1,1,11,17,13,1,1,9,8,12,3,1,1,8,1,1,1,15,13,17,16,14,14,21,17,1,1,1,1,1,15,1,1,1,4,21,1,1,16,1,10,1,15,1,1,16,6,15,6,1,1,12,19,11,1,1,1,1,1,1,1,1,1,10,1,1,1,6,1,1,1,1,1,1,2,9,1,1,10,1,13,13,4,16,13,17,3,14,12,16,1,10,23,1,21,5,1,1,1,1,10,11,13,1,1,1,1,1,6,1,16,16,1,1,1,8,1,1,16,4,1,2,1,1,1,20,1,14,83,1,9,18,1,10,1,1,8,14,1,1,13,4,1,1,12,18,1,1,15,1,2,1,15,10,1,15,9,1,7,16,11,1,14,1,1,1,22,1,1,1,8,10,3,1,16,10,23,3,14,10,1,1,1,17,1,1,1,1,9,1,9,1,9,21,5,12,1,13,11,8,8,12,1,1,1,2,1,1,11,1,2,8,12,1,1,12,1,1,1,12,7,17,1,1,13,1,2,8,15,11,16,1,1,10,51,1,1,1,1,14,1,1,1,22,1,17,11,17,1,13,1,19,8,1,1,1,14,1,11,15,12,11,1,11,1,17,11,10,16,1,1,1,1,1,10,1,1,1,1,1,25,3,9,9,12,1,8,10,5,14,18,19,13,1,1,11,14,15,1,14,8,24,1,1,11,7,1,20,1,4,16,4,10,1,1,1,13,1,14,10,1,14,1,8,11,1,1,25,11,25,15,2,31,18,18,7,14,1,1,12,14,152,1,8,9,13,1,1,13,2,13,1,1,12,1,13,1,1,1,1,10,13,1,14,11,12,15,9,7,9,6,1,20,10,6,1,15,1,1,17,3,1,1,7,5,12,12,203,10,8,11,18,1,1,1,9,1,15,4,1,17,1,1,20,1,12,35,15,1,1,21,25,14,1,2468,8,7,1,10,1,10,11,1,11,1,29,21,4,19,5,1,16,1,11,1,9,37,1,1,11,1,11,15,1,15,1,9,1,16,9,18,10,24,13,7,1,16,24,1,8,12,1,1,1,1,3,1,1,12,1,1,1,9,9,56,2,1,10,1,16,11,1,15,1,11,31,1,1,16,1,1,1,1,19,1,1,3,1,10,1,9,13,4,16,1,1,1,1,1,1,1,18,8,1,15,14,1,1,9,14,12,1,1,18,12,6,29,12,14,1,1,20,1,1,16,1,16,7,1,1,1,2,1,7,1,8,1,1,9,1,1,1,1,1,1,13,7,11,17,4,69,19,1,11,1,1,14,10,78,10,1,12,17,16,9,1,1,13,1,7,1,1,17,6,11,1,14,11,22,1,20,18,16,1,1,1,1,1,5,4,1,13,7,2,20,1,1,1,2,1,1,1,1,1,1,1,1,17,13,1,14,1,7,12,1,14,1,1,1,7,3,1,1,12,16,44,1,12,5,1,1,1,11,14,1,1,1,10,12,6,1,1,1,1,1,12,12,9,1,1,16,1,10,17,1,17,1,11,1,1,8,1,12,18,1,7,1,11,1,15,1,6,1,10,1,11,21,1,1,1,1,8,14,1,1,9,16,17,1,7,1,12,9,10,1,1,18,19,1,1,7,21,15,1,11,11,7,1,14,18,13,1,1,1,1,1,1,1,1,1,9,11,1,1,1,1,13,1,1,142,17,19,1,1,12,1,9,15,9,1,13,1,1,1,14,38,1,1,26,12,27,1,8,1,1,12,1,1,7,1,12,1,6,16,1,1,8,8,7,1,1,8,1,8,1,10,1,1,1,1,7,7,1,10,1,10,4,16,1,1,16,12,4,1,142,11,1,14,18,1,1,76,5,4,1,20,9,1,1,16,1,12,17,1,17,1,8,1,14,1,8,16,1,2,12,3,1,16,2,10,1,22,15,1,1,1,21,28,5,11,10,15,1,10,6,115,1,1,13,11,1,1,4,2,6,1,1,24,12,13,1,10,26,1,13,1,1,1,21,13,14,1,16,6,13,1,13,8,13,12,1,15,15,1,20,1,19,22,1,1,1,1,14,1,15,92,15,11,14,17,4,10,1,10,10,1,8,11,1,1,1,11,10,10,7,16,5,15,1,13,37,1,3,15,3,14,16,26,6,15,1,1,1,5,9,1,15,8,20,1,1,13,3,1,4,1,1,11,19,5,13,11,15,1,1,20,1,1,10,1,9,1,1,1,20,1,1,1,1,13,12,1,9,1,1,8,12,3,12,1,4,1,10,1,19,21,16,15,1,3,7,1,9,1,13,8,1,9,10,287,12,8,11,5,19,8,13,12,9,1,10,1,14,3,12,9,1,1,1,6,1,19,1,1,6,1,1,17,1,1,10,11,1,1,14,1,9,1,6,13,12,1,15,1,15,12,7,1,19,17,18,11,1,13,1,15,1,1,16,1,1,8,26,26,12,88,1,9,1,19,1,1,11,1,9,15,1,18,23,11,1,2,1,11,1,9,1,1,11,3,12,1,1,16,8,12,1,8,1,1,1,1,16,11,1,10,1,13,1,9,1,16,9,10,1,5,10,1,1,15,1,1,9,1,1,1,29,1,21,13,10,1,8,1,1,1,10,12,9,7,1,1,1,1,1,8,4,1,2,1,10,1,1,16,20,1,18,1,12,1,2,1,31,10,12,11,1,24,1,1,1,1,26,2,1,13,1,13,12,14,5,9,26,1,10,1,14,1,1,16,1,1,22,1,1,14,12,1,1,51,18,18,16,15,8,1,1,1,1,1,1,1,11,1,1,1,1,1,12,2,1,9,12,1,1,1,12,8,1,1,1,53,9,1,13,1,11,4,12,17,6,1,10,9,6,15,1,6,1,1,17,1,1,1,1,1,1,15,1,13,1,1,23,1,1,1,1,15,1,13,11,1,1,17,9,1,18,1,10,12,1,4,1,26,1,1,17,1,10,9,1,10,12,17,23,1,1,10,16,17,19,17,1,10,4,18,1,1,1,1,15,11,1,13,1,1,10,15,11,12,23,15,17,1,1,1,17,8,14,1,4,1,18,12,5,9,11,1,8,8,7,16,1,1,1,14,13,7,6,1,13,1,16,1,1,10,20,10,13,13,10,18,2,10,1,1,9,1,19,16,1,10,13,35,1,4,12,15,1,1,19,1,1,3,14,26,1,1,1,10,1,14,4,1,13,1,8,6,1,1,16,1,1,6,11,1,12,1,17,19,1,10,1,1,1,1,1,101,1,21,1,1,2,5,1,1,1,1,1,8,8,20,3,1,1,12,1,4,1,14,1,1,1,1,9,8,2,8,1,3,1,14,16,107,1,12,1,1,1,12,1,1,1,1,48,1,14,2,1,3,13,1,1,1,1,1,1,1,1,13,10,1,15,1,1,8,13,1,12,11,1,1,10,14,1,19,15,9,6,1,15,9,12,6,6,9,1,2,4,2,16,1,1,5,11,9,1,17,1,1,39,1,19,11,2,1,14,5,1,12,1,7,1,1,1,1,10,13,20,1,1,11,1,1,11,31,1,1,1,1,12,1,1,1,15,1,15,11,2,1,6,19,1,6,14,1,11,5,15,19,1,7,1,8,9,2,1,1,13,9,1,2,1,11,9,8,2,4,1,1,14,6,1,5,1,1,10,10,1,19,6,10,11,1,13,10,1,7,1,1,1,12,1,1,1,1,6,1,1,1,1,1,1,5,2,8,11,1,17,13,14,1,1,1,1,8,1,10,1,14,8,1,18,1,8,14,1,16,2,1,1,2,13,1,1,14,17,16,14,20,1,2,11,1,1,1,1,1,20,14,13,11,1,1,1,1,15,1,1,10,3,1,1,1,1,1,14,24,13,6,2,1,1,1,1,13,19,1,17,8,8,1,12,1,1,13,1,10,12,10,1,1,1,20,13,13,1,14,10,11,13,1,7,1,13,1,1,14,1,1,1,1,13,1,1,23,1,26,1,19,1,1,1,1,16,1,16,13,11,9,1,15,45,1,1,10,30,11,13,1,1,8,1,1,15,1,1,1,10,1,13,1,9,1,19,1,1,13,19,1,12,1,1,20,4,1,1,14,1,2,15,1,14,1,6,12,1,1,1,4,1,1,1,10,1,52,1,9,8,15,1,1,1,1,99,1,1,1,1,1,22,13,1,45,17,1,12,16,15,20,1,13,1,16,1,11,16,10,18,1,16,1,18,1,16,1,1,1,12,8,9,1,1,14,1,1,9,1,1,1,1,11,11,1,1,9,1,1,12,1,10,7,1,1,1,6,34,10,1,24,1,1,1,1,1,1,13,1,1,21,17,1,1,7,1,1,8,12,11,14,1,16,1,1,1,7,18,1,8,1,9,1,16,1,102,72,5,68,1,4,1,1,1,15,9,10,1,1,1,27,17,1,1,13,11,1,1,1,13,1,8,2,1,1,1,23,1,7,22,1,1,6,1,25,1,12,1,1,17,5,1,1,1,1,5,6,1,1,1,78,1,1,3,1,16,19,20,17,16,1,12,11,14,11,14,18,16,1,1,1,22,6,1,13,4,1,1,1,18,14,3,1,1,23,1,1,1,1,5,1,1,1,7,9,1,14,10,1,19,1,1,8,1,1,1,1,3,7,12,1,8,13,1,1,1,1,23,1,4,34,1,1,1,11,11,1,1,1,1,13,17,1,1,25,1,23,25,1,8,1,1,1,1,1,1,1,19,7,16,7,16,1,10,1,5,1,1,1,1,1,12,1,53,12,1,9,17,1,1,1,16,6,1,1,1,1,10,1,12,9,10,1,1,1,15,1,8,19,13,6,17,20,1,1,12,1,10,1,1,1,11,1,1,6,8,9,1,20,12,1,1,12,11,1,1,20,6,1,10,1,1,1,17,1,1,14,1,1,11,11,1,8,1,15,7,1,22,12,1,1,1,1,1,5,6,1,19,19,1,7,1,4,13,1,16,1,1,1,1,1,11,7,1,1,1,13,1,30,11,8,100,15,1,11,9,14,1,13,14,16,19,1,11,12,1,1,1,18,7,1,1,1,1,5,13,13,12,18,21,6,1,16,5,1,7,2,7,14,7,10,1,12,14,11,4,12,14,14,1,15,1,8,16,1,3,12,1,1,4,1,1,12,2,7,14,1,17,1,3,11,1,7,1,1,15,10,1,14,1,13,1,1,14,1,7,14,17,16,2,3,1,17,1,7,17,1,42,1,1,1,21,14,14,2,1,1,1,1,1,14,19,6,1,1,1,14,1,7,1,17,6,23,1,1,12,5,19,6,1,13,11,14,1,1,22,17,1,17,1,8,1,2,5,15,19,1,1,1,1,1,1,8,1,9,11,7,19,5,2,13,1,14,9,9,23,7,7,5,53,1,10,17,9,1,13,1,8,1,8,21,1,14,9,1,11,1,16,1,8,1,1,9,7,1,11,5,1,5,12,22,1,1,1,1,15,1,18,3,9,1,1,16,1,1,1,1,17,1,1,1,1,1,1,18,10,1,20,1,1,1,1,86,1,8,1,1,11,1,45,11,3,10,1,1,1,12,1,16,1,15,1,1,12,13,2,1,1,8,15,1,1,13,9,14,15,6,14,9,12,11,13,17,14,18,15,1,1,10,1,1,1,1,7,1,1,1,2,6,14,9,1,1,14,11,2,16,1,52,1,15,1,1,1,17,1,1,1,12,1,8,1,19,15,3,1,8,1,1,6,11,1,27,1,1,13,11,1,1,1,1,7,2,1,1,1,15,12,21,1,1,1,1,1,37,1,17,1,9,1,1,1,1,1,1,15,11,1,1,7,15,1,1,1,1,9,8,9,6,1,10,1,12,16,7,1,15,10,10,1,1,9,1,1,1,1,1,1,8,14,12,1,15,1,1,1,15,16,26,1,1,16,1,1,10,13,77,12,7,1,8,1,1,1,2,3,1,1,68,14,14,1,1,12,1,1,1,19,1,12,1,10,12,1,14,1,15,13,1,1,17,12,5,1,1,12,16,1,6,1,11,8,1,1,13,12,10,1,1,15,23,1,1,1,17,7,14,1,1,10,1,1,1,1,6,1,1,4,1,10,1,1,9,12,15,1,7,1,1,1,1,10,12,11,1,1,16,1,1,12,1,21,1,2,1,15,24,15,1,1,16,14,13,1,1,12,1,1,1,8,1,1,10,1,10,1,10,1,8,1,11,6,18,1,1,1,1,1,5,14,1,8,7,18,1,11,12,10,1,1,1,17,15,1,1,1,111,1,7,19,1,1,26,10,8,1,1,1,1,1,17,6,1,13,1,13,13,1,14,8,14,1,20,10,32,1,1,1,16,1,6,16,1,14,14,13,1,16,14,1,1,1,1,1,1,1,13,1,12,18,14,9,6,1,1,7,10,8,14,1,1,1,8,6,1,1,1,6,13,13,8,1,2,16,6,16,1,1,24,1,1,1,13,1,33,13,18,5,13,12,12,1,20,1,1,1,1,1,1,1,14,1,11,1,17,15,10,10,1,11,1,1,1,1,10,15,17,1,15,1,15,10,33,12,9,20,1,15,12,7,13,33,1,10,1,1,11,14,12,1,21,1,1,17,65,1,7,18,9,14,16,1,11,1,11,1,1,1,6,12,1,1,17,1,1,6,19,11,1,1,2,1,12,11,1,1,6,1,7,6,1,1,1,15,16,8,1,7,1,11,1,5,1,8,6,1,14,16,1,18,27,1,1,4,1,32,1,23,15,11,19,1,9,1,1,14,1,18,4,10,2,2,10,1,1,5,1,15,13,1,1,15,3,10,12,15,1,3,1,1,13,1,1,8,15,10,15,7,12,1,1,9,8,1,1,17,1,33,1,11,9,7,1,1,11,1,13,1,13,10,1,12,1,18,6,12,63,7,10,1,1,6,9,1,14,1,1,1,1,1,16,15,8,1,1,1,1,1,1,1,16,9,12,11,1,15,1,1,16,17,1,1,1,21,18,1,1,1,6,15,1,6,18,15,1,12,14,1,1,6,1,1,1,15,20,1,8,18,1,19,2,10,8,1,1,1,7,14,13,1,10,16,9,17,20,1,13,1,1,11,13,1,19,19,1,11,1,5,11,1,1,13,7,1,89,1,9,4,12,1,7,1,10,1,90,13,1,1,15,14,1,1,1,11,1,1,1,10,17,1,1,2,8,1,16,14,1,1,19,23,1,22,1,14,1,21,15,11,14,21,1,16,1,12,9,10,13,16,17,17,12,12,1,1,1,4,1,1,9,1,2,7,13,10,11,71,1,20,14,25,1,1,10,7,15,7,1,29,1,12,1,11,1,1,10,7,1,1,1,16,8,1,14,1,1,27,22,1,19,1,9,13,6,5,8,17,17,1,1,1,1,7,1,10,1,8,11,1,17,2,15,6,9,10,1,22,11,1,17,1,1,4,1,9,2,7,14,1,1,12,1,16,12,14,1,1,10,13,1,17,2,12,17,11,1,17,1,1,10,1,1,1,2,1,1,12,13,9,1,11,1,1,1,1,9,17,1,1,1,1,1,1,10,1,1,8,1,10,14,16,1,3,12,14,20,14,1,16,22,1,1,1,1,1,1,9,9,1,1,12,7,5,20,7,19,17,14,14,1,1,1,9,1,2,27,10,1,1,33,1,10,12,1,13,9,11,3,10,1,11,14,1,1,1,18,16,1,18,14,14,10,8,1,14,1,1,11,4,10,11,10,18,1,1,1,1,1,9,1,1,1,16,1,12,1,9,18,1,1,1,10,14,15,1,1,1,8,1,7,7,17,1,12,21,7,1,5,8,1,1,8,9,12,13,1,11,1,1,3,1,1,4,9,8,1,1,1,10,1,1,1,1,11,1,1,1,1,1,13,10,10,17,1,19,6,8,9,1,14,1,1,2,8,1,1,6,8,1,3,7,14,11,1,9,5,9,1,1,1,1,1,1,11,17,1,1,1,14,11,15,1,66,1,1,1,1,16,14,20,1,1,11,1,14,14,12,1,10,1,19,10,1,1,1,17,1,40,15,1,12,4,18,1,12,44,1,14,1,7,18,8,15,2,1,1,1,11,1,1,1,21,1,11,1,5,17,1,6,9,2,1,13,1,11,1,12,1,1,21,19,10,1,20,1,1,1,1,136,1,1,1,1,1,15,19,2,1,20,1,1,1,15,1,1,14,16,11,10,8,1,1,42,12,20,1,1,2,1,1,1,10,18,18,1,1,1,1,12,4,8,433,8,1,1,1,1,2,15,17,1,12,12,12,13,1,1,2,11,1,1,1,1,1,1,6,1,6,17,17,9,1,1,9,1,1,1,29,1,1,1,1,13,17,1,1,1,1,3,29,1,6,1,1,7,9,1,12,1,1,1,2,1,1,1,1,22,5,9,1,1,10,13,34,12,18,1,13,11,22,8,1,1,136,1,1,15,10,1,1,1,18,23,1,17,1,21,1,3,14,8,8,8,14,8,13,1,1,1,10,2,15,1,8,6,18,1,9,9,21,12,12,1,1,5,15,19,11,1,1,14,1,1,1,8,1,1,4,1,9,1,1,1,1,24,1,13,9,9,1,5,4,13,1,15,1,1,1,11,16,1,2,13,1,14,16,47,9,1,9,10,14,1,1,18,1,1,48,5,11,1,6,2,1,8,2,1,4,1,1,1,12,1,1,14,14,15,7,19,9,19,8,1,1,1,12,1,1,19,18,11,20,1,12,1,1,57,5,1,13,5,26,1,14,1,13,1,1,1,12,1,1,12,1,1,1,1,15,10,1,2,4,15,16,5,1,1,1,1,1,9,21,11,1,9,18,12,15,1,15,9,1,9,1,13,9,1,8,8,11,10,24,10,1,4,1,13,10,2,1,16,6,1,1,10,1,13,1,1,1,15,12,1,6,2,8,11,11,18,18,11,11,1,1,1,1,5,1,14,1,4,1,10,1,25,1,19,14,1,13,1,14,1,1,1,13,1,1,63,1,11,1,9,1,17,1,1,18,1,1,2,1,1,1,1,1,1,1,16,17,4,1,1,12,1,1,13,16,18,8,1,1,1,1,9,11,1,17,1,1,13,3,1,13,1,16,1,1,3,5,14,13,18,1,1,1,10,13,6,1,9,15,8,1,1,1,28,10,1,9,12,16,2,13,10,10,11,1,25,1,47,1,12,1,22,1,13,8,7,2,1,14,10,17,15,4,21,1,1,1,10,1,1,9,1,1,1,5,7,14,12,1,17,13,1,1,1,1,1,15,16,31,1,1,1,1,16,17,1,1,1,6,1,1,1,21,2,2,1,1,1,1,3,13,1,12,1,1,1,120,11,4,1,15,12,8,1,1,9,6,12,20,12,7,1,20,2,1,5,15,7,1,1,1,23,13,1,10,7,1,1,1,11,11,23,1,1,1,1,13,8,1,13,1,11,1,1,3,21,14,9,13,7,27,1,1,1,1,1,1,1,1,1,6,1,14,16,8,1,19,1,1,16,8,1,15,1,11,15,1,1,3,17,15,1,17,17,5,1,1,13,10,1,13,1,11,1,5,1,1,1,6,17,12,1,1,11,1,1,1,13,8,1,9,1,8,20,1,1,11,15,10,9,1,19,1,1,13,13,1,19,1,14,14,1,1,1,14,10,1,1,1,1,12,17,1,1,1,4759,1,14,15,1,21,2,1,1,13,14,1,1,31,1,1,21,1,18,24,13,1,1,1,1,12,1,1,16,1,1,16,1,13,1,5,1,1,2,20,1,1,2,7,11,1,1,11,1,15,1,12,20,9,11,1,11,1,1,9,1,1,18,1,71,11,14,8,12,12,10,1,15,13,23,1,6,13,1,1,1,1,9,16,1,8,13,10,12,14,1,1,17,1,1,9,1,1,1,1,1,1,1,11,7,14,15,12,8,10,15,9,1,17,1,1,1,12,2,1,13,1,15,29,1,1,13,1,17,17,19,1,1,1,9,11,14,15,18,1,12,17,1,15,10,30,7,1,9,19,1,1,13,1,11,1,7,1,1,1,10,1,12,8,1,13,1,1,9,1,10,1,1,1,10,23,18,1,1,9,1,3,7,1,2,17,1,1,7,6,8,1,6,8,1,18,1,1,10,1,1,1,1,15,1,14,1,1,1,1,1,7,1,11,1,12,7,1,1,1,7,1,10,6,10,26,1,27,14,1,1,9,10,1,12,1,1,13,13,1,21,1,9,18,1,1,1,1,1,8,18,1,9,7,1,1,2,6,14,11,1,16,10,1,14,16,32,13,1,14,1,1,1,1,6,8,10,11,1,1,18,1,6,12,8,1,1,1,1,9,1,1,13,1,21,11,1,16,16,24,14,7,1,5,1,1,12,4,8,1,1,1,1,11,1,1,1,12,1,19,16,3,13,12,1,1,1,1,22,8,14,10,1,1,3,1,51,8,27,1,1,17,1,1,13,8,7,15,15,1,3,13,1,11,1,10,1,1,1,1,10,1,18,11,11,1,12,13,1,1,9,12,1,1,1,10,11,1,12,8,1,1,1,14,13,1,1,1,12,1,1,11,8,1,1,1,21,8,1,5,10,6,14,1,9,1,10,1,13,1,15,1,1,1,14,8,1,1,9,94,5,1,1,11,14,1,16,14,1,1,11,1,9,8,1,17,1,24,12,8,1,8,15,1,1,1,6,1,1,17,13,12,1,1,15,18,1,8,7,16,2,1,1,1,5,14,12,1,1,19,1,1,19,11,14,13,1,15,5,20,10,8,11,20,1,15,1,1,43,8,12,1,6,11,1,1,1,1,1,1,7,1,7,14,3,1,1,13,1,9,12,1,1,6,1,1,16,1,6,9,14,1,1,10,30,16,1,7,10,17,15,13,10,11,2,1,1,5,12,1,16,1,1,11,2,5,1,1,14,13,11,1,9,4,1,11,1,4,7,28,1,14,14,6,1,13,10,16,22,1,1,14,15,1,1,6,22,9,1,1,12,11,20,7,4,7,11,10,1,16,1,1,1,16,14,1,11,18,24,1,16,5,14,14,11,52,1,1,13,1,15,12,13,13,12,1,11,9,1,5,3,10,1,1,1,1,1,1,1,1,17,13,2,1,1,16,22,1,13,19,7,1,1,1,1,1,1,11,16,15,1,11,1,1,7,15,20,1,1,1,1,68,1,11,12,9,1,9,1,1,1,1,1,12,5,73,1,11,1,5,1,1,1,15,1,51,11,16,1,3,1,2697,26,1,1,1,11,9,1,1,1,1,16,1,21,1,1,15,1,10,1,6,10,9,1,1,1,11,1,1,2,1,17,1,1,19,1,1,9,16,24,1,1,9,1,6,7,1,76,1,1,11,8,1,1,2,1,12,20,11,16,3,1,1,1,17,12,6,1,1,7,6,13,2,15,24,9,1,1,12,1,1,1,7,15,1,9,11,11,14,13,10,10,8,9,13,12,11,7,1,1,1,1190,1,14,6,1,1,1,10,1,1,1,1,14,1,4,1,1,12,1,13,2,1,1,12,1,8,13,1,10,19,9,11,1,6,1,1,1,1,1,10,1,9,4,8,1,1,1,6,13,1,1,12,1,10,14,18,1,1,9,16,1,10,7,8,17,11,15,14,9,1,15,1,1,1,67,1,12,11,1,1,18,10,1,1,1,1,1,1,1,1,16,14,6,16,1,1,1,12,22,8,25,8,10,20,1,1,1,1,1,14,7,4,17,6,1,1,11,12,20,1,1,14,1,14,10,16,1,14,1,1,12,9,1,12,1,10,9,9,1,1,1,1,1,9,1,14,1,13,22,11,12,1,12,12,1,9,14,11,17,5,14,14,9,1,1,1,18,15,12,8,11,1,12,15,11,17,1,1,12,10,10,12,1,1,17,1,1,1,1,9,97,1,1,12,1,19,2,14,17,41,1,1,21,1,5,1,1,1,1,5,7,1,1,6,1,17,1,20,5,1,1,4,1,2,1,8,1,18,1,1,4,1,3,1,1,2,1,1,1,1,1,1,1,10,1,6,1,15,9,1,13,8,16,18,12,1,1,1,1,1,1,1,1,1,1,8,14,1,1,1,14,2,11,12,1,9,12,16,25,1,1,8,2,10,1,1,1,5,21,14,87,1,5,17,7,16,1,1,11,1,1,1,1,1,7,75,8,1,1,12,19,13,7,1,16,7,1,1,1,1,1,24,1,10,3,2,17,1,1,18,11,2,7,11,17,1,1,1,14,9,1,17,16,1,1,1,2,6,14,1,16,18,3,1,24,1,15,111,1,4,1,1,22,1,1,1,1,20,11,14,1,6,18,1,1,108,14,13,1,1,8,1,21,1,1,1,2,1,7,145,14,1,1,9,1,16,1,1,11,17,7,1,1,1,6,15,10,6,15,1,13,1,13,12,2,12,11,1,10,10,2,6,18,6,15,1,1,1,1,1,1,2,4,1,20,12,12,11,5,1,1,8,12,14,4,12,10,13,1,4,17,10,13,1,1,9,18,9,1,9,11,30,18,11,34,1,1,73,1,1,1,1,15,1,1,4,1,14,1,1,3,16,8,15,12,1,1,1,1,1,11,7,15,1,1,17,22,1,11,238,13,18,1,1,8,13,1,1,1,15,1,8,12,18,12,1,9,10,1,14,60,9,8,10,1,1,1,8,1,1,22,1,15,9,1,1,7,1,1,12,1,14,9,9,2,1,15,1,1,9,1,21,19,16,1,13,12,3,1,12,1,10,3,1,1,23,1,18,1,1,10,1,15,18,11,1,6,14,22,1,1,1,8,8,1,14,10,1,1,1,1,7,1,21,1,11,16,11,1,1,14,14,14,2,1,10,1,1,1,12,1,2,13,10,10,1,1,10,18,13,1,5,1,18,1,16,15,1,11,16,20,1,11,1,1,1,8,1,18,15,1,12,1,1,1,1,1,1,11,1,7,1,1,7,14,1,12,1,1,15,1,9,1,9,65,1,5,11,7,13,2,1,1,1,8,1,1,1,17,1,1,14,27,6,1,24,1,1,15,8,1,1,4,1,1,1,1,1,1,1,1,1,2,1,10,19,1,14,1,16,1,1,1,21,1,17,13,1,1,15,1,1,1,1,1,1,1,1,26,1,11,20,12,12,1,1,1,1,7,9,17,1,1,1,14,7,1,23,13,15,4,1,17,21,12,11,1,6,18,1,1,1,9,16,32,1,1,11,8,11,1,18,1,11,1,15,1,1,1,2,1,1,1,1,14,1,1,1,15,1,1,13,76,11,15,12,1,9,11,1,10,1,14,14,15,1,11,1,1,17,14,1,3,14,45,9,1,12,1,16,1,11,10,1,1,12,1,1,1,1,15,16,16,9,3,1,2,1,1,48,1,6,12,1,1,1,20,12,1,1,11,1,1,1,1,6,19,9,1,10,1,13,1,1,17,1,14,11,10,12,8,1,19,2,1,7,7,1,1,1,7,1,3,1,8,1,2,53,16,1,1,1,1,6,1,1,18,22,13,1,1,13,1,11,19,5,1,10,13,1,8,7,29,7,12,1,1,3,9,1,13,1,1,14,1,18,1,10,1,9,8,8,1,1,1,1,20,17,1,7,1,1,1,1,11,1,1,1,13,11,1,14,14,10,7,14,1,1,11,1,11,1,1,9,1,12,1,11,5,10,12,19,1,30,10,1,12,18,1,1,20,20,12,1,1,7,7,12,10,7,1,13,1,1,15,1,1,1,1,10,1,19,1,3,12,16,10,3,15,8,1,1,6,81,11,11,1,12,1,3,4,1,7,3,15,5,6,1,1,1,1,14,1,1,1,1,13,1,1,71,11,2,14,1,2,1,5,17,17,15,5,1,1,12,1,10,7,1,1,1,7,2,12,12,17,25,17,13,1,10,1,13,1,6,15,1,1,1,15,3,9,5,1,1,1,1,2,1,1,1,1,13,9,10,17,1,2,1,1,7,8,5,1,13,16,9,55,6,41,1,13,1,18,5,13,1,7,16,12,1,2,8,1,16,1,1,17,1,17,1,1,13,9,1,1,1,17,1,1,1,10,3,11,1,5,8,13,1,21,1,1,1,1,1,1,1,1,1,13,3,18,19,8,8,1,18,1,39,2,1,10,1,1,14,5,1,7,1,14,22,13,1,1,1,6,4,18,12,1,1,1,1,7,1,11,1,1,1,3,1,1,1,1,1,8,1,1,1,8,1,15,1,1,3,1,1,13,13,5,17,1,13,11,1,1,1,1,1,1,15,1,30,2,1,18,6,1,1,20,1,94,1,1,6,4,17,1,12,2,1,14,10,21,1,1,1,13,1,1,1,1,10,13,10,100,1,1,1,1,35,12,1,1,4,14,11,1,1,1,11,8,1,1,1,14,1,1,20,1,1,14,13,7,1,1,15,8,22,15,1,1,1,13,12,11,15,1,1,1,13,9,13,16,22,1,9,9,1,1,1,1,16,15,17,1,3389,8,1,14,1,13,8,1,2,1,1,20,7,1,9,1,12,3,1,1,1,1,9,10,17,13,1,1,1,1,1,1,1,1,1,29,20,5,12,12,1,4,1,1,20,5,1,1,1,4,10,12,13,10,12,1,1,1,1,1,26,15,1,7,1,19,14,2,15,19,4,18,1,16,15,1,25,22,1,10,15,7,14,10,1,1,1,1,1,12,22,1,3,14,2,1,15,21,18,1,15,14,16,9,1,1,1,6,16,9,4,1,1,11,9,1,14,16,1,12,1,1,6,6,1,1,14,5,1,7,1,1,1,4,7,1,13,15,1,12,8,1,1,1,1,1,10,21,1,1,16,1,13,1,1,1,14,8,12,1,1,26,13,16,17,1,1,1,18,66,4,1,1,8,10,11,13,1,1,1,1,19,1,1,18,10,1,1,13,1,1,1,11,6,1,1,8,1,16,1,1,2,1,6,9,10,11,16,1,1,1,1,11,1,18,1,1,1,6,1,2,1,17,2,19,6,1,9,11,17,8,1,10,1,1,9,18,1,12,12,5,3,1,10,1,1,9,2,11,1,16,1,1,12,4,1,1,1,1,10,1,11,3,1,1,3,25,7,39,1,12,3,8,1,1,1,1,13,14,16,13,1,17,20,2,10,22,4,13,17,18,1,10,13,1,14,20,16,8,1,2,17,1,1,15,25,6,1,11,1,24,15,24,1,1,1,3,18,1,19,1,1,1,1,16,1,15,10,1,15,1,1,15,17,16,13,23,1,8,9,1,15,1,14,14,6,13,1,13,1,1,16,10,8,14,42,8,1,4,1,1,1,14,1,1,1,1,1,1,1,1,1,1,1,1,1,1,1,1,16,1,1,1,1,1,1,16,1,8,1,1,10,1,1,13,6,18,1,1,10,11,17,14,11,1,13,1,1,1,14,1,16,1,1,1,1,1,1,12,1,12,1,1,16,1,32,1,1,1,1,7,1,1,1,1,13,1,1,15,1,1,1,2,1,18,1,1,4,1,1,1,1,2,9,1,9,1,14,1,10,16,1,1,1,1,8,1,8,1,11,11,1,1,1,6,15,18,16,1,7,17,20,1,16,1,1,9,1,1,23,14,1,12,11,10,18,1,11,11,1,10,25,18,6,13,1,1,1,1,17,1,7,1,26,4,1,8,1,1,11,1,1,1,1,18,18,23,6,1,9,2,8,1,1,5,1,2,1,1,1,1,14,14,1,14,9,22,17,1,1,1,24,15,1,1,9,1,21,1,13,8,7,1,1,1,1,14,76,7,1,17,1,6,1,1,2,2,5,1,14,16,20,10,11,5,4,1,4,13,10,7,1,10,1,8,14,13,10,12,1,4,8,20,1,1,1,8,7,12,12,24,11,7,1,1,1,11,19,1,1,1,6,10,1,11,12,9,1,1,10,14,1,11,15,1,1,1,1,1,1,2,9,1,3,18,9,3,5,1,18,12,18,1,15,1,1,1,12,1,11,1,7,8,1,14,14,1,1,1,1,1,6,21,7,111,13,15,1,1,6,1,1,2,15,9,14,9,23,1,1,22,13,1,10,1,1,12,1,17,1,13,1,1,18,14,8,1,7,3,20,18,2,13,1,1,1,1,4,15,14,1,1,16,12,34,1,18,9,1,1,15,14,10,8,1,1,1,1,20,15,1,13,1,10,3,1,9,9,8,1,1,1,1,47,1,1,9,7,1,1,2,1,9,20,12,16,11,1,1,18,20,1,5,1,1,2,15,15,17,9,1,1,16,11,50,1,11,13,1,1,1,8,8,15,16,1,1,1,1,16,1,1,1,1,1,11,7,1,20,1,14,8,1,1,1,1,1,1,1,1,13,1,1,1,1,1,1,1,1,1,1,1,11,13,16,17,12,1,1,1,1,1,10,10,17,21,1,13,1,13,17,1,11,12,16,1,11,1,6,1,1,12,22,19,7,1,18,1,1,9,14,15,6,1,9,1,21,8,13,8,9,10,1,20,12,3,51,6,5,12,9,10,8,1,8,1,1,1,30,11,1,15,20,1,16,13,1,15,1,8,1,17,20,5,13,17,25,1,1,14,8,1,13,8,1,1,19,1,1,1,13,1,8,1,1,15,1,1,21,1,20,1,8,1,1,19,9,13,6,29,488,20,1,20,1,1,31,1,1,1,13,1,10,1,5,2,1,3,1,1,1,5,15,15,13,1,1,12,9,24,1,11,1,1,1,1,17,9,1,14,1,1,1,11,5,1,12,1,7,13,1,14,1,1,1,12,2,12,18,16,1,5,1,1,12,7,1,8,5,13,1,1,11,1,5,18,1,13,15,1,1,1,12,1,8,1,1,13,1,18,8,1,1,2,1,1,19,1,12,16,10,1,9,8,18,1,13,1,21,17,1,1,1,1,11,5,1,1,1,13,5,1,18,9,1,2,1,1,1,1,13,6,1,1,14,18,5,1,18,2,17,6,8,1,12,12,1,1,14,1,9,1,1,42,10,1,1,19,13,1,18,15,1,2,1,16,1,14,16,10,28,8,1,20,2,90,1,1,18,18,1,1,1,17,15,1,18,15,1,12,1,12,1,1,6,1,1,2,6,1,1,7,1,19,18,1,13,9,17,1,1,20,7,1,1,1,1,13,1,16,1,13,14,1,9,11,30,10,8,1,1,2,1,8,1,14,1,1,26,8,19,12,15,1,1,1,1,20,5,1,11,15,8,13,1,16,10,1,14,11,1,8,19,21,17,1,10,1,1,13,17,13,1,8,1,1,1,10,13,1,16,1,6,1,3,2,1,1,1,1,1,1,1,1,1,1,1,18,24,1,15,59,1,1,2,18,1,12,27,16,12,1,17,10,10,8,10,9,1,2,1,2,1,1,7,17,9,17,1,1,12,13,1,1,14,11,4,20,9,6,18,10,1,1,1,9,1,8,1,11,1,12,1,1,33,12,11,1,14,1,1,1,1,17,9,13,1,1,1,11,8,1,1,4,65,6,12,12,1,1,1,4,1,2,10,1,16,13,13,19,11,1,17,14,1,1,2,1,14,10,1,1,9,2,9,1,1,10,1,13,1,10,11,1,1,1,10,1,1,1,1,22,1,1,1,1,1,1,9,14,17,13,1,1,13,1,1,1,1,9,15,18,3,1,11,1,18,1,20,7,11,21,1,20,4,1,1,20,1,24,2,2,1,1,1,11,6,1,15,1,1,1,7,1,1,1,1,1,22,17,1,15,1,1,16,1,1,13,8,8,8,14,5,1,1,1,1,1,27,15,1,1,1,1,1,17,4,1,1,1,14,1,17,1,3,1,11,9,15,1,9,15,18,15,15,1,19,1,1,1,16,1,18,1,10,1,1,10,1,17,1,1,1,11,1,2,5,1,1,14,11,9,1,9,15,9,1,13,1,1,2,12,17,4,15,22,15,7,1,9,14,1,1,12,1,1,15,1,4,10,131,1,1,11,10,16,15,1,29,7,19,5,13,1,1,12,10,1,2,646,1,21,11,11,1,15,1,1,18,1,22,18,17,1,1,1,1,1,14,32,20,1,12,12,1,1,10,22,1,2,14,109,1,14,1,1,14,1,8,17,18,17,14,1,18,1,1,2,13,1,1,9,6,15,1,3,1,1,18,13,1,14,1,11,10,12,14,1,1,1,1,1,1,1,11,1,1,15,1,1,26,16,5,9,1,1,10,13,14,1,10,1,1,9,1,12,1,1,1,1,1,11,1,25,1,1,1,17,1,1,19,1,13,8,1,1,8,1,59,1,1,1,1,12,10,1,1,1,16,1,10,12,60,1,1,13,20,3,17,10,9,17,16,1,1,13,1,6,1,1,5,1,2,1,13,1,1,1,1,1,10,6,1,14,1,1,2,17,1,1,1,1,1,11,23,15,3,71,10,36,11,15,11,17,1,1,1,16,10,1,1,1,1,1,10,8,1,1,8,17,10,10,10,22,6,1,24,1,1,1,1,12,29,1,36,1,1,1,1,1,12,3,7,8,1,16,1,1,8,7,1,1,5,5,1,17,1,13,10,14,9,1,10,1,1,1,1,1,14,1,1,1,1,1,7,11,1,1,4,18,9,1,1,6,15,1,1,14,1,13,1,1,10,20,9,1,1,1,1,13,1,20,1,1,8,7,21,1,10,19,1,1,13,2,1,1,1,1,18,1,1,1,1,1,1,1,15,1,11,1,12,11,15,6,1,1,19,1,1,1,1,8,6,12,1,1,7,3,18,13,16,1,1,1,10,1,8,32,9,10,40,2,1,14,7,1,10,11,5,13,13,8,1,1,1,1,9,1,1,10,1,1,10,9,1,2,16,25,1,1,1,28,14,1,1,7,8,1,1,9,1,9,13,1,17,351,13,1,12,12,8,21,13,1,17,31,1,1,2,71,11,1,1,1,3,8,1,1,15,1,13,1,1,10,13,11,1,13,4,1,1,1,15,15,18,1,1,16,1,15,8,12,14,1,1,1,15,9,47,9,7,16,1,1,7,11,12,1,6,9,14,29,1,1,1,16,8,14,1,17,7,5,1,1,1,12,5,51,1,12,12,96,1,11,13,11,1,12,1,1,1,2,12,1,12,16,1,10,24,1,1,13,1,5,11,11,16,1,1,1,2,10,1,1,11,1,12,22,1,1,5,1,1,1,8,1,1,1,1,8,1,13,8,1,1,7,1,4,1,1,17,13,14,12,12,14,1,10,1,1,14,1,1,9,1,1,20,16,1,23,1,13,1,1,2,7,2,20,9,4,1,7,1,8,9,18,10,1,6,14,12,106,1,28,1,6,1,1,1,1,13,1,13,73,1,1,672,6,1,1,16,1,1,9,5,1,9,1,1,10,1,12,1,11,2,1,22,1,2,11,30,1,1,17,9,1,20,1,1,1,10,1,1,1,5,12,10,16,14,1,1,2,1,1,15,1,1,14,15,11,11,13,16,1,1,3,8,1,5,1,11,21,1,15,14,1,2,18,13,12,13,13,11,91,1,10,14,2,8,13,2,10,1,1,15,1,16,6,1,1,1,14,1,10,14,8,1,13,1,1,1,1,1,8,1,10,11,14,12,1,1,12,1,1,28,1,9,1,1,11,8,1,1,17,1,1,1,1,25,103,1,9,15,1,1,1,9,1,13,14,1,9,51,13,1,1,1,1,6,22,13,11,1,13,1,4,1,1,14,1,1,1,2,1,1,1,26,1,1,14,10,1,1,1,9,1,1,10,1,17,2,9,1,1,1,9,1,1,1,14,25,1,1,1,14,9,1,1,1,20,9,7,1,18,1,1,8,10,1,1,10,1,1,14,1,1,19,1,14,1,1,4,17,19,10,21,16,11,14,1,11,12,6,17,12,1,1,1,1,11,13,11,1,12,1,11,15,1,17,1,1,4,1,1,1,13,1,6,12,22,1,1,1,16,13,17,16,8,11,2,1,1,1,1,2,1,1,1,1,8,1,9,14,25,1,1,1,9,8,1,1,24,15,1,13,5,1,14,10,11,1,13,1,1,7,1,8,12,8,1,1,24,11,29,11,1,1,1,1,2,23,10,7,10,12,1,17,1,14,13,6,14,1,1,1,1,9,17,1,1,8,13,20,1,11,10,17,1,1,16,1,5,1,1,4,1,1,9,1,9,17,1,15,1,1,1,11,1,1,1,1,10,1,1,11,1,1,17,1,8,15,14,11,1,1,14,21,1,1,12,1,1,156,1,1,1,11,1,26,13,11,1,21,4,13,20,1,28,1,1,12,19,13,1,1,1,1,11,1,12,7,15,10,5,13,12,12,7,13,12,9,14,5,1,7,1,4,1,12,1,17,2,19,1,2,1,1,9,15,1,2,11,112,1,1,19,13,1,13,1,14,3,1,9,12,6,1,1,20,1,30,1,12,3,17,1,12,12,20,1,1,17,8,12,5,1,11,14,7,9,15,1,15,1,6,17,2,1,19,20,1,1,23,1,1,1,19,93,1,1,1,1,9,9,1,1,14,1,1,15,1,1,1,8,1,2,10,6,1,1,1,1,1,11,1,16,22,1,1,1,1,1,1,1,17,1,4,18,1,1,1,1,7,5,10,3,1,12,6,1,13,16,12,13,21,7,1,1,14,11,9,10,13,1,13,7,10,15,12,1,1,10,31,1,80,6,8,44,13,11,13,25,1,40,1,6,2,10,1,1,21,13,10,17,14,14,1,1,1,18,32,13,9,1,1,1,1,11,1,13,12,9,11,1,1,1,1,1,2,19,33,1,13,8,11,1,1,1,15,1,8,15,1,2,1,4,3,1,7,1,1,11,1,6,10,1,1,1,10,1,16,1,15,1,1,7,1,1,1,18,1,1,1,14,1,1,19,4,10,11,13,15,2,2,1,1,17,1,1,1,1,17,13,1,1,7,1,11,1,1,1,1,1,11,4,24,6,1,10,8,10,1,1,1,1,14,1,1,1,2,8,1,9,1,1,1,17,1,1,1,17,11,13,13,13,15,1,1,1,1,1,9,1,10,9,9,1,27,1,1,14,8,13,1,17,12,1,1,5,18,426,1,1,1,18,1,9,1,1,28,1,8,1,1,1,1,1,1,1,1,1,1,11,1,1,9,10,1,1,9,1,1,1,15,1,1,1,7,1,18,1,12,52,1,1,1,1,1,1,1,1,1,1,1,1,16,1,1,1,1,1,14,3,121,1,15,13,7,1,1,1,1,1,22,1,12,17,16,1,1,23,1,9,5,1,1,1,1,7,1,1,28,8,1,1,1,18,1,1,1,10,1,1,14,1,1,1,8,1,1,7,17,14,1,7,24,1,17,1,1,8,11,16,8,1,1,6,12,14,1,1,16,1,13,18,23,1,1,9,19,1,1,10,13,1,1,1,16,1,1,8,18,1,14,1,9,18,10,1,10,12,1,1,1,8,1,1,9,14,1,2,15,14,1,7,1,1,1,1,1,56,16,1,1,1,11,1,27,13,1,1,11,11,27,1,1,1,18,16,1,9,18,67,14,10,9,5,19,1,1,6,7,21,19,1,6,14,1,2,2,1,1,20,16,1,1,2,1,13,1,1,1,1,17,13,14,1,11,1,1,15,1,11,13,1,1,1,12,13,11,1,15,19,1,15,16,1,1,13,1,1,15,29,1,1,1,16,1,17,1,1,4,1,1,14,1,6,1,1,12,1,15,4,15,1,1,14,1,1,1,7,9,1,1,15,18,1,4,1,14,1,1,1,1,13,12,14,5,13,1,1,1,1,1,1,10,19,1,9,16,9,15,1,1,115,1,1,12,11,11,1,7,1,13,18,1,11,9,17,8,1,17,14,13,1,10,1,1,1,21,14,1,1,18,1,10,10,1,1,1,1,1,1,1,5,1,6,1,11,1,1,16,1,20,10,1,13,10,7,2,11,13,10,1,1,13,1,1,8,1,1,1,14,11,10,1,1,1,1,12,26,14,7,1,14,1,1,1,15,1,1,18,1,1,16,1,1,9,8,1,13,12,7,13,11,1,16,1,5,13,1,3,1,1,13,1,16,12,24,11,319,29,3,1,1,1,12,9,9,20,8,7,1,18,24,1,10,1,5,1,2,20,7,12,1,9,17,8,7,12,6,15,1,10,14,9,1,11,1,13,16,1,17,4,25,1,14,9,1,1,2,1,1,20,1,1,8,1,13,1,1,2,1,4,8,1,1,10,92,1,1,1,1,11,4,10,15,3,10,1,8,1,17,1,1,12,1,15,3,1,11,1,13,1,1,1,1,33,12,1,9,1,6,14,11,1,1,8,1,12,1,12,10,1,1,14,1,14,1,14,1,1,17,11,2,21,13,12,8,1,8,6,9,50,1,1,15,1,1,1,25,13,14,1,1,1,10,14,16,1,9,1,16,20,1,24,17,7,17,5,1,15,1,14,1,1,1,1,16,11,7,1,22,19,1,11,1,1,1,1,17,1,1,12,1,1,4,12,1,1,12,15,1,1,10,9,42,1,3,18,11,11,9,1,11,13,11,10,1,19,1,1,12,1,1,1,10,1,1,1,7,92,11,2,9,1,1,1,1,1,13,1,24,1,16,1,10,1,1,1,1,7,9,1,17,1,13,10,1,1,1,1,20,1,1,9,16,14,12,10,1,1,18,1,1,13,18,11,1,14,1,8,11,26,1,1,1,12,1,1,1,19,1,10,9,17,13,11,1,1,6,13,15,1,7,1,1,18,12,1,20,14,7,17,1,9,6,1,1,9,1,9,5,15,14,1,1,1,1,1,11,18,13,1,15,12,1,1,21,13,1,13,1,1,15,92,1,12,11,1,5,14,1,8,7,16,10,1,16,18,1,20,17,10,16,1,1,12,1,1,1,1,6,1,13,8,1,17,3,1,1,2,18,12,1,11,20,1,1,11,1,1,12,11,1,6,13,12,1,1,1,1,10,1,1,4,1,21,16,1,17,6,1,1,11,1,1,1,3,9,1,1,1,30,15,1,1,1,11,14,1,13,13,1,1,1,1,1,1,9,21,18,14,1,1,1,12,10,16,8,11,1,25,12,1,1,8,1,5,1,1,6,16,1,1,11,10,1,1,1,16,11,17,7,1,3,1,12,1,27,1,19,1,1,7,31,8,14,1,1,11,1,1,1,1,2,17,1,2,13,1,15,1,1,5,1,10,1,1,11,5,1,9,15,10,18,9,1,1,23,1,1,1,3,11,8,10,10,9,1,15,9,1,12,34,1,1,1,1,1,1,12,1,15,1,1,12,9,1,2,1,1,16,1,1,16,1,1,16,1,1,1,13,1,1,20,1,1,13,11,1,1,6,2,7,13,14,1,1,7,1,10,11,1,1,8,1,15,16,15,15,5,1,1,1,1,1,18,16,1,18,7,1,3,1,1,150,1,1,2,14,8,15,1,1,1,1,11,21,15,8,18,1,6,8,1,1,18,1,1,7,7,12,1,1,13,95,1,1,10,1,1,1,9,13,18,7,1,1,7,1,3,20,7,1,5,18,51,9,17,12,12,1,1,1,1,1,32,1,1,8,1,21,4,1,7,1,1,1,1,1,1,15,9,1,1,1,1,1,7,1,13,1,1,11,1,1,17,14,1,1,4,1,1,11,6,16,24,13,18,11,1,1,13,5,18,1,15,1,1,1,9,6,14,10,1,1,12,11,1,1,1,1,1,15,1,1,1,9,1,1,13,1,8,18,11,21,94,1,1,1,19,13,1,13,1,5,11,18,1,1,18,12,1,34,8,16,41,13,1,10,12,12,1,1,1,1,1,1,2,12,15,1,15,1,1,14,1,64,1,34,12,15,1,13,1,1,1,10,1,1,1,12,13,12,1,15,1,13,9,4,7,1,12,10,1,8,1,1,10,11,1,9,1,7,8,11,16,16,14,1,1,14,13,12,13,1,1,1,19,1,2,1,3,1,17,30,1,1,12,9,15,1,32,1,73,1,1,17,1,1,15,11,1,1,1,1,8,1,1,1,1,1,11,10,1,11,10,9,1,13,1,1,1,1,11,1,1,7,14,1,1,25,19,2,1,1,1,8,1,12,16,1,1,21,7,1,7,7,1,7,12,1,11,11,1,28,11,1,1,8,1,7,19,1,22,12,10,16,13,10,6,5,1,53,1,19,11,11,1,13,10,1,19,11,1,11,26,20,13,1,16,14,1,20,1,11,11,9,17,4,12,1,17,12,19,6,1,1,1,1,1,15,12,13,14,17,1,10,92,9,7,11,10,7,15,13,9,18,1,1,15,9,1,1,1,1,1,1,16,1,12,15,1,16,1,1,1,2,14,1,1,1,1,1,1,1,1,1,14,1,1,8,1,8,16,1,1,1,1,1,15,1,1,17,1,8,10,1,1,1,1,2,1,13,1,16,1,2,1,1,1,1,1,1,19,13,12,2,1,11,7,10,1,1,1,1,1,16,2,81,20,12,1,13,15,12,1,17,1,1,10,1,16,1,11,1,13,2,10,1,17,25,11,14,6,19,1,3,27,1,7,1,1,1,12,1,8,7,16,7,6,9,1,1,1,8,20,21,1,1,1,1,1,2,1,1,16,11,28,10,1,1,1,1,14,6,1,19,19,17,1,1,1,3,8,16,1,1,8,1,4,1,2,1,1,1,8,13,18,12,1,8,1,9,7,12,10,1,5,1,1,1,1,14,19,1,1,1,1,1,9,20,3,14,1,1,1,14,11,1,6,8,1,13,12,1,10,1,13,12,1,1,8,15,1,1,7,7,1,6,1,10,1,17,13,1,1,7,14,1,1,1,1,16,20,1,6,4,6,9,23,10,13,1,2,1,1,18,10,15,11,1,1,1,1,1,1,13,1,12,9,5,16,17,1,11,58,1,12,1,1,1,15,1,12,14,17,10,11,3,1,12,6,9,1,13,10,1,9,1,14,2,1,7,20,12,1,14,1,1,1,19,6,14,2,12,1,8,1,1,26,11,7,1,7,12,9,1,1,1,1,7,1,1,1,13,9,15,1,19,15,9,12,1,10,17,83,1,1,13,14,18,1,1,12,1,12,1,11,12,1,1,14,13,25,8,9,1,1,1,6,2,14,1,1,20,1,1,1,20,13,14,17,5,15,6,12,1,12,8,13,11,1,1,1,1,2,14,10,1,1,1,11,1,9,10,1,10,1,8,15,1,1,5,1,77,18,25,10,17,10,1,11,1,2,1,1,1,1,8,1,7,2,7,13,5,1,13,1,23,1,15,11,6,6,15,9,1,1,1,13,2,6,1,17,1,1,1,1,11,18,1,2,16,8,1,1,2,1,1,1,18,1,2,1,18,9,20,1,1,1,1,1,3,3,4,1,11,1,7,10,1,5,7,1,1,1,8,1,1,12,1,14,1,1,15,13,1,1,12,1,11,12,8,14,1,13,1,2,13,12,9,13,1,1,1,2,12,10,12,14,12,14,13,1,1,1,1,7,7,11,1,1,1,1,8,1,14,1,32,1,1,22,1,9,1,1,1,1,2,1,18,9,11,14,1,3,6,20,16,1,1,1,1,14,7,4,21,1,1,1,9,18,14,24,1,1,17,1,1,1,1,1,4,12,8,6,18,1,1,12,20,1,1,8,8,15,9,1,1,1,1,1,1,8,6,13,12,20,1,1,1,17,1,1,1,1,1,13,45,10,25,1,13,13,13,4,12,16,5,20,13,16,1,1,10,1,1,1,1,1,16,1,27,1,1,8,18,1,1,14,7,1,15,13,9,14,1,9,14,13,10,13,6,1,12,8,7,9,1,10,13,25,1,12,8,13,12,1,1,8,1,1,1,18,12,1,7,8,17,1,1,16,20,8,1,1,13,13,1,1,77,8,13,9,1,1,1,13,1,1,12,6,1,1,15,2,1,17,1,11,1,8,1,1,22,1,6,8,26,20,13,14,1,1,1,19,11,1,14,1,3,18,1,1,1,1,1,1,15,1,5,1,1,1,1,12,11,1,1,1,11,1,5,17,1,1,1,15,1,5,51,16,55,5,1,2,10,1,3,1,2,20,1,8,13,1,1,11,1,17,9,1,1,14,11,1,1,1,22,10,1,33,1,1,1,1,10,1,5,1,12,8,1,55,6,1,1,13,1,6,9,14,20,1,1,1,1,26,6,16,12,14,8,10,11,24,1,21,1,11,16,1,18,15,21,13,16,2,1,9,1,1,1,15,1,15,11,16,1,19,12,12,1,1,24,12,1,14,10,1,1,7,12,16,17,13,1,1,1,15,2,11,1,8,3,1,1,1,1,1,16,7,1,4,11,1,1,1,9,1,1,1,17,19,1,7,1,15,4,1,18,2,1,15,1,1,1,13,2,1,1,18,25,1,1,1,1,1,5,1,21,9,18,1,10,7,1,24,13,8,15,5,8,1,1,25,17,13,1,15,1,14,7,1,1,1,15,11,1,1,1,2,16,8,1,12,1,1,5,1,1,1,10,1,4,13,1,11,1,24,10,1,1,12,15,17,15,1,1,1,1,13,12,20,8,9,14,13,1,19,17,12,1,1,1,6,8,1,1,1,4,1,1,9,12,1,12,10,1,14,9,1,14,11,1,8,1,9,23,1,9,4,16,1,17,8,1,35,5,1,8,13,1,1,5,23,1,1,13,13,9,1,1,16,15,1,13,16,1,12,16,5,13,14,1,1,11,7,1,5,1,12,1,9,11,24,8,1,1,1,1,56,1,1,16,1,14,1,1,15,1,10,1,7,1,1,22,16,9,2,1,9,1,1,9,1,1,1,10,1,1,16,2,13,1,1,1,9,18,4,19,127,9,19,1,15,1,15,1,1,9,13,9,5,15,3,1,1,1,10,13,1,11,1,26,1,10,1,1,1,1,1,11,27,12,19,1,14,1,13,9,16,9,14,1,12,13,18,1,14,1,17,1,8,1,3,13,1,13,1,21,18,14,16,11,9,5,39,1,1,1,10,10,1,1,1,1,1,5,1,1,7,1,1,18,20,1,5,1,6,1,24,1,11,1,3,1,1,1,17,37,7,21,10,14,1,1,12,1,15,5,1,2,15,1,1,1,12,1,1,1,1,21,27,4,12,1,1,17,9,8,14,9,1,5,1,1,1,20,1,1,1,1,10,1,2,6,5,1,1,1,7,3,1,1,20,1,7,1,8,1,4,16,50,5,15,6,11,8,13,1,1,1,3,35,1,1,8,3,1,16,16,11,1,14,1,11,8,1,1,1,1,15,1,14,1,13,1,1,85,13,1,15,21,1,13,1,1,10,1,27,1,12,1,29,30,1,11,6,4,1,8,6,12,14,12,2,18,21,1,15,1,1,10,1,13,19,1,17,1,1,8,15,16,1,9,12,13,1,1,1,1,9,3,1,11,14,1,1,1,1,16,1,7,1,1,14,1,19,14,1,16,1,19,10,8,15,10,19,20,17,10,13,1,10,1,10,1,15,1,1,10,12,11,1,1,9,1,11,12,1,1,1,1,1,26,10,18,1,1,1,1,2,6,1,20,14,27,12,15,1,1,15,2,1,12,15,1,1,10,19,6,1,1,1,1,8,16,1,1,1,18,8,1,4,87,15,1,1,1,10,1,17,17,7,12,1,22,1,2,9,41,1,5,1,1,1,1,1,11,10,6,14,1,13,38,1,11,1,1,1,7,1,16,1,2,3,19,1,1,11,6,1,1,12,12,11,1,1,7,1,1,1,24,10,8,1,1,1,21,12,11,1,10,16,1,89,1,13,16,1,6,1,11,31,1,17,13,7,1,1,1,1,1,5,8,1395,1,1,1,19,1,19,1,11,19,17,1,25,1,11,23,1,1,6,18,11,1,11,1,1,11,1,1,12,1,1,1,1,16,6,1,1,5,1,13,1,34,1,6,1,1,16,1,1,14,11,9,6,1,1,1,1,1,1,13,2,1,25,1,9,23,1,14,9,16,12,5,15,1,1,1,1,17,11,15,1,2,1,9,19,1,3,10,13,9,11,10,1,1,1,40,16,8,1,1,1,19,1,1,1,8,18,7,12,1,1,12,1,13,15,9,12,1,1,11,12,5,11,1,8,3,13,15,4,13,1,9,1,1,9,1,12,1,3,1,7,1,1,4,1,1,1,2,10,1,1,1,1,14,10,12,13,7,1,1,1,5,12,1,8,10,5,4,1,19,1,9,7,1,13,1,13,1,1,7,1,1,15,1,11,16,1,1,32,1,2,15,5,9,1,1,1,5,15,1,13,1,11,1,1,1,12,1,1,18,1,6,2,5,14,17,11,10,1,1,10,1,1,1,1,12,5,1,19,1,14,1,1,1,1,12,20,1,11,1,10,21,11,1,12,1,14,1,14,9,8,6,15,1,1,1,1,1,1,1,5,13,12,1,20,9,19,1,1,7,1,1,1,4,7,1,46,8,1,1,1,19,2,1,2,14,15,1,13,12,1,1,11,1,18,16,2,17,1,1,6,2,1,18,7,12,19,1,10,92,1,15,1,11,11,19,3,16,2,1,15,13,10,1,18,1,1,1,1,21,16,1,23,15,1,1,1,5,1,1,1,1,10,12,1,13,2,7,9,18,14,1,4,11,1,1,16,16,9,1,11,11,7,1,1,11,10,1,1,15,16,12,2,19,2,87,1,9,7,1,1,13,1,16,1,1,12,1,1,9,1,13,12,1,7,1,9,2,11,1,1,1,19,15,14,13,1,8,1,1,9,1,1,10,29,1,1,1,17,10,14,21,8,10,4,1,1,8,38,19,1,10,12,10,1,1,1,8,1,1,1,13,1,13,16,13,2,1,14,2,13,12,11,1,1,13,1,1,19,13,6,19,12,1,20,1,13,1,2,13,17,1,13,17,1,16,9,23,78,13,11,6,9,13,15,1,16,21,11,1,3,1,1,10,9,19,8,14,1,3,2,1,20,2,1,1,1,1,10,10,1,1,1,1,17,1,20,4,8,6,9,8,6,1,14,7,1,10,15,10,1,7,14,13,7,13,11,1,1,20,1,12,19,12,1,1,17,10,3,1,14,1,1,13,7,80,12,1,1,1,2,1,1,18,1,4,12,1,12,1,4,1,1,1,1,9,1,1,1,12,1,1,9,18,17,1,6,1,5,14,8,15,1,1,12,8,1,1,1,12,17,9,16,1,1,1,1,1,8,8,1,4,1,1,21,1,13,11,12,1,22,8,9,14,19,1,1,16,2,15,3,11,27,27,12,8,1,12,1,12,10,12,13,1,13,11,15,6,1,10,1,15,2,4,1,6,12,1,1,1,1,1,11,1,22,15,12,1,6,19,10,1,1,9,16,1,45,11,1,10,1,1,19,14,16,1,1,1,1,16,1,14,1,23,1,19,1,3,66,9,11,1,1,69,1,12,17,22,3,9,1,1,10,1,1,1,21,7,14,1,13,1,1,7,14,1,13,8,8,11,9,1,11,1,1,1,1,1,1,9,14,13,11,8,20,11,1,21,1,1,1,12,29,1,13,8,96,1,5,22,1,5,11,1,14,1,9,10,9,1,1,9,20,4,8,7,1,13,10,1,1,1,1,7,1,1,1,14,1,1,6,9,12,1,1,1,1,1,1,1,1,4,1,1,19,5,14,1,1,8,9,1,1,1,5,1,14,16,10,1,21,1,1,11,6,11,12,1,4,17,9,1,16,1,3,1,12,15,1,11,1,1,23,1,1,3,1,23,1,7,1,1,1,1,1,1,12,19,11,15,11,14,1,12,5,1,1,7,14,1,10,15,15,8,1,113,1,1,1,8,12,15,8,1,1,1,13,11,1,17,8,1,1,1,1,11,8,10,9,15,13,1,1,1,12,1,16,1,3,1,9,19,1,8,4,1,1,8,1,1,1,1,1,17,16,6,8,15,2,1,15,8,13,6,1,1,1,1,24,22,17,1,1,1,1,1,1,17,18,1,1,20,15,13,13,1,11,21,1,5,19,1,1,15,9,1,7,1,11,8,12,8,1,1,4,1,15,3,1,6,1,10,1,7,9,1,1,1,1,1,16,16,11,10,1,18,5,1,1,1,1,1,52,1,1,1,1,14,14,14,14,5,12,1,7,1,16,44,1,1,2,11,2,9,1,1,2,1,1,1,11,12,16,1,12,1,1,13,52,1,8,1,1,1,1,1,1,7,1,13,1,1,11,14,1,1,128,15,1,9,1,12,1,17,1,6,1,16,2,2,8,9,32,14,8,1,1,10,1,1,1,1,17,13,13,15,1,56,1,6,1,7,1,16,1,13,1,1,1,1,7,1,17,1,1,1,1,16,1,1,8,1,1,15,10,1,1,9,1,21,1,1,1,2,1,10,1,1,1,1,14,1,14,1,16,18,1,1,1,16,1,11,6,1,1,1,23,1,17,8,13,1,1,1,1,16,13,1,1,1,1,12,1,1,11,2,1,1,8,1,1,1,21,8,21,14,18,18,11,8,1,1,1,1,1,1,1,25,11,1,1,1,9,1,17,1,1,17,6,9,11,4,1,21,10,8,8,8,1,1,9,6,1,71,12,1,1,13,15,1,1,4,3,1,1,18,18,18,6,17,1,2,1,1,15,1,1,1,10,2,1,16,7,1,12,13,60,1,1,14,11,1,1,3,1,14,10,1,10,12,15,1,1,1,4,6,12,16,3,1,25,1,14,14,2,1,1,8,1,18,10,8,1,43,1,1,2,1,1,19,10,9,1,8,1,1,9,9,8,1,16,15,1,1,933,1,17,12,9,1,1,1,1,1,17,15,7,9,14,1,8,18,1,11,1,11,11,15,1,1,1,1,1,5,13,1,1,1,1,1,7,9,12,1,1,1,13,2,1,6,18,1,1,1,15,1,1,16,18,14,12,9,16,12,14,1,7,1,22,1,16,9,11,19,8,14,1,8,1,11,1,1,15,13,10,13,1,16,1,1,1,1,13,6,1,14,1,1,1,1,1,1,1,1,1,1,1,16,1,17,8,1,1,12,5,8,1,8,10,12,14,8,10,1,6,11,13,24,1,15,23,1,1,18,1,1,12,15,11,3,1,1,29,27,13,14,1,11,1,17,1,1,1,1,9,1,4,10,1,11,11,1,1,16,8,2,1,1,1,16,1,1,8,8,12,14,13,1,15,13,1,1,9,1,8,1,21,11,1,1,1,6,10,11,15,1,25,14,1,12,1,1,1,1,18,1,1,1,1,23,15,10,1,1,15,9,1,11,103,1,8,5,1,14,1,13,1,1,1,6,1,1,8,1,1,8,1,11,1,1,15,7,1,14,20,7,7,1,1,1,1,1,1,18,14,18,12,3,1,7,1,1,10,1,1,1,1,2,1,16,1,11,13,6,1,1,14,7,9,13,1,13,1,10,1,18,7,1,3,1,1,2,18,1,15,11,9,1,1,1,12,1,1,4,1,30,4,9,1,1,1,1,1,2,12,7,10,1,1,10,1,1,16,11,1,27,12,10,1,2,13,1,1,11,1,5,1,1,1,19,20,13,1,16,13,6,1,1,17,12,10,1,15,20,1,1,25,1,10,1,1,12,10,1,11,1,1,13,10,24,14,12,1,14,13,11,9,4,4,1,9,1,1,16,1,81,6,10,8,20,1,20,1,10,8,10,7,1,14,1,1,13,8,24,1,1,14,1,1,2,20,1,1,24,1,1,25,1,16,1,1,2,1,1,16,26,7,11,1,7,20,1,9,1,1,16,15,1,1,1,1,10,7,1,1,4,1,1,1,14,1,8,11,1,1,14,15,17,17,13,1,9,1,10,12,11,1,9,12,1,1,10,1,1,1,13,1,13,12,1,1,109,19,2,25,2,1,18,9,1,1,30,6,1,1,12,18,20,1,1,5,17,1,9,1,1,1,1,15,1,29,8,18,1,1,1,11,6,11,1,1,1,13,12,1,1,1,13,14,1,9,1,2,10,1,17,1,28,2,1,1,8,12,1,1,1,2,11,1,10,1,12,1,1,17,27,1,2,16,19,1,11,6,1,1,1,1,1,1,8,1,1,4,11,1,15,1,1,13,16,1,12,8,1,8,12,1,1,7,1,1,16,1,1,8,1,18,1,1,1,1,13,5,11,10,1,13,1,1,71,1,1,13,1,10,11,1,12,1,1,17,1,1,8,1,1,1,18,1,1,1,1,1,1,21,6,1,2,1,1,21,1,1,8,16,1,1,1,9,10,1,12,12,1,1,1,16,1,19,10,20,1,1,12,1,1,13,1,1,1,19,7,1,8,11,7,1,1,11,1,17,1,12,19,1,17,6,1,21,1,11,1,1,1,9,12,11,10,1,3,24,8,1,1,1,13,10,12,18,1,18,27,15,14,10,1,1,15,12,4,1,14,5,13,1,14,1,1,1,1,10,12,1,1,8,1,10,1,1,14,1,14,1,17,6,1,9,1,14,1,4,1,1,17,1,1,1,16,13,27,1,1,1,12,7,18,11,2,1,1,14,6,1,3,1,12,15,1,14,8,1,11,8,1,11,10,1,1,1,16,8,11,10,8,1,6,1,14,1,1,1,1,1,1,7,1,12,1,1,1,9,1,1,22,1,1,1,5,8,11,1,8,1,1,12,1,1,1,1,13,13,9,1,1,1,1,11,10,1,1,1,1,1,1,1,1,1,8,10,11,1,16,28,2,1,16,12,1,10,9,18,17,1,12,1,1,1,1,1,1,9,1,14,11,16,11,8,22,1,14,1,13,14,54,15,1,1,4,1,1,7,18,1,3,1,1,1,8,1,17,21,11,1,1,11,1,11,1,1,1,1,1,1,8,13,1,5,12,27,1,7,1,5,14,10,11,1,1,7,12,7,1,9,7,99,9,1,13,1,13,1,14,1,1,15,13,19,6,20,11,1,1,1,7,1,1,5,1,6,5,1,1,11,1,7,111,15,1,1,2,1,1,9,13,1,23,12,1,1,1,1,12,1,19,8,26,1,1,15,9,1,10,1,12,1,1,1,1,16,1,1,11,10,1,42,1,11,1,1,1,15,21,5,4,1,1,1,1,1,7,19,1,1,1,5,12,9,1,8,1,7,6,18,14,10,1,17,1,3,1,15,1,1,32,13,1,1,11,16,5,1,10,18,1,15,4,13,6,12,6,12,26,1,1,1,1,19,13,1,20,11,14,15,14,7,1,3,9,1,1,1,9,1,7,11,1,1,1,14,9,10,3,1,1,1,27,12,1,1,7,18,1,10,1,1,11,9,19,18,1,22,9,18,1,7,1,10,66,6,8,1,1,22,15,6,1,4,1,23,1,1,1,14,103,1,1,16,1,12,1,14,1,1,1,71,1,1,1,1,2,14,13,13,1,1,1,1,19,1,1,15,1,1,4,14,1,1,15,1,10,21,1,10,1,9,15,1,1,15,6,6,1,1,13,17,15,15,1,4,1,1,1,1,12,1,1,23,1,12,14,15,1,1,1,1,1,35,1,1,12,11,1,15,14,20,22,1,1,1,6,1,15,1,1,11,1,20,4,4,1,1,1,12,1,1,10,4,10,14,1,30,13,20,2,30,11,15,17,14,1,17,2,22,10,12,17,1,1,6,10,6,17,8,1,16,25,14,1,16,1,1,1,20,12,6,33,1,1,4,1,2,1,14,1,16,1,1,13,13,15,1,19,1,1,1,8,12,1,12,16,2,13,13,1,1,1,9,1,1,1,9,1,11,1,1,16,6,1,6,1,1,12,1,8,8,4,1,1,15,1,10,9,12,6,19,1,8,1,8,5,12,5,17,1,5,11,8,17,2,14,1,8,1,4,11,6,57,1,1,1,1,1,1,16,1,19,13,1,31,8,1,1,18,1,1,1,1,18,11,1,69,1,1,1,1,5,8,11,1,1,10,1,19,1,1,1,12,10,13,1,1,14,10,9,15,1,1,7,12,1,13,4,1,84,1,5,4,1,1,12,7,1,6,1,1,1,1,1,7,11,1,12,1,16,18,1,1,17,2,1,10,9,11,10,11,1,37,1,1,1,18,13,16,9,2,1,1,21,1,1,30,4,4,1,1,10,1,1,2,7,1,1,2,20,1,16,8,15,1,11,11,1,23,5,1,1,12,16,1,1,22,1,1,19,14,12,1,8,11,1,1,1,1,15,1,1,22,10,13,1,17,1,13,15,1,1,1,1,1,1,5,8,1,7,1,1,6,9,9,10,1,1,1,1,13,1,11,14,13,12,1,1,1,1,1,1,1,10,18,15,1,14,1,1,1,1,23,15,12,1,1,10,6,12,9,8,1,1,1,11,9,1,1,1,1,14,1,2,117,1,1,13,6,1,1,1,21,1,1,1,2,1,15,6,1,9,1,15,13,10,13,1,1,1,1,1,9,1,9,1,1,9,1,14,13,1,9,1,12,4,11,1,16,13,7,1,20,17,16,1,1,18,20,1,19,1,1,1,1,1,1,1,11,1,1,1,4,19,14,11,8,1,10,1,1,1,6,20,1,1,1,1,11,5,21,1,15,9,1,1,12,1,13,1,10,1,1,8,1,33,1,23,4,1,1,15,5,1,1,1,17,12,1,1,1,1,1,1,1,1,13,17,11,10,1,1,11,1,21,10,15,23,1,1,1,9,1,12,2,15,22,11,1,11,1,1,4,17,1,1,1,1,7,1,1,1,1,1,12,1,15,1,2,13,14,2,2,15,2,10,1,1,1,15,8,1,16,25,1,1,10,1,4,1,1,4,14,7,1,3,6,2,1,13,18,1,8,16,1,19,1,1,17,1,1,15,1,1,20,1,10,16,22,2,12,18,17,6,1,85,1,12,10,14,2,1,1,10,1,1,1,5,2503,12,18,12,1,24,1,1,1,1,13,14,16,19,18,9,1,34,1,2,16,1,36,11,11,1,1,1,1,8,18,10,1,16,33,13,1,21,10,1,1,9,21,5,7,11,1,1,1,17,1,1,14,8,8,15,8,9,1,1,14,1,13,11,12,1,1,1,1,2,1,23,1,1,16,1,12,25,13,1,9,15,1,1,14,1,10,1,12,8,1,1,20,1,1,18,11,1,14,1,1,3,12,18,8,10,7,10,11,16,14,1,22,1,1,1,74,5,1,14,12,17,1,1,16,1,1,1,14,12,14,1,1,1,12,11,1,11,1,14,5,11,4,7,1,3,1,12,10,11,5,12,1,15,16,14,1,1,11,12,21,18,9,1,1,13,1,1,1,14,12,23,4,1,1,1,9,19,1,13,12,1,1,16,1,6,1,1,18,8,32,19,1,9,10,12,3,10,1,1,1,6,11,1,21,12,15,28,54,1,1,1,1,19,25,22,1,11,6,1,32,17,19,1,14,12,6,1,1,4,7,1,1,1,1,15,7,17,15,1,7,5,8,17,14,1,11,1,8,1,1,17,9,5,27,3,1,11,1,1,1,1,12,12,13,1,9,12,1,1,15,647,9,1,8,1,15,4,1,12,1,20,10,7,13,1,1,1,18,1,3,1,16,1,1,14,11,1,21,1,1,13,1,1,6,15,1,7,6,13,18,1,1,1,9,2,1,1,13,15,8,9,6,1,1,1,5,1,7,1,12,6,1,1,12,1,14,11,1,11,27,1,13,1,14,12,19,1,12,1,22,1,9,1,8,18,7,11,13,10,1,5,10,477,1,12,16,1,10,14,16,13,1,16,1,8,17,1,33,4,1,17,1,1,14,17,14,11,12,13,9,1,1,5,13,3,9,11,12,11,8,1,1,1,20,20,18,1,11,1,1,1,8,1,10,1,4,1,1,9,10,1,1,1,4,1,8,19,1,17,4,14,16,11,27,10,1,1,1,1,1,1,1,15,22,8,10,1,1,1,17,2,13,1,7,1,1,20,1,9,14,1,22,1,13,1,9,1,1,1,1,13,1,1,12,1,1,1,1,14,9,14,1,10,18,6,14,8,13,15,1,1,7,11,15,2,1,1,12,14,12,14,1,9,1,1,20,1,11,1,21,15,4,1,1,17,14,1,1,4,1,15,1,13,1,16,1,1,1,1,9,13,12,1,13,1,1,7,1,1,1,11,14,1,1,25,1,12,2,15,1,1,13,20,19,1,1,13,1,1,7,1,9,5,20,1,163,1,14,1,1,1,6,1,1,13,1,1,1,1,11,1,14,8,8,11,1,6,25,68,9,1,1,1,14,1,15,13,1,1,1,1,13,1,1,1,20,18,19,1,1,1,1,1,7,1,6,1,1,1,11,11,52,17,12,10,1,1,1,12,16,1,1,11,48,1,14,1,9,20,10,1,1,16,10,4,1,1,12,1,13,11,14,1,7,10,15,15,1,1,2,12,11,18,16,1,28,1,1,1,1,11,7,5,24,1,12,1,4,15,15,29,5,10,1,1,1,13,10,11,9,1,1,18,1,14,1,12,6,10,8,1,12,10,7,1,2,14,3,1,10,1,11,5,1,1,1,15,1,1,1,1,9,12,10,1,8,7,16,8,4,12,6,11,10,5,1,1,5,11,1,12,19,20,1,1,11,7,1,1,17,23,1,1,11,2,19,3,1,17,1,10,1,1,22,1,5,14,1,14,4,1,1,1,15,1,12,1,1,21,1,6,1,23,1,14,1,1,14,14,15,1,1,20,17,1,16,1,14,15,10,1,23,1,15,1,17,1,6,1,11,1,1,20,15,8,1,3,15,15,11,1,19,14,1,1,14,15,136,1,1,13,10,1,1,6,2,1,1,19,1,17,15,3,1,1,14,28,1,9,11,19,1,13,1,15,1,13,1,1,7,1,1,2,17,1,9,1,9,1,1,1,13,7,12,1,1,1,13,1,73,13,3,11,1,13,1,1,1,14,1,1,7,1,108,1,1,18,1,1,13,1,13,12,13,1,5,8,8,7,1,8,14,13,9,9,1,11,3,1,1,1,8,1,16,1,1,15,1,10,7,11,8,1,18,1,1,1,18,61,13,5,1,1,1,1,1,21,61,17,13,16,1,19,1,12,1,33,1,1,1,1,5,1,1,14,1,12,1,1,11,8,1,3,18,1,16,14,21,1,39,11,14,11,1,4,1,5,2,1,1,8,1,1,1,72,13,1,13,1,1,1,15,5,9,2,2,1,25,11,8,1,11,25,6,1,1,10,9,14,15,1,7,14,16,1,6,1,6,1,9,1,11,9,19,1,1,1,1,10,3,12,8,15,1,35,1,14,12,1,2,15,15,20,21,1,13,1,1,1,1,1,1,1,13,2,1,1,1,18,12,1,1,11,12,1,1,4,16,17,1,1,17,2,39,1,24,12,9,1,1,21,1,1,8,1,1,1,11,1,8,1,1,1,11,1,22,1,1,14,1,7,15,1,1,1,1,1,14,15,27,15,4,1,20,21,1,4,10,8,14,1,1,14,1,1,13,1,11,15,1,1,1,1,17,1,1,1,7,10,11,1,1,23,3,1,15,17,4,1,14,9,24,15,1,19,8,14,9,8,1,1,12,20,14,1,9,16,3,1,15,19,7,1,15,7,12,1,2,1,1,4,1,4,16,13,12,12,1,1,18,1,16,12,1,1,14,1,1,12,19,1,11,12,10,2,14,1,1,77,20,2,9,17,1,4,18,1,9,18,1,8,10,1,18,18,1,1,1,1,1,1,1,11,1,1,9,1,18,22,1,1,1,1,1,1,11,8,1,5,1,25,1,1,1,1,25,11,11,9,13,10,13,6,1,1,1,9,1,1,1,1,1,1,2,13,20,1,12,1,12,1,14,12,1,1,1,1,1,1,1,1,17,11,21,13,1,14,10,1,1,10,1,11,1,9,10,1,1,14,16,15,10,14,1,11,9,11,15,1,7,1,1,8,1,1,1,1,1,18,9,2,1,17,14,30,1,7,1,1,1,11,1,1,12,13,1,1,15,1,13,13,16,4,1,1,1,1,1,10,5,1,12,10,16,1,1,1,9,13,1,13,1,1,1,19,1,2,7,6,1,8,1,21,1,2,1,12,17,1,1,13,1,1,1,14,1,1,1,10,1,1,1,9,1,1,1,1,1,12,16,17,1,16,10,13,8,6,1,10,16,5,1,22,10,12,1,2,21,14,13,1,1,8,4,1,1,24,8,1,1,1,1,23,33,1,2,16,5,18,1,13,3,17,18,1,17,1,17,1,13,6,104,7,1,1,13,1,5,22,1,1,8,1,1,1,1,1,1,5,1,1,18,22,11,13,7,1,2,15,1,2,14,1,15,1,18,1,1,6,14,1,15,1,13,10,22,1,13,13,11,1,23,1,7,26,1,1,1,1,65,12,7,1,1,137,6,1,18,12,11,13,38,14,10,1,1,1,9,3,1,1,1,1,8,4,1,16,10,25,17,11,16,2,15,1,29,14,16,18,1,1,13,14,19,11,1,1,10,11,10,1,1,1,14,1,8,14,12,40,7,11,1,63,16,1,2,4,1,10,1,10,1,19,18,20,26,1,1,1,1,1,11,8,10,13,1,14,13,1,9,1,17,1,1,11,13,1,1,15,15,10,1,1,1,1,17,13,1,14,25,11,1,1,1,1,1,1,17,8,1,1,10,1,1,19,1,15,1,1,11,1,10,40,10,1,19,17,7,11,1,12,1,1,1,2,8,15,1,16,16,1,13,11,9,1,1,1,3,1,14,10,16,1,1,16,1,19,1,1,18,13,10,1,2,1,1,3,1,23,1,11,1,1,3,1,1,1,10,1,1,14,10,12,11,11,1,1,7,1,13,3,19,1,10,18,1,7,2,8,14,1,11,13,11,1,9,1,1,9,3,18,17,1,21,10,1,1,12,1,1,5,1,10,21,1,7,8,17,1,1,1,9,18,16,8,1,1,1,16,20,1,1,1,8,1,18,1,1,1,17,12,32,1,11,1,1,1,21,85,1,21,1,12,1,11,1,1,20,1,1,23,18,15,27,1,10,1,12,19,12,3,1,10,1,3,1,13,3,10,10,8,9,1,11,23,13,5,11,9,1,1,10,13,11,14,16,14,20,7,13,9,1,1,18,1,17,3,7,1,1,17,1,1,1,1,1,14,1,18,12,1,1,16,9,1,1,21,1,14,9,1,1,1,10,13,1,1,12,17,19,11,8,1,14,1,11,1,10,1,1,1,2,1,9,1,9,11,16,1,1,20,13,1,1,1,9,1,1,15,1,7,14,19,20,1,41,332,10,10,1,1,8,7,1,1,3,10,1,1,1,1,1,14,1,1,1,13,15,1,15,1,1,1,16,25,20,14,1,9,1,1,2,1,15,9,20,9,1,1,6,1,1,7,1,15,17,1,1,14,15,1,7,10,1,12,13,1,1,2,5,63,8,1,10,10,1,34,66,17,2,7,17,1,1,1,17,1,6,1,1,6,8,19,1,19,1,1,1,1,1,1,1,1,1,17,1,16,1,8,11,2,15,1,9,16,5,1,12,1,1,1,1,1,1,14,1,1,1,1,1,12,1,14,1,13,5,1,1,1,11,12,2,10,25,18,12,1,13,12,1,1,1,1,1,1,1,1,1,2,10,10,1,10,1,9,1,1,5,1,1,1,9,1,1,9,7,1,1,1,16,12,5,7,17,1,21,1,1,12,11,1,1,1,1,11,9,1,1,21,19,1,17,17,9,1,13,10,1,16,1,1,1,13,1,4,15,1,14,20,18,12,8,1,1,1,7,1,17,1,18,1,1,1,1,1,13,1,10,1,14,1,1,1,1,8,9,10,1,1,1,26,17,15,4,4,1,1,9,15,12,15,1,14,9,18,2,16,1,11,1,15,1,1,1,1,8,1,7,1,1,7,7,1,11,1,1,1,8,11,17,6,1,10,18,1,1,1,16,1,8,10,1,11,1,97,7,10,21,14,1,11,19,15,17,16,1,1,28,1,20,17,14,1,1,14,36,12,1,8,17,9,10,2,17,11,1,1,1,18,14,33,16,1,12,11,1,18,1,1,1,1,1,9,16,1,1,1,1,1,8,1,11,9,16,1,1,10,13,1,18,8,1,15,1,1,1,1,2,1,9,50,1,1,15,3,1,1,1,1,1,13,1,14,1,6,1,1,1,18,1,1,1,14,1,22,16,5,13,1,14,10,1,1,14,11,1,1,15,1,15,2,8,17,1,15,1,1,1,8,7,9,16,16,12,1,32,7,113,21,1,1,1,1,1,1,18,11,1,1,5,1,1,15,10,19,18,1,14,1,15,1,1,1,18,5,13,12,1,1,1,1,1,12,10,1,11,2,1,1,1,10,11,13,1,1,8,1,6,1,22,9,1,11,1,10,13,9,1,1,9,9,13,7,14,11,1,1,1,8,12,1,15,1,1,15,10,1,16,14,1,71,12,61,9,9,1,11,18,1,13,1,4,59,1,4,9,1,1,1,1,1,128,13,1,1,1,1,11,1,7,1,1,1,13,1,1,15,1,9,13,1,9,1,1,1,1,11,8,1,1,1,1,9,16,1,1,1,10,3,1,4,1,1,1,10,7,1,17,1,2,3,12,1,15,1,4,1,13,1,1,10,1,15,1,9,1,1,2,1,1,14,12,1,1,18,1,45,1,13,9,2,12,1,8,19,23,1,14,16,1,1,10,1,10,1,10,9,1,1,14,13,36,16,9,9,1,15,1,11,1,9,12,1,3,1,17,2,9,13,12,1,12,5,5,19,1,1,1,18,34,17,13,1,14,16,12,1,1,15,1,14,14,10,19,1,1,28,6,1,1,9,3,11,13,6,13,1,1,1,13,17,16,1,1,1,22,17,1,11,1,1,1,1,8,9,1,1,1,1,13,1,15,1,12,1,1,1,17,11,6,12,1,1,1,1,1,29,1,7,1,20,1,1,1,23,15,21,24,19,51,1,1,9,1,1,7,1,1,10,1,16,14,1,21,23,11,14,1,1,32,1,12,8,1,22,14,5,1,1,1,1,1,7,1,1,1,1,9,1,1,1,1,28,1,8,14,1,9,1,1,1,1,1,9,9,12,1,1,1,8,10,1,1,15,22,4,1,1,1,1,29,4,1,5,1,1,13,11,1,27,24,1,8,1,1,1,1,1,1,1,1,14,6,5,27,1,9,2,1,5,1,1,18,1,1,1,1,1,1,14,10,15,1,6,1,6,11,1,5,13,1,1,19,1,1,20,1,10,19,1,10,3,17,16,1,9,12,27,9,10,13,1,12,1,14,1,1,19,14,1,1,14,5,15,1,14,1,1,13,1,1,1,7,1,14,1,11,30,7,1,1,1,15,13,12,1,1,1,1,1,10,9,1,1,1,1,1,4,12,13,1,1,14,16,18,7,13,1,1,1,13,15,5,7,1,1,1,7,12,14,1,1,12,4,17,18,1,10,6,32,9,15,1,13,1,16,2,8,17,8,1,14,14,1,1,1,1,21,1,1,1,11,6,1,12,1,11,8,1,4,7,1,1,2,1,1,7,1,7,15,5,1,1,1,1,12,1,16,1,1,14,1,14,1,1,1,1,20,140,22,4,4,14,1,17,1,1,1,1,15,9,1,12,1,1,2,13,13,12,8,1,9,1,1,1,56,1,8,2,9,9,3,9,12,1,1,1,1,9,63,11,1,8,1,14,8,1,1,15,1,15,1,1,1,13,1,1,12,9,12,1,1,3,1,12,1,1,17,1,14,1,13,1,10,14,12,3,1,39,16,20,15,12,16,7,12,98,22,33,1,1,1,26,19,1,1,1,7,1,1,18,1,1,1,10,1,15,18,11,13,12,20,7,1,10,12,1,17,1,1,15,21,10,1,1,15,10,9,16,15,1,2,8,13,1,1,5,22,1,12,39,4,2,1,1,42,1,14,11,1,32,1,1,16,13,1,1,9,1,1,1,7,1,9,12,13,42,5,1,14,12,1,15,11,1,2,11,11,14,1,1,4,7,12,20,1,1,1,1,1,6,1,1,1,1,14,11,1,1,10,1,112,1,6,1,1,4,1,5,10,1,19,12,13,18,1,21,1,1,1,5,9,13,41,1,4,8,15,1,9,1,1,1,11,31,10,13,19,1,12,18,1,1,1,13,10,16,1,1,12,16,2,1,1,1,1,2,10,13,1,1,7,8,1,1,1,9,1,16,1,20,12,1,1,1,1,11,14,1,1,2,1,1,1,10,1,5,28,18,9,1,11,1,9,10,8,1,16,1,1,1,14,1,9,25,1,14,1,6,1,1,1,14,8,2,1,1,13,9,13,11,1,7,7,1,1,7,1,1,5,1,12,1,1,12,1,1,1,1,13,1,1,5,1,10,14,1,1,1,10,23,1,1,10,1,8,1,1,1,15,91,9,8,53,1,1,17,18,8,8,1,18,1,6,8,1,1,5,1,21,13,1,1,11,44,1,14,1,1,1,11,1,5,1,14,1,8,5,21,15,1,1,4,1,23,1,1,1,2,21,1,18,1,6,1,1,1,1,8,2,14,35,18,199,19,15,1,12,1,1,1,1,12,11,3,1,1,22,1,1,1,1,1,1,17,11,1,15,1,1,15,1,14,1,13,1,1,1,8,1,1,1,1,1,44,6,1,1,1,1,8,28,1,1,1,10,1,1,1,2,1,1,1,14,97,18,11,5,14,26,1,12,1,13,21,14,1,9,20,26,1,8,1,13,1,9,108,1,1,6,18,1,14,13,13,1,1,1,1,1,1,9,11,9,1,11,1,17,18,1,23,10,1,1,1,18,11,1,1,1,7,14,8,1,17,14,21,1,1,1,13,7,15,8,7,12,10,1,1,1,6,1,1,1,19,16,1,1,1,1,1,23,10,1,1,1,1,12,22,2,6,14,1,1,15,1,19,10,5,1,1,19,1,18,2,9,1,1,12,1,11,19,20,78,15,1,12,2,1,11,1,14,6,1,11,8,15,1,4,1,1,1,8,18,1,15,12,16,29,1,10,20,17,13,1,7,10,13,13,10,1,5,1,11,6,1,1,10,1,1,1,1,11,14,23,1,1,1,7,14,22,1,15,1,10,1,6,11,13,1,16,10,11,1,21,1,10,6,13,4,1,1,1,11,18,1,1,10,1,5,1,16,1,5,14,1,11,1,8,1,1,7,1,1,7,10,1,1,1,1,11,1,1,19,15,1,13,1,1,19,4,9,8,14,1,17,10,1,20,17,11,8,1,1,9,1,8,1,1,1,11,5,1,8,18,1,1,1,1,27,17,12,1,1,16,1,1,7,1,11,11,1,1,17,1,1,10,4,1,1,13,29,13,11,1,26,1,1,1,1,1,1,8,1,18,9,1,1,1,1,14,1,16,1,7,1,15,1,1,1,12,1,9,14,1,103,4,1,12,11,12,1,12,1,92,16,1,1,1,1,10,9,14,17,1,8,1,4,61,15,8,1,11,1,19,11,1,11,6,11,1,350,1,1,1,20,15,11,7,13,1,14,1,1,1,19,8,1,17,13,20,1,12,1,1,13,16,1,1,1,11,1,8,17,12,9,12,1,1,1,15,12,29,2,1,1,1,13,15,9,8,15,15,12,1,7,1,13,1,6,2,24,1,1,9,13,19,8,1,1,1,16,1,16,1,1,14,10,1,1,4,1,1,9,12,1,1,11,1,8,1,12,19,1,1,14,1,9,8,21,7,13,13,1,14,9,1,1,1,4,19,19,8,1,7,12,1,1,1,1,1,14,1,7,1,1,1,10,1,8,28,8,1,1,1,1,11,11,12,1,6,1,1,1,1,7,9,24,20,1,1,9,13,67,1,15,11,1,7,17,12,1,9,1,10,21,1,16,1,1,10,26,1,4,14,1,1,1,13,14,8,5,10,16,17,1,3,21,9,15,1,13,1,15,1,1,16,1,10,16,1,1,1,4,4,1,1,23,20,1,14,1,10,1,9,8,1,1,13,6,15,17,19,10,1,1,9,1,18,1,17,13,2248,1,1,2,6,15,16,20,1,1,12,1,1,1,16,1,6,6,1,1,9,1,1,13,1,10,10,11,12,12,7,1,1,7,1,13,16,7,61,1,14,1,1,1,1,8,1,9,1,15,1,9,1,1,1,1,1,1,1,14,1,8,1,1,15,1,1,1,10,1,1,17,7,23,1,10,1,13,1,14,8,1,3,1,1,13,20,1,12,1,18,1,1,7,17,1,1,1,1,11,1,1,5,1,1,13,18,14,1,10,1,14,1,1,1,1,22,1,10,1,9,10,1,1,15,18,12,19,1,1,12,13,1,1,17,22,74,13,13,5,4,13,7,6,19,5,13,33,1,1,1,1,13,11,1,19,1,1,37,10,1,1,10,1,5,1,1,1,10,16,1,1,1,14,9,1,22,1,16,15,4,1,1,20,1,16,1,13,1,1,15,13,12,13,1,5,1,10,1,13,16,6,1,9,1,1,16,1,1,19,34,32,1,1,1,14,1,6,1,20,1,1,1,37,3,1,18,10,17,16,18,10,1,1,1,1,3,1,1,12,4,18,1,12,1,7,1,5,8,1,1,1,1,1,9,2,1,1,15,1,12,1,1,13,22,1,9,14,1,12,15,11,1,1,1,1,9,8,10,1,19,1,13,1,1,13,5,1,12,2,1,1,17,1,11,1,10,1,1,1,1,1,1,1,1,1,71,10,19,1,9,13,24,1,1,16,44,1,1,12,1,12,1,1,19,1,1,1,8,1,1,10,14,16,1,11,1,1,9,1,1,15,1,12,12,19,1,33,16,20,101,1,1,12,5,10,1,1,1,1,20,1,13,1,1,1,1,1,1,1,4,1,1,1,1,1,1,1,13,19,5,45,1,11,1,1,11,1,21,11,1,10,11,1,14,1,1,3,1,13,14,8,1,9,11,12,1,8,5,1,1,9,14,9,18,18,14,26,8,12,12,14,1,18,1,11,1,1,24,1,1,1,5,12,1,1,1,1,1,1,11,12,1,1,1,1,1,18,9,10,1,1,1,1,9,9,20,1,1,3,14,1,1,1,7,11,10,19,1,9,1,1,1,3,12,12,1,1,1,16,21,1,1,20,1,11,11,5,9,1,1,1,2,11,5,1,14,2,1,11,17,4,16,1,1,1,3,1,14,1,1,1,1,13,11,2,1,13,1,8,12,1,1,1,1,10,1,12,15,18,1,1,14,1,21,7,1,1,32,10,1,12,1,11,1,7,1,1,7,1,22,1,1,5,12,1,1,22,18,8,1,1,2,1,8,16,1,1,14,13,14,14,21,27,1,29,12,1,10,11,13,13,1,10,11,19,17,9,13,1,9,16,14,1,6,17,1,12,10,1,1,1,2,18,14,5,7,9,1,1,1,1,14,1,1,1,1,1,1,2,1,18,1,12,10,1,1,1,1,18,16,8,1,1,1,16,1,1,1,1,7,18,15,9,1,15,1,1,8,8,9,9,1,1,1,21,13,4,1,105,16,1,1,12,10,7,13,5,1,2,2,1,1,2,1,1,1,1,11,1,1,5,14,11,15,12,1,10,1,5,14,14,16,1,1,1,1,10,1,7,10,1,1,1,4,12,1,1,1,1,11,21,7,20,1,12,3,15,1,1,15,1,1,1,5,30,11,1,15,12,1,1,1,13,15,17,1,1,1,1,1,5,24,17,1,7,27,39,1,6,15,1,1,21,1,11,1,1,1,8,10,1,14,1,13,1,15,10,1,6,10,7,1,15,17,15,2,12,10,6,1,1,1,1,1,1,12,12,18,2,1,1,1,8,19,15,1,1,1,7,1,52,9,1,10,1,1,1,13,1,6,1,4,1,1,1,29,16,12,7,1,32,10,6,3,1,10,1,1,1,28,12,9,12,1,1,9,1,1,1,1,12,1,8,16,11,4,1,1,8,12,1,15,2,1,1,1,9,1,1,6,1,1,1,13,1,1,1,1,1,25,1,1,1,1,12,1,1,13,7,102,1,1,13,15,17,1,5,9,11,9,7,8,7,13,16,17,1,1,1,11,8,11,17,8,20,1,1,13,14,1,9,6,1,1,13,1,1,6,1,1,1,7,1,6,1,2,9,1,1,16,11,59,14,10,1,16,10,1,1,21,1,1,1,15,22,1,1,3,1,5,1,1,1,10,14,12,1,1,9,21,2,1,12,1,1,13,13,15,1,1,7,5,1,1,1,1,1,1,1,1,3,14,1,1,4,8,6,10,1,1,10,1,13,1,1,1,5,9,3,1,1,1,417,15,4,1,14,2,18,1,14,11,5,9,22,1,1,21,35,12,2,1,14,14,10,9,14,10,1,1,1,1,1,1,13,8,18,15,8,16,10,10,12,15,18,1,3,12,1,1,1,1,3,13,11,1,13,9,1,1,12,10,9,1,10,2,1,17,9,20,1,1,1,1,13,4,1,1,1,1,1,1,11,14,8,10,5,9,18,15,1,1,1,1,1,1,1,12,1,1,1,1,15,71,14,1,1,10,1,1,9,14,1,9,13,1,1,22,1,1,1,1,1,17,1,12,13,1,1,1,1,1,1,6,12,17,14,1,16,1,17,9,1,1,1,12,8,1,14,11,10,9,15,1,11,1,1,9,11,10,2,8,1,41,1,24,1,1,1,18,107,18,1,13,20,1,1,15,13,1,1,14,1,1,1,10,9,15,21,1,1,1,1,21,1,4,11,1,1,1,8,12,1,3,1,1,1,1,9,1,13,1,1,12,28,1,1,9,11,9,14,2,3,1,1,1,10,1,16,7,1,15,7,1,1,21,8,8,1,10,1,1,1,4,1,12,1,6,1,24,21,10,9,1,1,1,2,1,2,12,9,49,5,1,17,1,15,21,2,1,14,1,1,1,19,11,7,9,1,1,12,1,45,9,1,1,1,17,15,11,1,7,31,11,1,5,14,12,1,1,4,1,1,16,1,16,1,13,1,1,1,12,6,11,1,13,4,15,15,14,13,30,4,1,1,1,1,1,1,1,1,1,8,10,1,1,13,10,16,17,9,5,8,1,8,1,20,1,13,1,1,1,13,1,12,1,11,23,1,1,1,1,1,13,1,7,10,9,1,18,1,1,2,14,12,6,1,1,1,1,1,1,1,1,9,1,1,11,1,1,27,1,17,35,10,1,7,13,1,1,33,24,11,12,16,15,1,1,1,1,12,9,12,1,1,1,13,18,13,13,1,1,1,1,1,29,1,7,9,1,1,9,1,1,16,1,10,1,6,9,6,18,1,1,1,15,1,1,19,8,1,1,1,16,1,21,1,1,12,14,8,14,1,3,1,1,1,20,1,13,1,1,1,17,1,13,1,9,1,10,82,13,2,1,29,1,17,12,1,18,1,1,12,31,14,15,12,1,2,8,1,1,28,1,17,11,14,1,10,4,1,18,2,8,1,1,1,1,1,2,4,13,1,1,1,15,1,14,15,14,1,23,1,1,11,9,15,19,11,1,12,2,7,1,1,8,1,12,1,1,13,7,12,18,1,9,15,1,1,16,18,1,26,12,1,8,10,71,9,1,10,10,1,1,13,14,1,12,1,1,1,12,1,1,15,10,13,1,1,11,9,12,1,2,1,15,1,7,1,11,1,20,16,9,15,16,16,76,1,1,6,1,3,17,1,1,27,1,1,13,16,8,16,17,13,1,1,1,1,1,1,1,16,2,6,1,1,15,1,3,1,18,4,1,1,1,1,12,14,1,1,1,24,6,6,1,1,12,5,15,22,1,21,1,9,1,1,9,1,8,1,381,1,1,12,15,3,15,6,16,1,17,16,1,5,1,14,1,1,10,2,1,1,1,16,1,97,12,12,10,11,17,1,1,1,1,10,14,10,15,1,1,11,1,1,3,11,1,1,13,1,11,1,1,1,10,7,37,11,8,1,1,16,12,1,12,7,1,1,12,1,1,10,1,1,10,8,20,7,1,19,1,1,20,1,1,14,16,1,8,11,9,1,1,1,55,13,15,7,10,16,1,1,1,14,1,1,16,1,1,13,19,16,18,1,1,77,1,1,1,1,5,1,12,12,1,9,1,1,9,1,1,1,1,4,11,21,1,1,1,8,16,7,2,10,9,11,8,14,1,3,9,11,1,5,1,10,13,1,1,1,3,1,1,1,1,1,7,87,1,1,12,1,16,14,3,12,10,1,12,4,9,1,14,1,23,3,1,8,10,11,1,9,13,1,14,1,7,9,22,1,1,14,5,1,1,14,1,4,1,5,6,5,77,1,2,6,11,9,12,13,1,14,1,17,13,5,16,18,1,19,13,7,16,13,15,1,3,1,15,1,9,1,4,1,10,1,1,1,1,11,1,17,17,15,6,1,20,12,6,1,1,1,1,1,1,14,1,13,1,1,10,1,12,18,1,1,13,21,1,15,11,1,10,1,1,1,18,1,8,10,1,16,1,1,11,11,1,18,5,1,1,1,10,1,9,12,1,11,1,17,2,1,2,11,1,4,1,11,22,1,9,4,1,1,18,10,3,19,1,1,1,1,1,1,8,1,1,12,13,12,86,11,13,1,4,10,24,21,1,15,1,18,12,1,1,1,1,17,1,9,1,1,21,1,14,1,18,18,1,1,1,70,20,1,1,1,1,15,12,1,17,13,13,7,13,10,25,19,1,18,1,19,1,1,1,1,11,17,1,14,13,13,1,12,1,1,1,1,11,13,1,1,11,12,1,3,15,9,11,6,2,1,1,1,25,7,12,11,8,1,4,8,1,8,1,9,3,1,1,1,1,13,1,14,13,28,12,17,8,2,1,1,1,1,20,13,9,8,10,1,11,8,1,1,1,34,7,1,1,1,1,1,6,6,13,11,7,16,1,59,22,1,17,45,24,22,12,1,1,1,2,1,1,1,1,1,1,13,1,1,1,26,1,7,1,19,15,3,16,1,5,10,1,1,1,1,6,7,1,4,12,1,1,2,16,1,10,12,24,11,23,1,12,11,1,1,1,1,1,1,1,1,12,1,13,4,4,1,13,9,1,1,25,1,1,106,17,17,1,1,1,6,11,15,2,15,50,1,1,14,1,1,9,4,12,1,1,1,20,14,10,11,11,1,15,1,17,1,4,14,11,36,1,1,11,1,16,1,18,1,1,11,10,1,11,19,17,6,42,16,1,12,1,1,1,10,1,1,1,16,1,2,1,7,8,95,1,10,8,19,1,16,1,10,11,14,1,1,1,10,18,14,18,1,1,9,8,1,1,20,16,41,13,18,9,95,1,1,15,66,1,1,1,1,10,33,4,14,17,1,1,15,15,1,9,1,11,9,11,1,1,21,17,10,7,1,14,1,22,1,1,9,12,20,14,14,1,15,11,1,2,1,9,1,14,10,1,23,1,9,1,1,12,1,1,14,17,1,11,18,1,8,14,1,20,1,1,11,1,1,5,1,17,1,1,7,11,11,1,1,1,26,4,15,1,16,1,1,1,1,7,14,1,17,1,1,16,1,1,1,11,1,24,1,15,18,16,9,3,8,1,1,1,1,23,9,5,10,10,28,22,19,1,1,22,1,1,16,10,15,1,13,1,1,9,1,1,13,3,15,1,16,15,5,1,1,16,1,15,12,1,14,1,1,13,1,12,6,1,1,13,17,1,14,1,15,1,1,10,1,1,9,16,1,1,18,1,1,9,1,10,1,1,15,1,17,1,10,9,22,1,8,5,1,14,1,18,1,1,13,2,1,1,15,1,9,1,7,11,1,23,1,56,1,2,32,1,1,20,4,1,1,11,16,14,1,1,1,1,10,44,1,11,1,1,1,7,1,12,1,8,21,8,1,9,13,15,1,1,1,26,13,11,1,12,1,51,1,4,7,12,1,1,11,1,17,1,3,1,12,8,1,7,1,13,14,12,1,1,1,14,5,11,1,19,1,8,1,9,1,11,8,16,14,70,16,1,17,13,7,1,1,14,13,12,1,17,1,1,2,17,1,1,19,1,4,1,9,12,1,18,5,1,1,9,14,1,13,9,8,1,1,1,9,1,16,1,1,12,9,1,1,11,12,3,18,16,1,1,1,14,26,1,12,1,1,6,10,1,8,1,21,12,10,18,14,1,1,1,10,13,16,9,1,1,12,1,13,1,1,1,1,1,13,1,12,1,48,5,1,1,7,15,1,1,1,10,1,21,1,9,1,1,10,1,1,3,7,15,1011,11,119,38,20,3,7,20,13,13,1,13,9,2,1,6,8,1,1,1,4,1,15,10,11,1,7,1,5,1,1,14,11,16,1,1,1,10,1,5,15,5,9,19,1,1,1,21,4,1,9,13,1,14,17,12,2,7,14,17,1,1,17,7,1,18,1,6,15,1,23,23,2,8,1,1,11,1,10,1,9,8,1,17,1,16,2,1,1,14,11,12,14,1,1,1,17,2,1,31,1,6,16,11,1,1,1,1,1,8,14,139,9,23,1,14,12,1,1,1,14,27,15,15,20,1,12,15,18,18,24,15,8,5,1,12,5,14,1,11,2,14,18,1,1,1,1,1,1,1,1,9,1,11,11,1,1,20,18,11,16,1,9,17,1,14,34,1,9,13,5,8,12,1,14,11,17,9,11,1,1,9,1,9,2,12,8,4,15,6,15,11,1,19,2,1,11,1,17,1,5,11,1,6,9,17,1,16,12,21,1,1,9,1,13,19,12,28,1,7,1,1,1,1,14,18,29,17,1,1,14,4,19,14,14,1,13,1,14,1,1,10,10,1,1,110,17,22,1,1,1,1,11,9,1,11,1,1,11,1,16,1,5,13,12,10,13,1,20,10,1,1,1,1,1,10,11,12,4,1,10,15,1,1,1,1,1,1,11,1,7,1,1,1,19,1,7,18,10,6,11,19,17,1,15,10,1,2,14,1,1,74,1,10,1,9,11,1,1,1,113,20,1,13,1,1,13,10,5,8,1,1,12,23,9,17,10,16,1,1,8,7,17,1,16,10,9,8,10,1,7,1,14,1,1,8,12,1,7,12,11,1,1,12,23,1,14,10,15,1,12,16,1,1,8,1,1,15,1,11,13,1,1,11,1,10,6,6,1,1,1,1,6,1,17,15,1,1,11,1,21,1,14,1,11,6,1,13,14,8,1,19,15,9,1,15,1,36,1,1,8,1,12,1,1,1,11,1,2,1,18,1,10,18,17,5,9,1,16,1,8,14,15,18,6,18,1,17,1,21,1,1,22,1,12,15,1,1,1,3,9,13,6,10,1,11,5,14,13,6,4,1,1,16,3,2,1,1,1,11,7,12,1,17,1,1,8,8,1,29,1,1,18,24,15,8,14,16,16,14,8,1,18,1,9,14,1,5,1,21,12,13,11,1,24,18,6,93,11,1,22,1,1,1,24,7,1,1,1,6,1,2,1,12,1,3,2,12,1,9,7,1,1,1,8,7,19,1,1,1,7,13,14,1,11,1,19,11,14,1,15,1,9,1,12,30,13,9,1,1,2,19,1,1,1,1,2,7,1,1,1,16,1,18,1,1,1,1,18,1,1,15,1,1,1,15,1,1,11,1,1,1,13,9,13,8,6,1,15,20,8,7,8,1,1,1,1,10,11,15,1,10,1,11,5,1,5,5,1,10,1,16,16,11,3,6,14,1,1,1,1,9,1,1,12,13,1,10,1,1,1,1,1,19,12,1,12,1,13,10,1,2,1,1,1,1,1,27,1,2,18,9,1,18,1,1,1,22,15,8,11,3,1,17,1,16,8,10,1,1,14,1,8,9,12,1,1,14,17,12,1,10,1,1,1,1,1,5,15,16,1,1,6,21,10,1,21,1,29,8,1,1,16,1,11,6,15,1,1,16,12,1,1,1,1,1,2,21,1,1,1,1,13,12,11,1,14,1,15,12,1,1,1,1,1,10,8,1,1,1,1,8,12,12,16,8,10,1,18,12,1,11,12,14,16,10,1,1,1,1,8,11,1,1,1,4,4,20,1,12,1,1,1,11,30,4,1,2,12,1,1,7,13,21,1,14,1,1,12,1,11,1,1,13,21,1,21,1,135,7,20,15,1,1,2,1,1,1,11,11,16,13,13,1,13,1,1,1,1,1,10,11,1,1,1,18,17,10,1,43,1,13,14,7,13,8,1,13,1,9,1,3,12,20,1,8,9,12,9,1,1,3,2,4,1,16,2,1,12,1,1,17,7,12,1,1,151,14,1,3,9,1,1,1,1,5,2,1,5,13,1,1,14,25,1,18,1,249,13,7,1083,1,1,1,18,7,12,1,9,17,1,102,1,1,16,1,1,2,1,2,1,10,1,6,126,1,16,1,1,1,1,7,1,1,1,3,1,6,15,1,152,24,1,11,1,16,14,2,1,1,1,1,1,10,9,1,15,19,1,11,11,17,1,1,1,12,18,15,1,13,1,12,1,15,1,1,1,1,12,14,15,4,14,1,1,12,15,1,1,16,11,8,1,1,18,1,1,10,11,1,1,1,1,15,1,14,9,1,12,1,1,1,18,12,1,1,18,1,1,10,1,1,1,1,1,1,1,14,1,1,1,15,4,1,1,1,1,27,1,1,1,18,15,11,1,8,12,1,12,1,13,13,1,10,8,1,6,1,1,1,18,3,4,1,1,15,1,14,1,10,1,1,1,18,14,1,6,10,1,1,1,1,12,5,14,1,1,1,1,11,13,12,9,3,1,7,8,1,2,1,14,1,10,18,1,17,1,1,1,1,16,13,1,8,12,12,5,1,2,1,1,14,10,1,12,12,1,18,12,1,11,9,17,12,13,39,1,12,1,1,1,21,1,1,13,16,19,4,17,1,1,1,17,1,26,1,13,1,1,11,1,1,9,8,13,22,1,2,1,1,1,1,14,10,1,1,1,1,13,1,10,6,2,13,1,1,1,15,1,14,20,2,1,1,1,1,19,11,1,6,23,6,4,15,2,9,1,10,1,1,15,13,1,46,1,8,1,18,10,29,1,13,9,2,16,13,18,24,1,24,11,1,12,10,1,1,1,1,18,1,1,18,2,1,18,14,1,12,11,11,1,9,1,1,12,8,18,1,12,20,1,1,14,1,1,1,19,1,8,3,1,1,1,1,1,13,17,17,1,1,1,13,11,8,1,7,12,15,6,9,1,11,1,3,1,1,1,1,12,5,12,1,12,1,31,5,8,10,15,8,99,1,1,1,1,9,69,13,1,1,1,17,11,16,1,18,8,1,10,17,1,1,12,19,1,1,8,2,12,12,15,1,1,7,1,1,2,1,1,9,16,10,1,25,13,1,1,8,1,9,7,11,17,1,16,1,13,1,18,7,1,16,10,2,2,1,26,1,12,11,15,1,8,70,10,15,16,1,49,1,1,9,1,2,15,7,9,3,10,12,1,1,20,1,1,11,1,4,1,1,12,16,1,10,1,13,2,7,14,18,1,70,1,12,1,1,3,1,1,9,11,13,1,18,1,10,1,15,1,12,1,11,4,1,18,14,1,1,1,3171,7,1,7,11,1,12,1,14,1,1,1,8,1,4,11,1,1,1,1,12,4,1,1,1,1,14,1,16,1,11,14,1,1,1,1,8,1,1,12,1,19,1,1,17,7,1,12,16,8,10,7,1,12,1,13,1,1,19,73,13,1,1,1,13,11,15,7,8,5,17,11,5,1,1,7,8,12,1,16,10,1,7,1,1,1,1,16,47,14,13,19,1,1,11,1,1,1,8,10,11,1,1,22,9,1,1,11,14,25,1,10,8,1,1,15,12,9,1,16,16,1,1,1,16,22,1,1,99,1,73,15,1,13,18,435,1,1,1,14,6,9,22,1,95,5,12,1,1,1,1,12,1,15,12,26,1,12,1,18,1,15,14,1,1,5,1,18,1,21,1,8,1,1,1,4,9,1,1,7,17,13,1,1,1,8,8,18,11,1,4,17,11,1,1,11,9,1,1,12,9,1,7,16,13,1,4,17,9,1,1,1,1,1,1,1,7,10,1,1,11,1,9,1,13,1,9,27,12,26,38,1,13,8,1,10,1,39,1,10,1,1,19,10,20,1,6,7,1,1,1,1,2,71,1,13,1,2,19,2,1,4,1,1,1,1,12,14,1,16,2,1,1,9,12,13,9,12,1,3,16,5,12,1,1,1,1,2,1,11,1,1,1,6,7,1,21,19,1,1,1,1,1612,11,15,12,19,14,17,13,1,1,1,14,1,10,15,1,12,1,6,4,13,24,15,14,1,12,13,22,18,7,13,1,1,1,10,14,1,1,11,1,70,1,1,4,14,1,1,1,1,11,1,1,21,1,1,1,12,1,1,11,1,1,17,1,8,27,1,1,1,1,1,1,1,1,9,1,7,1,26,3,13,19,1,1,1,1,13,13,15,2,1,10,1,2,10,1,1,7,1,1,8,1,1,1,1,1,1,1,1,6,1,13,12,7,2,1,17,9,1,4,9,1,1,15,8,9,2,1,1,27,5,15,1,1,1,1,1,1,1,23,1,14,1,12,18,10,15,12,1,1,9,1,1,1,14,2,1,12,15,19,1,1,18,18,41,1,1,1,14,1,1,1,17,12,1,1,11,9,1,16,1,1,1,1,1,6,1,7,13,9,1,18,13,5,16,1,15,1,1,18,1,1,1,2,9,12,1,1,16,1,1,22,1,1,18,11,1,10,25,1,1,1,15,1,1,13,12,1,12,1,9,11,9,9,11,1,20,14,18,5,1,27,1,1,12,1,19,15,19,1,1,1,1,15,13,1,1,1,16,16,12,14,9,18,37,15,13,18,1,1,1,1,17,1,1,1,1,1,1,17,1,20,10,1,1,1,14,14,17,18,1,20,11,1,1,19,1,22,11,20,15,1,1,5,16,9,11,11,2,1,6,13,20,8,1,1,1,1,1,1,1,13,1,1,8,1,48,1,6,8,1,1,13,1,7,1,1,1,1,10,2,1,1,1,1,1,9,1,1,1,11,1,8,1,11,1,1,1,20,12,7,8,16,1,11,1,13,1,4,22,15,1,18,7,1,1,1,12,1,1,11,7,1,19,1,16,13,19,1,1,1,1,1,12,1,1,1,1,1,11,1,5,1,1,1,16,1,1,12,8,14,13,1,1,1,1,16,14,1,15,24,1,1,1,8,4,1,13,13,8,14,3,8,6,20,13,9,1,8,24,1,1,13,16,12,11,14,10,15,11,16,1,1,1,4,12,11,1,1,1,13,1,1,1,17,19,7,11,3,1,8,1,1,15,1,1,15,17,9,11,5,1,1,1,16,10,1,1,1,14,17,12,11,13,11,10,10,1,10,1,4,18,1,10,18,1,11,7,6,1,6,1,16,9,14,1,1,1,1,17,2,12,1,1,1,13,1,14,26,12,8,1,1,16,6,15,1,12,1,22,8,15,13,12,14,1,10,1,1,17,1,1,10,2,1,1,24,1,1,1,1,7,1,1,8,16,1,13,23,1,30,1,1,1,1,13,14,3,1,14,1,1,10,15,16,1,1,1,8,3,4,1,13,2,5,17,13,3,1,4,1,1,1,12,1,19,6,16,12,1,1,1,1,10,8,1,1,11,1,1,1,13,13,14,14,1,15,9,8,1,3,11,1,1,7,46,1,7,11,1,1,21,9,17,9,1,8,1,1,16,39,16,10,8,4,27,1,11,10,1,1,11,1,1,6,10,7,3,11,18,8,7,2,12,15,1,1,1,1,1,21,5,1,1,1,1,13,2,1,1,1,1,1,1,1,1,1,2,19,3,1,5,1,18,16,1,1,17,1,1,14,17,1,13,1,1,1,20,12,8,11,9,4,1,1,16,14,17,15,14,1,22,20,16,5,11,1,1,1,8,16,12,10,3,25,1,1,1,1,11,8,17,1,2,9,1,1,1,15,9,7,16,12,1,9,1,1,1,10,15,1,1,2,1,7,2,11,13,11,1,1,1,13,1,7,7,15,22,1,21,9,18,1,1,13,9,10,12,1,1,10,10,15,12,10,1,1,17,15,7,19,1,1,14,1,1,1,4,9,1,9,33,22,1,1,1,15,18,17,23,1,1,6,11,13,1,8,21,1,1,1,16,1,4,1,1,12,1,1,1,1,4,1,8,6,1,1,6,11,16,1,22,1,1,20,1,1,11,17,18,10,14,17,11,1,12,1,1,1,1,10,7,13,1,37,7,1,17,1,14,1,6,1,1,1,17,1,11,1,11,1,13,1,13,6,1,14,1,12,10,17,14,12,1,10,1,14,13,1,14,3,20,1,1,14,13,19,17,1,1,1,301,1,2,35,1,1,9,1,11,13,51,13,14,9,12,11,12,1,5,1,13,8,1,13,9,10,1,1,19,15,17,2,10,1,1,1,15,11,15,16,17,1,1,1,2,4,12,9,1,1,12,9,8,13,6,17,14,1,16,29,1,11,1,1,1,1,8,6,1,16,16,13,10,11,9,10,1,1,29,1,1,1,12,29,11,12,12,16,11,21,15,22,21,11,14,1,1,21,1,1,7,12,7,1,20,10,15,8,16,1,9,1,1,13,14,1,2,14,1,45,1,1,1,6,8,19,9,12,1,17,3,1,5,16,14,6,1,1,2,16,17,1,7,26,1,1,1,1,16,1,9,1,1,19,19,1,5,1,16,7,10,12,1,6,1,19,13,1,12,10,10,19,14,30,10,1,12,6,14,1,14,1,10,14,1,1,11,12,15,16,11,8,32,103,1,8,9,1,1,7,23,9,1,17,1,12,1,13,1,1,10,1,18,8,1,1,10,1,1,16,15,1,1,1,1,1,1,1,548,10,1,14,1,18,18,1,17,17,12,1,1,5,1,11,9,10,9,1,1,1,1,7,1,1,22,1,13,8,15,18,1,1,1,1,1,1,15,21,15,18,16,1,1,22,1,10,1,1,13,11,12,1,1,14,1,14,1,9,1,15,1,1,8,1,1,8,10,1,21,13,1,1,1,1,4,7,1,1,22,1,9,1,2,1,4,18,11,11,13,11,1,1,1,8,9,9,19,1,12,30,1,17,8,1,1,9,14,25,1,10,1,1,17,1,16,12,4,6,9,1,10,20,22,2,5,18,10,1,6,11,5,20,12,13,95,1,4,1,1,1,4,1,10,11,7,1,1,12,11,23,12,14,1,12,1,1,13,11,1,5,1,1,10,1,16,13,1,8,1,8,1,6,1,1,13,14,9,17,16,1,12,1,2,11,1,13,12,8,1,1,1,10,19,10,11,1,1,15,9,10,9,1,1,10,10,10,11,7,7,1,1,14,13,11,1,1,2,1,12,1,1,1,4,11,1,1,16,12,9,13,12,1,9,1,1,1,1,1,27,1,14,1,1,5,1,1,10,1,1,1,13,1,19,18,10,1,12,18,1,3,1,49,1,19,11,2,3,1,1,15,17,1,1,1,12,3,18,6,1,1,19,19,1,1,1,1,1,15,23,11,26,1,8,1,8,1,8,1,1,1,1,1,1,42,10,17,13,1,26,9,1,12,1,1,1,1,4,1,1,15,15,11,1,6,18,15,7,1,1,9,14,1,10,1,11,8,9,1,1,1,13,16,16,8,1,16,1,1,13,11,1,1,15,1,105,14,1,1,1,1,1,1,1,7,11,1,1,1,16,1,14,10,10,8,1,16,6,4,15,18,1,1,1,1,1,12,16,13,10,5,23,1,13,1,4,7,1,1,17,15,1,1,1,1,1,13,1,1,1,1,18,15,1,11,11,1,19,13,1,19,19,12,1,14,5,1,11,1,19,11,7,13,10,14,1,1,1,1,1,9,6,1,1,1,21,7,1,10,12,13,1,13,4,1,11,1,3,5,16,17,12,1,1,6,18,13,1,23,1,11,1,18,10,14,1,13,1,16,16,10,8,15,5,13,10,234,1,22,1,9,1,9,1,37,32,1,18,1,1,678,17,1,1,1,1,1,15,1,1,18,107,8,14,1,1,12,7,1,9,15,1,1,16,13,17,22,1,1,1,1,1,1,9,12,80,1,39,14,15,1,11,1,1,1,1,1,7,10,22,12,11,1,1,10,686,6,16,16,18,20,1,6,13,1,1,1,1,16,27,13,76,17,8,19,15,12,55,1,14,1,1,1,1,16,5,15,1,1,11,4,11,1,1,1,1,8,18,1,21,1,15,9,1,13,4,20,6,1,1,1,1,1,1,7,16,1,13,4,15,1,1,13,13,15,1,3,1,1,1,12,1,7,1,35,2,18,9,1,18,14,2,10,2,1,1,9,16,13,1,2,13,1,1,16,1,40,16,12,3,3,1,1,10,10,1,1,8,16,1,1,8,1,11,24,1,15,92,9,1,1,10,18,12,1,15,1,1,18,25,16,1,1,11,13,2,15,1,1,10,11,15,13,1,1,1,1,12,14,1,1,14,1,8,13,1,16,11,1,1,14,1,1,1,1,13,1,1,1,23,1,10,15,20,10,13,1,36,25,1,1,8,23,1,1,1,1,1,7,19,17,10,1,1,1,16,1,17,17,2,19,11,1,16,12,17,6,1,14,1,1,1,3,1,9,1,18,12,46,2,25,15,9,1,13,13,5,1,18,1,1,1,10,9,1,1,10,1,9,1,2,1,8,1,4,14,18,13,15,1,11,81,18,12,1,17,14,1,11,1,16,3,1,1,19,13,9,1,1,1,10,1,10,16,9,1,1,1,17,1,10,18,19,1,2,11,1,1,10,19,8,1,1,12,1,1,1,1,3,11,23,17,1,1,19,1,3,15,1,1,8,1,20,1,12,1,17,1,11,1,13,1,12,10,20,1,10,33,1,19,12,1,27,1,1,9,1,13,7,1,1,15,7,7,23,1,8,16,1,18,27,1,14,71,1,12,13,1,17,15,1,1,57,14,11,10,1,1,13,1,1,1,10,6,9,10,1,16,98,10,4,14,1,1,12,23,1,1,1,1,18,13,8,3,1,1,11,19,14,22,13,1,1,1,13,18,1,2,19,12,1,14,1,14,1,1,11,7,139,12,1,1,1,2,1,1,1,11,3,19,1,10,22,15,1,1,5,18,2,1,1,1,1,7,8,1,13,1,1,1,21,12,12,8,1,16,13,1,12,1,11,91,1,32,10,12,1,1,11,1,1,1,1,1,16,10,1,24,8,14,1,17,1,7,1,1,1,1,4,34,1,1,1,10,1,1,1,14,1,4,8,8,1,1,1,1,1,1,1,1,15,13,1,15,9,1,1,1,6,1,1,1,1,5,20,7,1,12,1,1,1,1,6,1,17,25,1,1,1,1,2,1,16,1,1,1,1,16,10,3,13,12,13,41,1,1,1,16,29,13,11,17,10,9,17,12,3,1,1,24,1,1,1,7,13,13,16,13,10,1,1,1,13,2,5,1,1,4,7,24,1,2,3,1,14,14,6,2,16,1,15,13,1,1,11,14,9,14,1,1,5,1,11,1,55,14,15,3,22,1,1,12,1,5,16,1,1,8,15,1,11,1,10,8,13,3,10,16,16,1,1,1,1,12,12,21,1,17,12,16,9,5,1,1,1,1,14,10,1,1,11,10,14,16,1,1,3065,12,8,1,1,15,20,13,11,7,14,13,11,11,10,2,1,7,16,15,18,1,10,6,15,14,26,7,14,10,1,17,11,1,14,1,1,5,6,23,1,15,1,1,1,1,14,17,1,1,1,9,1,1,1,1,24,1,1,1,15,1,1,1,1,1,15,9,11,76,1,1,1,7,1,6,8,1,1,1,1,1,1,1,1,8,11,1,11,7,23,11,1,1,1,16,1,1,13,18,1,1,1,1,22,19,14,29,1,31,16,1,1,11,7,12,18,48,14,11,23,1,16,1,1,1,1,2,12,22,20,1,1,1,17,1,19,1,11,1,1,13,25,1,3,9,6,6,12,1,20,18,12,1,19,10,12,1,20,1,23,10,1,1,1,11,1,1,1,1,13,1,1,1,1,12,1,15,1,12,10,1,1,1,2,13,13,1,1,1,11,2,13,1,1,17,15,35,1,8,70,1,1,1,10,16,8,1,1,23,15,13,1,1,1,1,3,1,13,1,15,84,1,1,8,1,1,1,9,1,20,18,1,7,1,1,11,15,11,1,1,1,1,5,8,1,4,18,1,12,2,17,1,14,13,9,10,1,17,15,17,11,16,1,7,5,1,10,16,122,7,1,13,1,3,1,1,1,1,29,2,1,17,12,23,16,29,1,8,9,5,15,1,1,1,1,1,9,1,15,6,17,13,12,1,12,16,10,17,1,12,8,1,25,11,1,1,12,1,1,4,1,5,1,1,5,13,1,6,13,1,10,1,1,1,18,1,1,8,9,10,16,14,8,1,1,9,7,1,15,4,9,129,17,5,1,1,3,1,1,1,8,12,19,1,1,1,15,1,17,2426,2,1,7,87,10,1,4,21,1,18,1,1,1,1,10,13,1,11,23,1,1,10,1,1,1,13,7,8,11,1,1,20,7,9,1,9,16,13,1,4,1,1,13,18,1,1,7,1,10,1,5,1,10,2,3,16,2,1,13,12,15,4,1,20,4,12,1,6,1,30,12,1,13,17,18,13,1,1,1,1,7,10,1,12,14,4,1,1,12,1,19,1,23,1,19,15,9,12,16,4,1,8,1,1,11,1,9,1,21,25,1,14,1,1,15,1,1,10,13,14,10,9,12,1,1,13,1,1,1,1,1,1,19,1,16,13,1,1,13,9,1,1,1,1,6,265,9,11,1,1,1,1,1,4,1,11,6,22,21,14,1,1,5,6,1,1,1,1,73,9,6,12,16,1,8,8,15,2,10,1,10,1,3,1,9,14,1,1,1,1,14,25,20,1,19,12,8,6,14,1,7,1,1,15,10,11,15,12,1,1,12,14,1,12,1,1,16,10,1,1,16,14,1,9,1,11,1,1,5,1,11,12,2,1,12,1,8,7,1,1,20,9,8,11,12,1,1,18,6,1,1,1,13,1,1,10,14,11,4,1,1,1,5,1,1,12,1,1,18,1,1,10,1,14,1,12,1,1,2,13,1,1,13,10,1,1,1,13,15,16,1,1,12,1,142,21,11,1,12,11,29,5,1,7,1,13,1,1,14,16,1,19,1,5,1,1,1,8,2,13,11,10,1,1,5,13,1,10,1,12,4,1,1,1,1,12,1,1,1,2,10,1,1,15,1,13,1,1,1,1,12,16,12,1,4,1,1,1,7,3,1,1,13,1,1,1,5,13,1,29,1,2,15,16,17,3,17,1,1,1,1,1,1,1,1,1,1,35,14,1,23,7,10,1,1,1,10,15,19,10,1,1,1,7,5,1,1,11,16,12,5,18,1,1,1,1,1,1,19,1,7,14,1,12,1,12,14,10,17,5,1,4,1,1,8,22,1,1,18,15,28,1,3,1,14,11,11,18,8,6,13,10,8,10,1,1,8,1,8,14,15,1,1,1,7,17,12,1,15,12,17,1,13,10,1,14,12,1,12,1,1,11,9,11,12,16,14,1,11,12,42,21,10,1,7,13,1,1,15,1,6,14,1,1,1,9,8,6,1,1,16,18,1,1,11,1,9,17,7,6,1,18,1,1,17,19,23,1,1,1,1,1,15,1,15,7,12,1,1,1,1,1,19,1,1,1,20,1,1,1,1,19,5,1,1,1,3,1,1,10,18,6,1,1,1,1,13,1,19,15,1,1,1,1,1,1,15,6,15,1,1,11,1,1,13,1,1,1,1,15,7,1,1,13,1,9,14,1,1,1,1,1,1,11,16,13,9,1,9,12,85,10,1,1,1,11,1,1,9,1,14,4,1,58,1,1,1,1,1,1,1,11,11,1,1,10,13,1,1,13,15,1,15,10,23,9,7,11,15,7,12,12,1,1,1,21,1,13,13,1,1,1,7,17,13,11,1,1,11,1,8,1,1,17,6,24,1,1,12,22,1,1,1,1,1,1,11,1,14,15,10,1,3,1,1,11,1,1,1,7,8,1,1,14,14,13,19,21,12,1,19,1,15,1,1,14,1,1,1,11,12,21,13,1,1,1,18,1,11,1,1,1,1,1,4,1,1,1,1,9,1,1,1,5,9,18,1,1,15,1,1,1,1,1,1,23,15,1,12,1,5,19,1,19,18,1,1,11,14,9,1,1,1,1,16,1,1,1,19,20,1,1,1,3,1,19,1,1,12,8,22,20,1,8,5,1,1,1,1,10,1,9,23,1,13,1,15,1,1,8,1,1,5,1,1,11,9,1,5,1,2,1,1,1,23,1,1,1,16,10,13,10,17,8,10,17,1,9,1,14,1,8,15,1,16,1,4,9,1,15,8,1,16,22,1,17,1,10,12,1,8,1,7,1,5,1,23,1,1,13,10,1,9,22,6,11,1,12,5,1,1,1,1,1,1,1,13,1,1,13,13,7,1,6,8,23,10,10,1,1,2,1,1,1,1,17,1,8,14,15,1,8,7,13,1,1,1,4,1,12,12,1,14,1,12,1,1,12,1,1,1,1,1,1,4,42,15,1,10,4,12,11,1,16,8,1,11,1,1,15,1,1,14,15,10,16,1,11,1,1,7,1,12,1,35,1,1,1,1,1,10,19,13,1,7,1,17,1,10,1,1,1,14,1,15,14,1,1,5,8,1,1,7,1,1,1,9,8,27,1,1,15,16,1,8,11,1,1,1,1,12,13,3,14,14,12,16,1,1,1,1,4,15,1,6,12,8,15,1,1,1,8,10,64,15,2,14,1,12,15,16,1,1,12,12,9,1,18,11,1,1,17,11,1,9,1,1,1,1,15,1,14,1,9,2,13,1,1,1,1,1,1,1,23,5,2,23,13,6,1,1,1,1,11,18,1,52,8,9,10,11,1,17,1,1,7,1,15,11,11,18,8,18,12,1,1,4,11,3,16,13,1,1,8,1,1,9,19,1,6,1,14,1,13,1,1,355,2,15,1,1,12,1,15,19,15,1,14,17,1,1,17,3,1,11,1,1,20,2,11,1,1,1,1,1,16,1,1,15,9,1,7,4,1,1,17,1,1,10,14,13,12,77,5,1,11,1,3,1,2,7,9,21,13,13,13,1,15,1,1,1,1,1,1,1,1,1,1,1,1,6,11,10,16,7,23,12,11,1,1,1,1,14,1,1,1,1,43,1,1,1,2,10,1,24,1,11,1,17,12,14,1,20,7,1,1,11,9,23,1,12,18,12,1,1,27,10,10,12,5,1,1,19,7,14,9,1,20,1,1,10,1,8,10,1,1,8,21,1,6,12,1,11,1,1,2,1,1,1,9,1,15,8,17,12,1,23,13,1,26,4,21,8,1,1,9,10,7,11,1,1,11,1,17,13,14,3,1,1,11,1,15,1,7,1,1,18,1,1,13,1,27,5,1,14,1,19,1,4,1,10,8,9,1,1,3,13,1,13,1,17,11,1,1,51,1,1,1,22,1,1,1,29,7,1,1,14,1,11,11,3,19,1,1,1,18,20,11,15,1,7,11,1,13,15,1,17,10,17,38,50,1,17,1,1,18,11,16,1,10,13,10,15,1,1,4,1,21,1,1,1,10,2,11,1,11,16,3,1,1,1,1,1,1,1,1,4,1,7,11,1,1,1,1,1,1,7,13,8,1,1,15,7,1,12,15,1,1,13,17,1,1,1,1,12,12,1,1,1,1,20,6,1,1,15,1,1,7,1,1,1,2,1,1,28,1,1,1,1,1,1,7,3,8,1,1,44,1,8,1,19,6,9,14,10,9,9,1,14,16,1,8,15,11,5,9,9,1,633,18,7,9,6,1,19,9,1,1,14,12,1,9,1,15,16,1,3,33,1,2,19,15,5,8,1,15,8,1,18,1,34,2,18,1,1,18,1,1,1,9,1,1,1,1,1,4,10,1,1,12,12,1,1,1,1,10,32,30,3,14,1,1,2,1,1,2,1,1,1,1,1,1,16,1,1,16,11,1,1,1,1,1,1,1,10,9,1,1,1,1,9,1,21,1,17,1,1,1,1,12,12,3,1,2,1,1,1,1,1,1,1,16,1,4,1,8,12,15,1,7,15,10,26,1,1,25,15,15,27,1,12,1,1,1,1,11,23,14,16,1,1,39,1,15,1,1,7,1,1,13,1,11,1,9,1,17,1,18,1,15,10,11,1,13,4,1,14,1,2,1,1,1,1,1,15,7,12,1,1,1,6,1,1,1,15,1,1,14,16,14,12,16,4,1,16,12,1,7,10,12,1,1,9,7,12,10,6,14,11,7,1,9,1,1,1,1,6,13,12,11,18,3,1,1,1,1,15,27,12,1,1,1,9,21,1,1,1,7,14,10,11,1,1,23,3,15,1,1,1,8,18,17,2,1,11,1,7,1,1,22,15,6,12,8,1,11,12,1,14,1,1,10,14,1,17,15,10,13,12,10,1,7,1,1,15,14,22,3,9,8,12,1,1,1,1,17,1,1,16,1,1,16,25,11,14,1,19,72,1,23,1,2,1,11,1,10,15,1,1,3,1,14,1,1,14,12,12,1,9,1,1,1,1,9,14,1,12,5,14,4,1,15,54,12,1,6,6,1,1,31,19,12,6,1,1,4,13,1,17,13,1,2,1,15,1,12,13,9,1,13,1,13,1,13,1,21,10,1,1,11,10,1,1,3,15,19,1,22,11,1,11,1,13,13,10,12,6,12,1,10,1,15,9,15,11,11,4,1,1,12,9,1,13,15,1,15,8,1,13,13,79,7,1,13,10,18,12,8,5,1,12,1,12,1,13,12,6,3,1,1,1,6,1,1,11,14,1,7,5,1,1,21,14,1,8,16,15,1,1,1,10,14,1,1,20,13,15,1,43,1,1,1,10,33,13,1,1,18,5,8,1,14,15,1,1,10,1,10,12,2,19,1,11,12,1,2,7,1,13,14,1,11,4,13,6,1,1,6,1,16,1,9,21,1,16,1,108,8,1,5,14,8,1,8,11,8,6,24,1,1,1,1,21,1,11,10,8,86,1,1,1,17,1,1,1,1,12,1,1,11,1,8,1,10,1,17,7,1,2,1,1,15,1,1,9,1,1,1,1,1,1,1,8,16,1,6,11,1,1,1,1,17,8,8,15,11,5,12,1,4,8,12,8,13,380,1,18,12,14,1,1,1,15,57,1,1,10,17,1,11,13,10,1,1,8,1,15,7,1,1,10,1,6,14,1,1,4,1,19,1,1,16,1,1,1,14,1,15,18,1,25,8,1,1,1,9,14,10,4,1,16,1,1,10,2,1,15,30,7,7,11,1,2,5,1,17,16,1,1,20,1,11,12,9,15,1,10,1,11,17,1,1,21,9,10,1,5,11,1,13,21,1,1,1,13,1,1,12,16,1,19,12,1,1,1,1,21,24,12,1,1,5,12,7,1,12,1,12,1,18,15,1,13,12,11,12,19,26,1,1,1,15,1,1,15,20,1,7,20,1,17,18,17,10,10,6,8,11,16,13,1,1,19,1,11,1,8,1,13,9,2,5,11,12,1,1,1,1,10,20,15,1,1,16,1,1,1,20,13,1,1,2,17,11,1,1,4,1,5,13,18,1,6384,13,6,1,8,1,9,1,1,3,1,12,1,18,17,1,1,7,1,4,12,1,1,1,25,14,1,12,1,1,1,1,1,4,10,1,14,10,1,1,3,17,1,13,2,39,1,1,14,1,1,1,3,10,1,1,37,1,1,1,11,1,1,1,9,6,15,11,23,3,17,1,10,1,9,1,11,15,1,13,11,20,11,15,14,9,16,1,11,2,11,2,8,1,1,3,10,1,1,8,1,14,1,12,8,1,1,8,1,1,1,13,47,1,12,7,1,57,12,1,1,16,23,17,1,1,11,9,1,18,1,13,1,1,1,1,17,8,19,11,1,1,1,8,13,9,1,1,3,12,1,12,12,12,1,15,15,15,15,1,14,13,7,1,28,1,15,1,1,24,1,1,1,1,7,9,1,13,1,1,9,1,16,9,1,5,1,23,23,17,11,2,1,2,8,1,1,33,1,1,15,1,1,15,1,1,13,1,11,1,9,1,13,19,1,1,1,3,1,1,19,14,20,1,11,14,10,1,1,1,2,7,1,12,1,1,15,1,14,1,1,2,1,1,1,10,7,1,14,8,3,15,16,12,1,19,6,8,19,2,1,6,9,17,21,1,5,1,2,1,1,1,1,1,5,1,8,1,10,7,11,9,10,9,18,9,8,10,10,9,1,11,1,1,1,1,1,1,1,1,7,4,1,15,1,15,12,15,1,13,1,1,1,1,1,71,1,19,8,1,1,1,1,4,1,1,9,11,1,14,22,1,19,1,1,1,10,25,13,12,1,2,20,5,16,1,1,10,1,13,1,1,1,30,12,1,14,4,16,7,12,1,15,11,1,12,13,1,1,19,1,1,4,11,1,5,1,1,16,1,31,1,2,1,72,3,16,1,1,1,9,1,1,21,20,1,1,1,20,11,1,14,3,3,13,24,1,1,2,16,1,2,1,8,1,1,1,1,11,12,1,10,1,6,1,11,1,30,1,12,18,1,1,1,1,1,1,13,1,1,20,1,1,14,16,9,4,34,1,1,5,18,1,1,15,1,13,14,8,23,1,14,1,1,1,17,1,11,1,1,1,1,9,1,9,1,1,1,7,1,1,6,1,1,1,1,1,18,1,9,1,1,5,4,18,16,21,1,1,1,7,25,1,1,1,21,1,1,5,1,1,11,16,10,9,9,1,1,1,42,10,14,9,51,7,1,30,19,89,15,1,1,1,1,1,1,12,1,17,59,8,1,6,1,30,1,2,1,1,11,1,1,13,1,1,9,14,2,1,1,85,19,5,6,1,4,14,8,15,1,1,1,11,1,1,1,10,39,1,2,24,18,11,116,1,3,14,2,17,12,1,1,1,1,3,1,9,1,11,8,1,1,1,17,1,1,1,1,1,15,10,1,12,10,19,15,1,13,1,10,1,16,1,3,13,8,8,1,9,14,14,1,29,15,1,10,19,1,1,1,22,16,52,4,57,1,9,10,13,1,11,1,1,1,1,13,13,10,6,17,1,1,14,1,1,44,1,17,1,16,21,1,9,12,16,1,1,12,2,1,12,11,14,10,10,14,1,1,1,11,11,16,1,18,1,16,1,10,20,1,1,10,1,16,1,11,1,1,1,12,1,8,4,9,1,13,10,10,1,1,1,13,14,5,11,9,13,1,1,1,16,1,10,1,10,11,13,9,1,1,15,1,15,1,7,1,11,20,1,5,10,1,17,12,1,11,1,1,17,1,4,16,16,1,1,7,1,1,1,9,1,1,20,13,1,1,9,1,14,14,1,1,12,1,17,1,1,1,1,10,1,12,12,11,1,2,1,3,10,1,18,12,1,16,20,6,8,1,1,1,1,15,1,9,1,6,9,1,1,1,13,15,1,40,1,1,7,1,25,5,12,7,9,2,16,12,1,14,14,1,1,1,1,12,19,1,10,1,17,13,12,1,20,1,23,1,1,9,4,1,22,15,12,1,6,9,5,1,11,1,1,1,18,14,1,1,1,10,1,1,11,14,1,9,1,9,6,1,19,1,38,1,1,12,1,1,17,1,1,1,12,2,1,14,16,1,8,1,1,1,16,1,12,2,2,1,7,1,1,1,12,9,27,9,17,14,7,1,1,15,6,1,1,11,10,9,11,13,1,7,1,1,21,1,9,15,1,71,1,1,2,1,1,1,1,1,33,1,15,2,17,1,7,2,7,1,15,6,1,22,1,13,17,12,1,7,6,15,1,1,12,21,17,1,1,16,9,20,1,17,28,18,10,10,1,9,1,4,9,2,16,1,1,1,14,2,14,39,1,10,1,17,4,638,17,1,1,1,1,9,10,9,1,6,12,1,13,16,14,11,3,1,1,1,12,14,8,1,5,1,11,1,16,1,13,12,1,19,1,13,1,1,1,11,13,9,1,1,1,1,7,1,7,1,912,2,12,9,21,15,313,4,6,1,9,1,1,1,15,11,1,1,1,11,12,1,1,1,15,12,1,1,4,1,1,1,13,1,12,9,1,5,16,8,1,11,12,8,1,15,19,1,1,13,11,67,1,1,7,23,24,16,1,15,6,8,1,1,1,10,11,15,17,2,2,218,13,14,1,1,22,6,1,11,1,18,1,1,1,25,1,8,1,1,1,11,1,1,1,1,17,2,1,1,1,7,19,15,1,13,12,22,1,1,9,4,10,28,15,1,7,12,1,8,13,14,1,1,1,14,10,66,1,1,14,6,1,10,1,11,1,1,4,1,9,5,1,11,14,1,2,16,13,1,1,1,1,1,8,6,1,9,1,1,1,1,12,1,1,1,14,17,21,11,2,13,1,17,11,3,23,1,9,1,1,9,17,1,1,1,13,4,6,1,1,1,22,1,7,15,9,1,1,1,9,1,1,1,1,1,33,1,13,6,1,1,1,1,1,13,12,1,1,1,24,8,1,40,1,18,1,13,1,1,11,1,1,16,86,1,18,1,1,16,18,11,16,2,1,1,12,1,10,9,1,1,11,1,1,24,8,1,21,18,18,1,1,1,8,66,21,1,1,16,1,1,1,1,15,14,11,1,18,14,8,9,1,14,15,1,15,5,22,1,8,1,7,11,1,1,12,11,1,1,1,1,17,1,27,1,22,11,13,11,15,12,13,1,1,10,1,1,15,16,14,1,1,1,1,1,8,19,1,1,8,1,1,1,12,10,10,12,1,9,1,3,1,3,1,1,1,15,1,15,1,1,1,1,14,17,1,1108,15,1,1,1,3,1,34,1,6,11,1,44,1,14,1,1,9,19,1,1,12,1,1,12,7,1,1,13,9,11,1,1,12,8,1,89,1,11,7,1,1,4,11,11,1,7,1,7,5,12,1,7,9,1,13,24,1,1,19,5,13,11,1,9,1,1,11,1,1,16,1,22,13,9,1,1,18,16,16,1,8,5,16,17,1,1,16,14,9,1,1,1,1,1,1,16,143,1,12,8,14,1,1,12,1,1,1,8,1,1,1,13,1,12,12,1,16,1,12,1,26,17,13,1,15,11,17,1,3,7,1,22,1,17,1,667,18,21,1,11,10,1,1,16,5,1,7,20,14,1,1,12,1,3,12,11,9,2,14,17,1,6,1,1,1,13,1,14,15,4,1,1,20,1,10,1,14,1,1,29,14,7,1,1,1,1,12,16,1,20,25,1,9,12,13,16,2,1,14,6,1,1,1,1,1,21,1,4,1,16,1,1,12,1,1,1,7,2,1,14,13,1,1,15,16,12,10,1,14,27,1,1,11,5,1,2,1,15,1,1,1,1,10,17,15,16,1,1,14,3,1,7,7,8,14,8,16,1,9,1,1,1,15,8,1,24,11,1,10,1,1,11,1,16,18,12,1,1,1,9,2,10,14,23,1,1,1,9,10,16,12,1,1,9,10,11,13,5,1,5,6,1,1,1,13,1,1,1,61,15,12,4,1,1,14,7,1,1,3,1,1,1,18,14,17,16,1,1,1,1,11,1,9,1,7,10,4,17,10,2,1,12,1,1,21,1,10,17,1,14,15,6,1,1,6,12,1,97,5,1,13,3,1,1,1,6,1,1,16,1,1,10,1,1,1,9,20,9,8,1,9,1,1,11,1,1,1,24,3,1,9,12,17,2,11,2,1,1,6,1,7,1,9,11,1,1,1,1,1,1,1,1,1,25,1,1,7,7,1,1,6,8,1,16,6,17,17,1,1,1,1,1,1,1,1,1,1,3,1,1,9,11,15,13,9,1,15,19,1,1,1,1,13,10,15,3,133,10,1,1,10,1,1,11,13,1,1,8,1,1,12,11,10,1,17,14,1,1,20,12,1,17,1,11,1,12,1,14,1,14,1,4,1,1,1,1,1,9,1,15,13,1,12,14,15,8,9,14,1,1,1,1,12,15,1,16,15,9,1,19,9,14,15,16,12,8,12,15,7,1,13,1,1,4,14,1,1,8,1,13,1,1,1,6,1,3,1,14,12,12,15,11,11,1,17,1,1,13,15,8,1,1,9,1,31,1,1,19,14,1,1,15,1,1,1,12,20,1,14,1,1,1,1,15,1,12,18,34,15,1,1,18,1,1,9,1,11,1,16,7,5,1,6,1,1,1,1,1,15,1,12,1,1,1,1,1,1,1,1,3,4,1,1,15,1,6,6,1,1,7,1,1,9,1,15,1,1,5,12,1,1,1,8,1,11,1,1,3,18,1,11,10,12,8,18,5,7,11,8,6,8,19,16,1,1,1,1,13,1,1,1,16,14,1,11,1,4,1,3,13,7,14,1,1,1,4,26,14,12,13,1,1,1,1,1,12,18,1,9,1,1,11,8,1,12,9,11,1,1,1,1,31,1,20,1,7,20,5,6,1,2,4,9,1,29,1,7,20,13,5,14,2,14,8,18,1,1,14,1,1,4,12,10,13,16,1,1,1,1,1,10,19,1,8,16,18,14,14,11,17,21,12,1,6,1,17,1,11,14,9,12,14,1,1,1,15,2,1,8,4,1,8,15,1,1,11,1,1,17,1,12,1,1,12,1,1,18,8,9,1,6,3,1,14,1,14,13,1,20,1,9,1,11,10,1,9,1,1,1,13,1,1,9,4,7,1,12,13,19,16,1,8,1,14,18,16,1,12,6,1,1,1,1,1,16,10,81,1,1,10,1,1,4,9,18,76,16,8,9,12,1,15,1,1,15,9,11,13,21,16,7,16,1,16,13,1,8,11,1,1,12,19,1,1,16,1,1,1,3,17,12,1,19,1,9,18,12,1,11,7,1,7,20,1,11,2,2,1,12,70,12,1,1,12,1,11,1,13,1,18,13,1,10,1,19,6,15,15,1,9,1,121,14,1,1,21,10,4,1,1,4,1,1,8,11,1,1,1,1,12,7,13,13,9,1,1,1,11,13,1,14,1,14,12,24,1,18,1,26,9,8,1,16,1,26,8,7,1,7,1,1,14,1,3,1,7,17,1,12,21,1,13,1,11,1,1,8,10,6,1,1,1,1,1,11,1,13,8,1,1,1,1,21,15,6,1,11,11,9,1,1,1,10,1,1,10,15,1,1,19,9,1,1,1,10,1,1,16,1,8,1,1,11,16,17,16,1,10,1,1,1,1,15,1,1,11,1,1,1,1,1,1,10,1,1,34,12,9,1,1,9,1,12,2,12,11,19,5,1,12,18,1,1,11,15,1,21,1,13,2,15,19,1,1,1,7,16,1,6,13,17,14,7,1,7,1,70,16,9,9,12,20,12,16,10,17,7,1,12,12,12,9,1,11,1,1,2,16,1,23,7,15,20,1,1,1,2,1,1,14,16,1,1,1,2,1,12,12,12,13,15,1,3,13,1,15,9,4,1,3,2,16,1,10,1,10,14,1,12,1,1,1,3,1,1,1,1,15,23,1,11,9,14,1,2,26,1,1,1,1,1,3,1,13,21,1,13,1,1,1,13,15,1,2,13,17,2,1,1,1,13,14,1,16,125,12,1,31,1,1,1,1,9,7,17,1,17,1,12,1,9,25,1,1,1,9,17,1,7,1,1,10,1,1,1,1,1,1,2,17,6,1,1,30,15,11,1,2905,1,19,1,1,9,1,1,1,8,1,10,15,1,1,1,1,2,9,1,1,46,16,10,1,16,13,12,9,17,9,20,1,6,16,7,1,1,13,14,1,11,11,1,19,1,1,11,10,1,16,15,18,11,8,1,1,16,6,1,14,1,13,5,14,1,13,1,14,1,1,12,7,1,11,1,10,14,9,1,9,1,9,17,10,1,13,15,1,13,1,8,9,9,2,12,1,13,18,10,19,1,1,1,1,19,6,12,15,25,15,12,16,1,11,13,12,1,49,1,1,15,1,8,15,17,1,17,1,5,1,2,16,5,13,1,1,1,1,1,1,9,1,2,9,1,1,12,1,1,1,22,1,1,1,1,1,1,14,1,1,1,1,7,1,24,1,1,11,1,1,1,1,1,21,11,1,16,1,13,1,6,14,27,1,9,27,14,1,5,1,14,9,21,14,1,13,29,17,10,1,13,21,19,18,1,14,12,15,10,1,1,22,81,1,6,9,2,8,1,1,1,1,7,11,17,1,1,1,16,16,9,11,1,9,20,1,1,13,16,1,18,13,1,7,1,1,1,1309,14,2,1,20,15,1,1,1,1,1,1,1,1,14,1,15,1,15,13,5,1,1,1,1,8,12,18,8,12,1,2,1,1,17,1,14,12,38,1,11,8,18,1,10,19,1,22,1,1358,8,1,1,18,11,1,21,1,1,1,1,1,1,1,1,13,14,1,14,1,3,13,1,18,12,1,1,1,12,1,1,16,1,1,1,1,28,26,10,1,5,1,1,1,18,16,1,2,1,1,1,1,1,9,2,11,14,1,1,9,1,74,13,1,5,1,1,1,11,9,1,16,17,1,1,1,1,15,16,1,1,1,1,1,15,1,17,1,1,3,11,1,18,1,14,1,9,2,1,10,4,12,26,1,1,1,1,13,1,10,5,10,10,1,1,1,11,1,1,1,13,1,13,1,1,13,16,10,9,1,2,14,1,1,4,16,10,14,1,1,19,12,7,1,1,17,12,1,1,11,1,1,15,1,9,9,14,12,1,16,1,1,1,8,16,8,1,11,1,17,6,14,15,18,1,13,15,18,11,1,19,13,1,1,1,8,2,14,6,15,22,15,1,12,1,1,19,8,15,5,1,1,17,2,14,16,19,1,1,1,2,1,17,10,1,1,30,1,6,1,8,14,1,19,17,1,12,10,22,1,12,14,13,14,11,1,1,10,1,1,6,1,1,17,30,15,1,1,3,11,10,1,14,8,1,5,1,9,9,13,1,13,14,11,1,1,14,19,10,7,15,1,19,1,1,14,7,1,1,15,1,17,44,1,15,1,1,1,20,79,15,22,15,1,4,1,10,13,1,1,10,213,1,13,1,20,13,46,14,1,10,1,14,12,1,5,1,78,1,1,1,16,1,1,16,11,1,9,1,15,15,9,11,15,1,1,1,1,1,9,1,1,1,1,1,1,12,1,6,1,1,7,1,1,1,18,1,1,1,1,1,11,1,1,26,1,7,1,14,1,3,1,1,1,12,1,1,23,1,1,1,12,2,1,1,7,14,18,1,1,1,23,1,13,16,11,1,2,13,1,1,1,10,9,2,1,1,16,10,1,1,12,1,16,1,15,2,14,18,1,10,5,2,96,8,1,20,7,1,1,6,11,1,16,1,12,1,1,1,1,18,1,14,13,1,29,1,1,1,1,23,15,1,6,15,1,16,13,5,16,1,1,1,8,8,1,11,8,1,18,1,1,1,1,1,1,1,1,7,14,1,17,1,1,20,1,14,1,1,20,10,11,1,1,1,4,8,12,27,1,19,1,1,11,1,12,13,1,6,1,12,13,1,1,1,1,12,1,1,12,13,2,1,1,16,1,17,1,11,1,61,2,16,1,16,1,1,14,10,11,15,15,15,7,11,11,13,1,17,5,14,1,1,15,1,13,1,1,10,1,1,2,1,13,18,1,21,14,15,2,22,5,1,6,12,12,13,9,1,26,6,13,1,1,10,24,1,13,11,1,60,6,1,12,14,1,1,1,1,1,97,14,17,1,1,11,1,12,1,2,1,18,1,1,9,1,9,1,1,1,1,7,13,1,1,11,7,18,11,4,1,17,10,1,24,12,12,9,1,1,1,10,32,17,1,1,13,1,11,1,10,15,8,12,6,1,152,1,17,1,22,1,7,12,8,1,1,13,1,1,1,11,1,11,9,1,1,12,1,1,2,1,1,1,5,1,1,1,1,1,1,1,10,9,12,1,1,15,1,20,13,1,1,19,15,1,4,20,1,1,16,1,13,1,1,11,19,21,6,1,11,1,1,1,34,10,18,1,10,10,1,16,12,1,6,11,16,12,12,8,1,16,9,1,22,17,18,11,1,15,1,1,17,21,20,5,10,12,17,12,14,1,1,11,23,11,9,16,13,24,1,21,16,11,1,9,1,1,11,12,16,1,1,4,1,2,16,15,13,7,1,1,1,23,29,1,20,10,1,17,10,9,12,9,1,4,9,14,10,1,1,13,16,29,5,8,6,7,1,15,1,10,1,6,1,10,19,1,1,1,23,1,9,1,9,6,18,15,1,10,1,15,20,10,1,1,1,3,10,1,18,1,13,5,1,14,1,1,12,12,10,13,6,17,1,7,12,1,1,21,15,1,6,1,7,12,9,11,1,1,14,18,9,1,1,1,12,1,1,1,7,9,1,1,1,9,8,17,1,1,1,13,10,1,1,1,1,1,1,1,1,19,1,1,18,13,9,14,7,16,2,1,3,1,1,15,14,56,1,10,1,5,9,1,16,20,1,14,1,1,1,17,15,11,1,1,1,1,11,1,13,12,1,1,4,1,14,13,13,1,1,1,12,6,1,12,1,16,1,1,5,1,1,25,10,1,7,1,1,14,1,1,1,15,20,2,5,12,1,1,22,19,1,17,15,15,10,5,10,27,16,1,10,1,1,11,1,1,12,1,14,10,34,15,15,5,1,1,8,4,16,37,1,8,7,1,1,1,1,11,1,1,9,1,1,1,1,1,1,20,1,1,1,11,8,15,1,1,1,1,1,14,9,11,12,1,1,1,1,4,1,1,14,6,16,11,1,16,15,1,1,1,18,5,1,1,15,19,13,15,1,15,1,16,1,1,8,13,1,1,1,1,1,1,1,1,1,1,1,1,1,9,4,1,13,1,1,2,1,10,1,1,1,1,1,1,1,8,1,13,2,1,1,1,10,10,18,7,19,1,1,1,1,2,6,1,1,1,12,1,10,13,1,1,12,11,1,12,14,8,11,1,1,7,7,14,85,15,1,1,18,1,8,1,14,21,1,1,27,1,1,8,1,1,3,1,1,14,8,12,1,1,1,1,14,6,1,8,12,7,10,14,1,1,11,1,15,8,3,79,1,31,1,1,5,10,11,3,9,8,21,1,16,17,12,1,9,1,14,1,1,1,9,7,14,19,6,1,1,1,10,1,18,16,1,13,1,31,9,1,12,15,6,1,463,22,1,1,6,10,72,1,16,1,4,1,1,21,1,7,1,13,14,16,16,1,1,1,1,15,18,4,9,15,15,1,1,9,5,13,12,8,11,1,1,1,21,1,1,17,8,141,11,1,1,8,14,10,14,1,10,14,1,1,1,1,1,1,1,1,12,1,1,21,1,1,19,11,1,16,1,1,1,10,1,1,15,1,1,13,17,1,1,1,14,11,10,1,2,10,20,2,8,1,1,11,13,11,1,1,1,13,9,1,1,1,1,6,1,10,1,19,1,1,20,1,1,12,1,11,15,13,6,18,1,11,11,13,22,5,1,8,25,1,2,14,20,7,16,13,1,2,1,10,7,21,11,1,1,6,1,1,22,18,20,1,8,12,1,18,1,1,1,14,1,3,15,19,14,17,1,9,45,1,1,6,25,1,1,2,9,1,1,11,9,1,106,11,9,9,11,2,1,9,1,9,11,1,13,1,1,2,2,7,7,1,12,1,3,16,1,1,14,1,9,12,1,10,12,5,1,1,1,17,1,1,2,8,1,1,10,1,11,22,17,1,1,1,13,14,1,8,19,1,3,1,26,5,9,1,1,10,11,6,10,15,1,18,3,7,12,8,11,7,10,13,1,1,11,19,16,10,1,3,25,11,1,6,13,14,1,22,16,15,4,1,16,1,10,1,9,1,17,1,1,7,1,11,20,1,16,11,12,1,1,1,1,10,11,12,18,24,1,1,9,4,1,1,1,1,1,14,10,17,6,5,4,7,10,1,11,12,15,1,1,14,14,18,1,14,1,1,28,13,9,1,6,8,10,1,6,6,1,16,1,14,12,1,6,1,11,1,465,15,10,1,14,2,1,10,1,1,14,1,11,1,16,9,1,1,16,8,1,1,16,1,9,1,1,1,1,5,21,14,16,19,8,25,1,1,1,1,1,8,20,1,1,1,1,1,11,15,13,1,17,1,1,12,1,19,15,16,1,1,1,1,15,1,1,1,16,13,11,8,2,17,16,1,2,1,25,1,1,16,14,14,8,18,6,6,9,1,1,1,1,6,1,1,13,1,27,23,9,1,1,11,9,1,5,12,1,1,7,1,1,1,15,10,1,1,1,1,1,15,6,60,1,19,16,13,3,1,16,3,1,1,13,12,14,6,7,9,11,1,19,18,15,12,2,9,7,1,12,7,13,15,52,1,13,5,1,7,1,15,10,9,22,12,10,22,1,1,1,8,7,1,11,16,12,1,1,12,15,11,1,1,12,10,14,14,26,16,13,5,5,13,8,71,12,8,1,15,1,7,7,1,1,1,12,1,1,101,1,10,1,12,7,24,1,1,12,13,11,1,3,1,1,13,8,9,19,1,7,15,13,1,1,20,15,1,14,19,13,1,35,1,10,6,26,12,1,10,23,1,1,1,11,18,12,13,9,9,12,1,16,1,13,14,1,12,1,27,20,19,18,5,15,124,24,1,1,13,17,1,13,1,12,10,1,12,15,1,22,1,12,1,7,16,1,7,1,13,16,1,14,1,19,13,1,8,1,14,7,1,1,27,7,1,1,1,11,1,5,1,1,1,1,1,19,17,12,1,1,1,17,1,1,12,8,13,2,41,14,1,1,17,70,10,1,8,1,1,1,21,1,1,1,12,1,4,8,1,1,14,18,1,1,14,1,1,1,1,1,1,3,14,1,12,9,2,1,14,1,17,1,11,1,11,16,1,1,11,1,1,22,1,13,9,1,13,1,1,1,3,1,1,1,1,17,1,18,9,1,11,1,23,9,1,1,10,1,1,1,1,14,1,1,16,1,137,1,10,11,1,1,19,11,8,15,1,1,1,1,8,9,1,12,1,5,1,1,1,1,1,10,18,5,15,13,1,16,6,1,10,13,1,1,2,1,1,1,12,1,14,11,13,1,17,1,1,16,1,1,16,4,1,1,1,8,9,21,12,12,11,1,20,13,21,22,26,1,9,11,1,1,1,11,15,1,16,1,8,2,17,15,1,8,13,14,16,1,1,4,8,9,17,14,1,10,5,1,1,24,91,1,1,19,1,16,1,13,9,1,12,2,10,1,1,1,13,18,1,1,25,9,10,6,1,1,1,1,10,1,1,11,1,7,15,1,1,1,1,1,8,1,1,11,15,1,9,2,1,1,16,1,18,1,9,1,13,21,1,14,18,16,1,1,1,1,15,11,1,1,1,1,7,1,1,1,10,16,1,1,2,1,19,2,1,1,5,1,15,3,76,1,3,1,1,19,13,1,1,10,3,29,1,1,1,1,22,16,11,1,19,6,19,1,18,9,14,1,1,1,1,1,1,1,23,10,1,8,18,1,1,1,9,1,2,12,1,1,39,1,15,13,5,1,12,1,21,5,16,2,1,1,1,1,8,10,17,1,18,15,103,1,9,16,1,12,1,15,1,11,1,23,6,14,12,10,1,1,3,1,1,14,13,1,12,3,1,72,1,1,1,1,1,1,18,12,12,9,7,17,7,16,1,14,1,1,1,11,1,8,14,1,1,1,15,1,1,19,18,11,1,1,1,21,13,1,2,1,9,20,1,3,12,8,1,1,10,14,9,1,12,1,1,14,1,9,13,13,1,1,11,6,6,5,1,10,1,16,16,16,4,1,1,13,1,1,17,14,1,7,6,11,16,9,16,14,1,13,11,10,11,12,2,13,1,12,1,9,8,1,31,10,6,13,15,6,9,8,13,19,1,11,1,6,1,14,1,14,20,10,20,27,1,16,1,1,4,1,12,1,1,10,6,1,1,1,20,11,1,11,1,8,1,15,3,1,3,14,1,1,1,1,14,1,11,17,9,15,12,24,15,1,13,2,10,1,7,1,1,10,1,19,1,18,9,1,1,13,1,1,59,7,1,1,1,1,1,7,1,1,12,14,1,19,13,10,8,20,17,12,16,1,11,12,9,1,6,1,16,24,23,43,4,1,20,1,1,1,1,12,1,2,8,8,1,5,1,6,1,16,12,1,19,1,19,14,1,1,17,1,13,24,16,1,25,12,2,1,12,1,6,13,1,1,10,1,12,1,1,1,1,11,9,10,1,1,6,16,1,14,20,13,1,10,19,10,11,15,8,1,1,16,10,1,16,1,1,14,10,1,1,2,15,10,1,1,1,1,1,1,7,1,1,1,1,1,1,4,3,14,9,17,1,18,25,16,1,1,12,1,1,17,1,16,1,1,1,1,10,12,1,34,2,1,13,1,11,9,4,1,1,8,1,12,11,14,17,11,1,10,8,8,18,11,18,1,1,14,13,1,2,19,11,1,6,2,2,9,16,1,16,1,22,36,17,2,1,6,17,1,1,1,7,1,1,1,18,2,1,10,1,1,18,1,1,1,1,1,1,6,1,1,1,1,14,16,1,1,1,9,9,7,1,4,13,1,1,1,11,104,1,1,7,4,1,1,1,14,19,19,1,1,11,1,13,2,1,1,1,1,21,11,8,16,1,15,11,1,4,29,1,1,1,1,1,1,10,10,1,19,1,1,10,19,18,16,39,1,1,12,1,10,1,8,1,19,16,1,13,1,1,1,6,1,28,15,16,12,12,1,8,1,1,26,17,1,13,9,1,1,8,17,1,9,1,1,21,13,1,10,2,1,15,1,20,1,1,1,7,6,6,1,11,7,1,1,1,1,1,1,12,1,16,17,1,1,14,1,13,23,12,22,1,1,1,10,11,1,30,27,8,1,1,1,1,11,11,11,1,18,8,11,7,1,10,11,5,9,6,10,15,15,17,1,16,7,20,13,14,1,1,11,12,1,1,1,1,2,1,1,1,1,1,1,16,15,6,12,1,12,18,7,13,1,10,1,17,11,14,29,8,1,10,1,11,1,17,15,1,6,1,1,14,7,1,1,20,1,6,11,8,17,14,1,6,1,1,1,1,15,12,1,1,1,1,1,18,11,1,1,1,1,1,15,27,16,9,17,1,1,25,17,22,17,11,2,17,1,1,1,1,16,14,1,1,20,1,10,1,1,1,9,1,1,16,1,1,254,9,1,8,12,1,1,6,1,12,1,1,14,14,18,11,1,2,14,1,1,27,11,1,9,1,1,14,4,5,1,1,1,10,1,3,1,1,1,1,7,1,9,1,1,17,8,9,13,13,1,1,14,14,24,1,1,85,12,1,16,5,13,12,1,7,16,9,1,2,11,8,1,1,20,1,10,1,8,1,1,10,14,1,7,7,1,1,9,1,7,1,17,1,14,12,1,1,2,14,1,1,1,9,1,57,1,3,18,1,14,1,1,10,16,14,3,17,1,1,10,14,20,14,1,1,23,1,1,9,21,1,17,7,1,1,12,11,1,1,24,1,1,11,1,2,13,1,1,1,20,11,24,1,1,6,29,1,1,1,1,14,15,7,20,10,21,1,12,18,1,9,1,22,23,1,1,11,14,25,1,10,18,14,15,14,1,1,1,1,1,11,10,125,17,10,10,17,10,9,14,11,1,1,1,13,13,1,5,11,1,1,13,1,1,6,9,10,16,12,5,1,1,1,1,1,15,10,3,1,12,4,1,10,9,1,21,1,16,19,1,1,1,15,1,6,1,1,1,1,1,1,1,1,1,15,13,15,1,1,1,12,1,11,27,1,8,17,12,5,1,10,19,14,13,13,20,12,1,1,1,16,13,12,13,7,16,10,9,9,18,1,16,1,20,1,10,2,1,6,3,1,11,1,1,1,10,9,12,1,1,1,1,19,8,13,1,1,16,1,5,1,1,11,11,1,11,9,1,14,5,15,1,19,1,4,4,2,1,1,1,1,12,1,1,7,1,20,1,1,4,8,15,1,18,1,18,10,4,1,10,1,1,16,40,1,1,1,1,9,1,1,1,10,1,8,14,1,16,9,1,17,18,1,27,1,11,9,15,1,16,1,22,20,14,1,1,1,1,6,1,7,1,1,1,1,19,8,9,1,1,11,1,16,17,1,1,1,1,1,5,1,1,1,1,1,1,16,1,6,1,14,1,13,1,10,1,7,1,1,1,10,4,12,5,1,1,13,9,1,9,16,1,1,1,36,14,8,11,21,15,11,19,1,4,1,11,11,1,1,47,1,3,10,1,1,1,1,1,1,1,1,3,1,1,1,21,9,1,14,6,18,1,1,1,10,98,5,1,15,1,1,14,1,1,7,7,17,1,1,24,16,1,1,9,8,1,1,12,1,2,2,1,1,1,1,8,1,14,1,17,23,9,14,9,14,10,14,15,18,13,2,13,1,5,1,1,3,1,1,1,10,12,13,1,1,2,10,1,1,9,16,18,14,1,1,1,2,13,5,17,14,1,10,1,18,17,16,8,1,10,21,1,15,9,1,1,1,1,12,11,1,9,8,5,1,1,19,1,15,1,13,5,18,22,12,1,11,12,1,7,12,1,11,1,1,1,1,1,1,1,1,2,1,16,15,1,6,13,1,1,5,5,6,10,5,5,1,17,1,8,10,8,1,10,1,1,1,1,32,8,10,20,2,1,1,10,21,15,1,1,1,1,1,9,18,1,15,19,14,9,13,8,13,14,1,16,1,22,10,1,1,6,1,8,1,1,8,12,1,12,12,13,3,1,1,1,14,10,2,6,24,1,23,1,11,9,16,14,9,13,1,1,1,19,1,14,6,11,17,1,51,2,12,67,7,7,12,1,5,7,8,1,12,1,10,1,12,11,19,20,4,15,13,1,11,9,1,1,17,1,1,18,1,1,1,14,1,1,7,11,1,12,7,1,1,10,1,1,15,1,1,25,1,1,1,1,14,16,8,1,7,1,7,23,1,1,6,1,18,1,1,18,8,1,1,5,13,14,1,18,8,1,1,1,1,1,1,1,1,10,1,11,9,1,11,2,20,8,1,18,10,16,1,13,1,21,18,1097,13,5,1,1,16,1,14,1,10,1,2,5,13,1,1,12,11,11,1,1,13,13,9,10,2,22,1,15,1,1,1,9,13,1,10,12,1,15,11,1,14,3,1,1,1,14,1,11,6,21,1,33,1,1,36,1,1,28,17,18,1,1,10,1,1,1,26,16,1,1,22,1,1,9,1,33,8,12,1,14,22,1,1,16,16,15,7,3,1,1,11,1,1,1,1,16,1,1,19,379,9,16,1,1,12,1,1,1,12,1,12,1,1,16,15,17,1,10,1,14,1,1,1,12,1,112,1,1,43,3,7,1,8,1,19,1,1,6,9,12,1,11,11,1,1,9,1,14,13,13,20,1,6,2,1,1,14,16,1,16,1,1,1,12,1,1,21,1,1,9,1,20,13,1,1,1,1,1,18,7,1,1,15,4,1,7,279,15,8,7,1,6,16,1,9,12,6,7,1,7,6,1,1,6,15,11,10,1,17,1,1,1,23,11,13,1,5,1,1,3,1,16,2,1,1,1,11,10,1,18,11,1,1,11,17,14,1,1,1,2,1,1,1,12,1,1,10,13,1,8,1,1,1,1,1,11,2,4,15,2,13,3,1,10,1,8,1,1,12,8,1,12,10,6,14,2,18,3,1,54,13,14,14,1,1,9,10,8,12,5,16,11,1,109,13,6,17,14,13,10,1,1,1,1,17,22,1,14,1,8,1,12,1,12,1,12,1,10,1,14,1,1,16,8,11,12,14,10,15,1,1,14,18,1,11,4,11,1,1,1,168,1,1,1,1,1,18,1,1,1,10,1,13,1,17,6,13,1,11,1,6,1,1,5,14,1,3,1,1,18,6,2,1,10,1,1,15,1,1,19,4,1,16,6,1,10,21,1,16,1,18,13,9,1,2,15,1,14,1,18,1,1,12,11,10,15,17,8,21,1,13,5,1,1,13,1,12,1,1,6,21,14,13,14,1,2,1,1,9,2,74,12,1,1,10,16,8,9,14,7,1,1,1,10,7,1,13,15,1,1,12,1,1,1,40,1,7,1,1,1,1,1,5,2,11,1,1,1,17,2,1,1,1,3,1,1,2,15,2,1,9,1,11,13,17,1,16,1,1,1,1,26,1,22,1,9,3,17,19,1,19,2,1,1,13,1,19,1,1,17,1,1,11,8,1,13,1,7,11,1,1,1,1,12,1,1,13,13,15,14,8,1,25,1,14,16,20,13,1,19,12,1,1,1,3,1,1,20,1,1,6,11,12,13,43,5,1,1,17,1,17,14,1,1,10,1,9,4,21,4,2,1,1,9,18,1,16,74,1,6,1,14,1,6,15,13,1,1,1,1,12,15,10,5,16,19,5,1,3,8,14,1,8,13,1,1,1,10,1,1,12,2,19,1,1,5,1,13,13,16,1,13,1,9,1,1,18,12,2,8,1,15,17,1,12,1,1,8,10,1,11,1,2,1,1,1,14,1,10,1,15,1,1,11,14,1,13,11,9,1,1,1,1,1,18,8,21,17,1,1,1,12,1,7,7,1,1,11,13,1,13,10,1,1,1,9,1,1,1,1,1,1,16,4,1,1,10,1,1,18,29,1,9,15,1,12,34,16,1,1,1,1,14,41,17,1,1,1,1,1,1,1,1,23,1,17,1,8,1,17,3,1,21,10,1,16,1,1,1,17,14,15,1,13,4,10,7,11,1,18,1,16,29,1,11,1,24,10,10,1,1,13,1,1,22,1,5,14,13,3,1,13,24,16,1,1,17,1,10,1,9,10,1,9,18,19,1,9,1,1,8,1,3,1,8,15,13,6,7,1,1,14,1,1,39,19,10,1,1,1,27,1,9,45,1,23,1,1,18,9,20,1,1,1,2,1,1,13,1,1,1,1,11,1,10,1,14,1,8,1,8,11,5,6,1,11,10,1,16,14,26,1,9,12,12,9,10,7,11,13,7,1,1,1,9,1,26,2,1,15,1,1,16,1,1,1,13,4,10,1,10,9,10,1,2,319,1,1,10,16,5,15,1,7,1,1,1,1,1,12,1,1,1,1,1,19,1,16,1,1,13,1,1,10,1,1,4,1,12,1,1,1,20,15,1,22,11,20,1,7,1,1,6,1,12,8,1,5,1,1,9,12,1,1,8,1,4,1,11,8,2,1,1,19,7,17,1,1,15,2,14,12,16,11,11,8,1,6,6,12,1,11,1,1,1,1,1,16,1,6,1,21,25,17,9,14,13,1,1,1,15,15,16,1,1,10,2,7,1,1,1,5,21,1,10,16,10,1,1,16,1,1,12,1,1,1,5,15,1,1,1,7,14,1,11,1,4,1,9,28,16,1,8,1,12,1,2,1,12,1,21,15,1,16,2,18,1,1,3,11,19,7,12,1,14,1,1,1,1,1,23,11,8,8,1,1,8,9,12,9,1,6,1,1,16,17,13,16,8,18,14,14,1,71,9,1,15,1,3,1,16,12,13,1,1,4,1,12,1,1,1,2,7,22,1,11,1,1,1,17,12,12,1,7,1,1,1,7,10,1,6,20,1,1,9,9,1,11,19,1,1,11,17,8,1,1,1,1,1,1,2,1,1,17,12,18,1,1,2,13,11,1,21,1,1,10,9,8,10,1,25,14,16,1,1,1,1,7,20,4,8,27,12,1,13,1,1,11,11,1,20,1,6,1,22,1,15,11,8,1,12,14,12,1,1,1,1,18,14,12,1,1,1,17,1,1,1,1,18,1,12,1,1,1,12,14,1,1,1,1,1,1,1,13,8,1,1,13,1,6,2,5,1,12,6,22,24,1,14,20,11,6,1,1,13,8,7,1,16,96,9,12,12,1,14,10,10,1,8,10,15,1,1,13,1,11,13,1,16,8,17,1,1,16,17,1,15,1,15,19,9,1,12,10,1,21,1,1,11,1,5,1,1,1,8,24,1,10,24,1,1,17,12,8,7,1,13,5,16,3,10,1,1,14,1,1,15,1,16,11,3,1,2,1,1,1,15,7,1,1,1,13,11,12,13,9,1,10,1,7,23,21,21,1,1,22,34,1,22,13,2,7,12,11,16,12,8,13,20,1,1,1,1,1,1,10,13,6,2,11,1,1,1,1,7,1,1,1,24,10,15,1,1,1,6,1,17,1,1,1,16,24,1,11,1,11,1,1,1,1,23,17,18,7,19,1,8,9,6,1,1,1,1,13,20,1,1,1,1,11,1,1,14,16,1,1,1,2,15,8,1,7,7,9,10,18,5,10,1,30,1,16,8,1,14,1,1,1,1,9,1,1,6,1,1,7,1,9,1,1,1,11,1,11,1,1,1,12,19,15,1,15,15,5,12,11,13,11,1,1,11,11,1,15,17,7,1,8,15,1,1,1,12,10,1,10,139,1,8,12,15,1,1,4,1,16,10,1,1,11,4,1,12,14,1,16,1,14,14,1,1,31,17,17,2,13,1,1,1,1,1,9,10,1,2,1,6,1,1,16,1,1,20,25,2,16,16,6,16,9,1,12,1,8,1,1,10,7,15,1,21,15,1,1,13,6,10,1,16,10,6,1,12,1,14,1,8,15,1,1,1,1,15,1,1,2,1,12,18,1,1,9,11,1,1,1,11,1,90,1,12,24,1,10,28,8,8,1,13,10,13,1,16,1,6,1,1,21,1,4,1,1,14,14,1,1,10,1,1,12,1,1,9,16,1,1,1,1,1,1,12,18,1,15,10,2,14,1,8,13,11,1,12,1,1,14,1,133,11,1,1,1,1,14,9,11,16,1,1,9,1,1,1,1,9,20,5,18,1,18,1,1,10,1,12,1,1,1,12,13,1,1,1,1,7,1,1,20,13,2,1,1,11,29,16,1,13,6,15,1,9,12,20,1,20,1,9,1,1,12,1,13,1,11,12,12,12,1,16,17,1,1,1,15,8,1,1,1,1,1,1,7,1,1,1,1,22,1,11,16,10,1,1,7,12,1,1,1,1,1,1,17,19,5,9,10,9,1,1,7,1,12,1,7,8,11,20,14,17,9,1,1,13,1,1,1,11,1,10,13,9,8,58,4,1,12,1,1,18,15,7,10,1,1,16,1,1,9,9,1,17,8,1,7,1,1,13,1,7,1,12,13,1,1,21,1,9,8,1,17,1,13,7,12,18,10,1,1,9,1,15,18,12,2,17,1,1,1,7,1,10,1,1,1,8,1,12,6,1,12,1,20,2,10,2,10,7,1,1,2,18,11,12,1,1,1,1,9,16,1,15,13,1,19,19,14,1,15,24,1,13,17,1,1,1,1,1,1,1,1,4,1,1,1,14,1,4,1,1,1,1,1,2,1,6,11,18,1,1,13,26,9,8,20,1,13,1,19,14,12,1,1,1,1,6,1,1,18,1,1,11,1,15,1,1,10,16,1,1,1,7,17,1,1,16,11,1,1,21,1,13,1,1,9,8,11,13,1,13,15,1,19,1,1,20,21,12,9,1,1,11,4,1,13,1,1,4,1,1,8,11,12,1,14,14,1,1,11,1,10,31,20,1,1,1,1,1,1,98,12,16,14,10,7,8,1,13,20,1,8,11,1,14,1,1,17,1,10,19,11,15,1,2,10,422,12,1,14,13,6,1,16,1,6,10,1,1,19,9,1,30,14,1,1,8,11,14,8,1,1,1,16,1,11,1,1,1,1,14,16,1,11,13,6,1,1,14,7,1,1,7,1,8,10,11,1,16,4,13,18,74,16,1,26,1,1,1,1,8,1,1,17,1,10,13,18,17,1,9,3,11,1,7,1,18,1,1,14,11,11,11,18,9,6,1,1,11,1,1,12,1,1,137,1,1,13,1,13,1,1,1,10,1,1,4,1,12,8,1,5,16,16,1,1,1,1,1,1,1,1,14,1,1,1,1,16,14,16,1,9,1,14,1,7,13,19,1,9,17,20,25,8,1,11,17,1,1,1,1,1,1,24,1,19,13,14,1,1,16,1,13,1,7,1,10,23,3,1,1,14,9,1,13,1,1,1,17,12,1,1,1,34,1,7,1,20,6,1,10,1,1,1,1,1,15,1,7,17,1,11,12,1,10,1,1,1,1,1,1,13,5,1,10,2,14,19,7,1,1,22,1,23,1,7,1,22,19,1,11,1,1,9,1,14,10,12,1,1,19,1,9,14,1,3,1,8,12,1,1,11,1,2,10,1,1,6,1,14,6,8,14,1,1,11,1,14,1,1,1,4,1,4,1,4,1,1,9,29,1,20,17,1,1,19,1,9,1,1,13,1,1,1,1,9,17,3,2,1,17,1,8,1,106,1,1,7,9,14,19,1,9,22,9,1,11,19,13,15,1,11,12,1,12,14,51,13,9,28,1,5,3,1,9,1,8,10,1,1,4,1,1,13,1,1,14,1,1,25,1,1,16,1,1,20,11,1,1,2,13,10,29,15,11,1,8,1,13,20,9,1,4,1,5,1,1,14,11,14,1,1,1,1,18,10,16,233,18,10,17,9,13,13,1,15,7,13,20,3,3,1,5,25,1,1,21,7,1,1,1,1,17,67,1,1,15,13,1,67,21,7,1,18,1,1,7,13,18,1,1,19,1,17,1,44,1,1,7,1,21,10,1,1,1,11,1,1,1,1,11,1,1,1,15,13,1,12,1,1,1,1,1,1,1,5,1,10,15,17,6,18,1,197,1,1,12,7,1,2,1,1,1,1,1,1,1,13,5,1,1,16,66,7,46,13,1,9,1,1,22,15,1,5,4,23,1,1,11,12,1,1,11,16,1,12,1,1,9,1,13,1,1,13,1,1,12,1,13,2,1,1,1,14,13,12,11,1,1,10,3,1,10,11,1,14,9,1,6,1,1,1,8,1,16,1,1,13,1,6,13,1,1,11,20,1,12,1,13,1,14,1,11,1,1,1,1,1,1,1,8,1,1,69,19,10,1,1,1,23,1,1,1,13,1,24,1,1,5,1,14,1,8,22,27,1,21,1,1,1,12,18,1,8,9,12,14,12,1,18,20,12,1,1,7,1,5,17,2,21,1,16,1,13,1,1,15,14,16,1,16,88,1,1,19,1,23,1,1,1,1,1,17,1,1,8,1,10,1,1,11,3,1,6,1,9,65,15,1,1,1,1,2,1,1,1,1,1,1,1,7,1,1,10,10,12,34,1,4,2,14,1,1,1,11,18,8,13,18,1,1,1,1,8,1,1,1,1,11,16,1,1,20,1,1,10,7,19,1,22,8,1,6,11,12,10,8,1,13,1,1,1,21,18,11,1,16,15,8,9,36,1,11,10,11,10,14,2,15,21,15,11,1,1,1,14,1,1,10,4,14,11,1,1,15,1,6,1,1,14,13,13,1,12,1,5,22,14,1,14,1,11,1,15,1,1,1,1,1,1,11,1,7,4,11,1,1,1,3,1,1,1,1,1,16,1,1,8,40,1,1,1,1,1,8,43,30,16,1,1,1,6,1,1,9,13,5,1,1,1,1,7,1,1,2,1,1,20,1,12,1,1,17,17,1,21,2,5,1,1,1,6,18,11,1,2,13,1,13,1,1,1,1,2,25,16,8,1,1,29,9,13,1,14,16,8,1,13,15,1,9,1,9,15,1,14,1,9,1,1,1,1,1,22,1,1,1,7,2,1,1,1,7,22,13,7,45,1,1,18,10,1,21,19,1,14,15,1,2,1,11,9,1,1,15,16,1,5,14,15,16,21,8,13,1,14,1,1,1,1,1,1,1,9,5,1,1,1,14,1,1,1,1,13,19,14,11,19,10,9,16,1,1,7,1,19,1,7,1,1,14,1,1,12,1,1,17,1,1,2,1,12,14,1,17,1,2,20,16,1,8,1,1,28,12,7,13,14,1,1,1,28,4,1,11,22,1,1,11,15,15,1,1,11,2,1,1,1,9,1,1,16,14,1,10,11,1,1,1,1,1,12,1,1,1,16,1,14,16,10,18,1,1,1,1,15,1,13,1,19,1,17,1,10,10,15,3,1,5,1,1,7,1,1,8,14,1,1,17,7,1,12,1,1,20,11,1,8,1,33,2,1,25,8,1,17,17,1,1,6,1,9,1,14,1,1,11,27,9,13,12,14,1,4,12,18,19,9,1,4,13,1,9,1,10,1,4,12,1,48,1,12,1,1,18,1,1,1,14,13,1,6,1,1,1,8,14,11,11,1,2,1,1,11,14,1,9,9,1,12,8,1,11,17,1,1,9,13,1,2,7,7,1,1,1,1,26,18,16,1,10,1,1,1,17,11,1,1,1,1,1,10,1,1,20,11,1,17,1,7,7,1,8,1,1,1,1,35,1,18,17,1,5,1,1,10,1,4,1,1,1,1,2,1,1,27,15,16,15,8,2,19,1,1,31,15,6,11,1,1,1,7,19,1,5,1,21,11,16,3,33,1,8,12,3,1,8,13,1,1,26,1,26,1,1,7,1,19,24,20,1,1,1,1,2,8,8,12,12,1,1,11,1,7,7,7,25,18,11,1,17,2,1,15,1,1,19,8,1,16,27,7,1,8,2,1,32,1,7,1,13,1,9,12,1,19,16,1,18,1,9,10,8,20,18,14,14,28,10,12,12,1,1,1,1,16,1,1,26,6,1,17,14,18,1,1,1,1,13,12,17,1,1,1,1,1,1,1,1,1,1,1,1,1,8,1,1,1,15,2,8,9,1,5,13,1,1,1,1,1,12,22,6,1,8,1,18,1,14,1,1,8,13,3,2,13,1,10,7,10,1,1,19,1,1,14,1,1,1,21,7,12,14,6,6,1,15,17,1,12,11,17,38,1,1,16,4,1,1,1,1,7,1,13,16,1,8,412,15,1,13,1,1,1,1,1,1,16,19,39,5,1,1,9,1,7,10,30,11,14,1,15,1,3,6,15,1,14,1,6,1,1,15,1,1,1,18,1,6,1,10,22,15,1,1,1,15,2,1,16,16,21,24,8,8,11,17,1,1,19,1,16,1,1,1,1,11,12,1,58,18,16,1,1,12,7,1,1,1,1,1,1,8,1,10,1,9,14,10,14,1,11,15,9,1,9,13,1,1,1,23,10,14,1,13,1,1,13,1,1,1,1,1,1,11,12,1,16,1,1,9,10,10,1,13,1,1,8,1,19,1,1,2,1,1,13,1,19,21,15,6,27,71,7,22,1,14,1,3,1,4,1,1,1,1,19,13,9,1,1,17,14,7,1,1,1,12,21,1,1,3,1,1,8,5,1,1,8,1,18,7,1,7,1,10,1,1,1,1,19,19,15,1,16,1,20,19,21,11,12,22,15,24,1,1,1,10,9,13,31,1,1,1,10,7,8,1,1,1,10,1,10,16,10,1,1,12,1,1,1,17,9,13,1,20,20,3,1,15,10,1,1,20,1,1,14,1,19,10,1,15,36,12,9,8,7,1,13,1,16,19,1,16,1,1,12,13,1,32,10,12,16,11,1,1,1,7,1,1,18,1,9,2,12,12,13,23,1,1,12,1,15,1,11,1,14,1,15,16,15,11,13,5,17,1,1,1,1,15,1,17,11,14,8,4,13,1,14,1,11,1,1,14,13,1,18,1,11,18,11,19,12,1,6,1,1,1,61,1,20,1,1,12,1,17,1,12,2,1,14,1,22,10,12,1,12,17,15,1,13,1,17,1,1,1,2,1,1,1,12,15,8,9,1,1,12,1,16,14,11,7,21,9,1,17,1,1,12,18,15,14,1,8,22,18,8,8,1,16,14,1,12,11,1,9,1,15,13,1,27,10,8,9,5,1,1,1,1,17,1,1,13,12,9,15,29,1,1,11,7,10,9,16,5,1,124,14,8,2,7,1,1,10,10,15,6,1,1,9,1,16,11,1,3,15,14,1,1,8,1,8,10,1,8,1,1,1,1,1,10,19,1,1,9,1,7,1,1,1,4,9,1,1,61,1,20,1,1,1,1,11,1,12,1,19,1,1,14,13,1,1,16,1,10,1,1,9,23,8,22,1,3,1,8,1,13,16,1,1,9,27,19,13,27,27,14,3,1,10,4,1,14,1,7,5,15,9,5,15,1,13,1,4,1,7,1,18,9,1,14,16,7,11,1,1,1,20,11,13,1,13,13,1,1,14,1,1,1,9,12,16,3,15,18,1,9,7,2,10,13,1,1,13,11,1,1,15,1,15,2,13,15,1,1,1,6,1,1,16,18,1,14,9,1,1,13,1,6,1,1,14,1,1,13,15,17,1,14,1,1,8,1,1,1,8,11,12,1,1,14,59,52,1,12,13,17,110,1,16,59,14,17,1,2,1900,1,16,17,5,1,1,13,1,32,22,1,1,1,1,1,15,7,7,1,12,9,1,1,17,23,1,14,1,9,19,13,12,1,12,9,1,13,1,10,7,1,1,25,12,1,11,20,1,7,1,11,1,871,8,13,1,6,3,1,31,23,1,9,1,1,1,19,1,1,1,21,1,11,1,1,3,4,1,1,13,75,1,15,1,1,1,16,16,1,1,14,1,11,11,1,10,86,1,1,13,1,1,6,1,2,1,1,10,12,1,11,1,18,7,1,12,1,1,1,12,16,1,14,1,1,25,12,6,13,1,1,9,1,1,1,79,17,12,14,9,9,1,9,1,1,1,1,1,1,1,1,21,1,1,1,1,19,9,3,1,13,10,49,8,1,1,14,18,1,20,16,1,14,7,11,20,1,25,7,1,4,1,13,1,1,22,1,11,1,2,16,26,1,1,1,9,1,19,7,10,15,1,1,13,14,1,1,12,5,1,10,1,8,1,1,9,7,1,10,1,1,17,27,14,1,10,13,27,14,1,1,2,19,6,25,32,1,1,14,1,16,1,1,1,5,10,1,1,3,18,8,1,1,3,9,5,1,10,1,13,1,11,1,6,1,11,1,12,1,1,12,1,2,17,7,1,6,6,1,9,27,1,1,15,8,1,14,14,4,12,1,1,1,1,1,11,1,1,1,1,1,1,1,42,6,1,1,1,17,9,3,3,17,6,1,1,1,9,1,1,18,1,1,3,4,1,9,1,1,1,16,10,1,15,1,11,1,1,1,17,14,1,14,1,1,13,2,1,15,12,12,11,7,15,1,12,10,1,1,3,1,5,1,6,1,11,1,5,1,15,1,6,2,1,1,21,1,13,15,29,1,6,12,8,13,4,10,16,14,10,2,12,1,16,4,1,1,1,1,14,1,10,23,14,7,1,1,1,10,1,9,5,1,1,1,2,18,8,4,1,19,1,20,1,11,11,14,14,14,9,28,15,1,1,1,1,16,1,1,1,1,1,11,1,1,14,13,1,1,1,1,6,1,1,1,1,23,9,1,1,1,1,12,1,11,23,8,13,11,1,1,13,10,1,1,18,11,13,1,1,1,28,1,5,15,8,1,7,1,11,1,1,10,1,1,14,1,1,1,1,1,1,14,1,14,26,1,1,1,18,15,10,1,12,12,25,1,16,1,1,1,15,1,1,1,1,12,16,1,1,1,14,1,10,1,15,12,10,1,1,10,8,11,1,1,1,1,8,1,1,12,1,7,16,1,1,12,7,13,1,12,1,33,14,22,7,1,2,6,1,23,17,1,10,1,1,5,1,1,13,13,10,9,5,1,1,1,5,1,11,11,10,1,26,1,1,1,10,1,24,11,11,1,6,1,1,1,21,3,22,1,13,1,1,1,1,1,1,15,21,16,14,1,9,1,1,14,2,1,12,19,1,11,10,6,13,16,42,20,1,1,17,21,11,2,1,19,1,1,12,13,1,10,11,13,1,1,9,1,9,15,7,1,1,1,6,17,1,1,9,1,7,1,1,5,1,10,61,11,1,1,1,1,3,8,1,1,11,11,11,1,14,1,1,10,1,1,1,1,1,1,15,1,5,14,9,1,13,1,1,12,1,12,5,1,1,10,1,11,11,1,1,18,1,1,1,1,10,1,1,15,4,1,1,15,10,1,1,10,1,1,1,1,1,1,12,1,11,31,1,1,14,7,1,1,10,1,1,12,28,9,1,2,1,14,1,10,1,13,1,18,1,10,9,11,1,1,1,1,38,24,2,14,14,1,8,14,1,4,1,22,1,1,1,10,1,1,16,1,1,1,1,1,1,9,1,1,9,13,44,1,1,14,1,10,5,1,1,12,18,17,1,12,12,1,6,1,20,1,1,17,12,1,1,10,9,15,19,1,1,11,13,11,9,1,1,42,4,1,14,13,1,1,1,1,1,13,1,9,5,7,1,9,1,1,1,1,7,20,1,4,15,5,1,6,17,1,20,14,1,10,7,12,18,10,11,2,1,1,16,4,1,1,1,12,1,16,1,11,11,22,1,15,21,17,15,19,10,16,1,1,1,1,11,10,1,17,1,10,1,1,1,14,17,25,1,1,12,1,1,7,1,121,1,1,1,1,1,1,12,8,19,7,1,14,1,1,7,1,15,18,1,15,7,1,1,1,1,9,1,52,1,1,13,10,9,19,47,14,16,11,1,1,1,1,10,11,1,1,12,16,5,16,11,1,4,9,1,21,1,13,10,13,1,18,1,11,15,14,13,17,11,8,20,8,1,1,21,10,1,1,11,1,26,1,14,1,1,14,1,19,17,16,14,1,14,1,44,13,7,1,1,12,17,12,11,1,20,1,15,7,1,9,1,1,2,15,1,23,1,11,1,16,1,1,11,1,1,1,6,6,10,1,10,1,1,9,1,12,1,12,13,1,1,2,13,1,1,17,1,11,3,1,18,1,16,1,1,1,1,1,1,1,1,1,1,1,13,1,1,15,1,7,19,12,1,1,1,3,7,1,9,1,1,11,11,1,1,1,19,11,10,9,1,1,11,1,16,1,10,5,1,1,11,1,9,61,1,7,3367,16,15,9,1,12,23,11,1,18,8,7,19,1,13,1,20,14,1,1,26,5,12,1,8,10,20,14,1,1,1,11,16,1,1,15,9,1,1,1,3,18,14,1,11,8,1,44,19,1,11,1,10,1,1,1,14,1,1,1,13,13,9,1,1,27,1,2,1,32,18,1,14,1,20,1,12,1,1,20,1,1,8,9,1,2,1,12,12,1,7,1,1,9,9,14,6,1,12,1,9,1,1,1,11,14,1,21,1,1,1,1,1,1,1,1,5,1,8,1,9,15,13,13,2,17,1,1,13,16,1,3,12,10,1,13,17,1,1,1,1,12,1,13,1,11,10,12,10,1,1,6,1,21,1,1,1,1,16,8,20,1,21,1,1,17,10,6,13,8,1,1,12,1,1,1,15,12,1,20,1,7,30,1,5,1,1,12,1,1,22,8,9,10,1,1,1,31,406,19,10,1,1,1,1,6,4,1,7,1,10,17,16,1,13,7,7,11,9,12,13,1,2,1,13,1,14,1,1,6,16,68,1,13,1,1,14,1,1,15,12,7,6,1,1,8,10,1,12,11,16,60,1,1,1,1,1,1,1,1,18,1,3,1,10,1,8,57,63,1,1,8,19,1,1,1,1,6,17,1,1,9,11,1,6,6,1,11,9,1,1,15,7,1,16,18,14,1,1,14,1,1,1,13,3,23,10,1,12,11,10,1,10,13,2,109,15,1,1,11,3,14,1,17,15,1,1,93,14,20,1,1,1,1,1,1,4,20,1,1,19,19,1,11,1,1,10,1,14,15,30,16,1,1,1,10,1,11,1,11,14,11,2,8,10,1,17,7,13,1,1,1,20,12,13,7,10,9,14,17,16,9,1,17,9,16,3,15,1,1,1,1,19,16,18,1,12,1,1,1,1,28,1,17,8,1,11,7,1,1,1,8,1,9,1,18,11,1,22,17,12,25,1,12,16,8,1,1,2,16,14,8,7,1,18,1,54,1,8,24,2,16,1,8,23,8,1,14,14,14,7,8,9,1,1,12,1,8,14,8,11,1,1,1,12,22,12,13,1,1,1,1,1,4,1,12,1,11,101,10,1,1,12,1,13,16,1,1,12,1,2,1,3,13,1,1,1,12,5,1,9,1,6,6,1,1,13,1,1,1,1,10,13,7,13,1,1,20,1,38,1,11,1,24,15,11,1,15,2,2,9,11,9,1,1,1,4,1,1,10,16,1,1,17,14,3,10,1,1,1,1,1,10,19,13,9,1,17,1,1,1,12,10,11,1,14,11,7,1,13,6,1,9,14,12,1,13,11,1,22,1,1,1,1,12,15,7,14,11,1,1,1,8,1,9,1,10,7,11,1,1,11,14,14,1,19,1,4,1,17,1,1,1,20,35,5,16,7,14,1,14,17,17,14,11,7,1,1,1,10,13,16,10,17,1,1,1,18,1,1,14,26,21,9,20,16,19,15,1,12,11,1,14,1,1,1,20,6,1,1,11,7,1,21,10,1,12,13,7,1,1,1,1,5,1,10,15,1,25,29,1,1,8,8,1,1,8,10,1,1,11,28,11,13,40,6,1,13,12,18,22,1,1,1,1,1,10,1,17,14,12,9,9,79,22,1,7,1,1,1,1,11,1,13,1,8,1,8,10,13,16,1,1,16,6,11,1,1,1,14,13,1,5,1,6,1,10,1,3,1,11,1,14,2,11,16,13,15,1,15,21,1,1,6,1,1,11,1,1,1,9,21,1,1,1,10,20,1,19,16,1,2,8,16,12,1,1,1,1,12,1,10,1,12,1,1,15,2,6,1,1,17,1,1,13,1,10,20,15,1,1,14,11,12,1,2,5,1,1,2,1,1,13,7,10,1,9,1,1,9,1,9,1,10,11,11,22,10,1,17,6,6,1,18,1,1,19,1,1,1,1,17,10,21,15,1,8,15,1,1,1,1,6,1,14,12,1,12,8,3,1,1,1,1,1,1,1,18,1,16,1,1,14,14,4,9,1,1,11,12,14,27,1,1,11,1,23,27,1,2,1,12,15,1,1,3,9,7,1,1,4,1,9,1,1,17,1,1,1,1,4,1,15,10,71,13,7,1,1,14,11,1,1,1,4,1,1,14,9,9,1,1,1,10,1,1,1,17,12,17,1,13,1,1,1,16,1,20,3,14,7,8,1,90,1,15,10,1,11,10,11,1,1,8,19,1,7,17,6,1,1,1,2,9,13,20,1,1,10,12,14,1,18,1,9,1,1,1,18,15,13,6,21,1,1,15,1,10,4,9,14,1,1,17,1,9,13,163,14,1,1,20,1,1,1,16,14,16,10,1,14,11,1,14,19,12,1,1,18,1,1,12,15,1,17,135,1,9,15,10,7,1,11,1,9,1,11,2,1,9,11,1,8,8,19,42,17,16,1,17,1,13,7,14,1,1,13,1,1,13,17,16,1,118,16,16,12,19,12,13,10,19,1,1,28,1,1,1,13,1,18,1,10,21,16,9,1,1,1,17,1,1,1,1,16,12,1,1,13,26,1,1,11,1,9,8,1,15,10,1,1,14,13,9,9,1,57,30,1,16,12,9,1,11,8,17,1,1,11,12,3,1,15,105,1,1,23,1,1,1,1,1,1,1,1,1,11,7,1,1,3,10,18,1,1,7,1,1,1,26,1,6,1,16,17,9,11,5,1,19,1,12,14,10,4,11,10,8,1,17,1,1,1,1,19,12,1,2,15,5,2,1,3,1,1,1,14,1,8,9,15,6,13,1,1,1,1,6,1,1,1,14,8,16,1,10,9,1,2,1,1,1,1,1,19,5,1,1,6,1,12,1,1,1,1,10,31,1,10,1,1,1,1,4,1,7,7,1,19,17,1,1,10,16,15,21,2,22,1,5,14,1,10,16,32,14,16,63,7,13,1,1,11,9,10,1,1,14,10,16,1,12,19,2,22,266,1,1,1,1,1,1,1,9,1,1,1,16,1,1,10,1,2,9,11,1,8,9,1,1,1,4,1,1,10,1,10,1,7,1,1,1,10,1,11,1,24,5,1,1,5,1,9,1,1,1,1,1,13,16,9,1,9,1,1,1,19,1,1,16,1,1,2,1,1,12,81,15,15,18,18,1,8,1,1,1,6,1,1,1,9,13,1,1,1,1,1,1,10,7,1,1,6,1,12,14,11,1,1,9,11,1,2,1,11,10,1,1,1,13,1,1,9,1,9,19,8,7,27,1,51,1,15,1,17,21,11,18,1,1,11,13,13,5,14,12,1,9,10,1,1,1,6,19,1,9,18,7,20,7,8,3,1,18,19,1,1,9,10,1,1,1,1,17,1,1,1,22,1,12,18,12,8,16,12,1,1,1,1,1,1,1,1,9,11,16,13,1,15,5,1,8,3,18,12,18,13,9,1,12,19,1,7,1,11,10,1,18,20,7,1,7,16,1,1,1,20,1,1,11,13,1,8,1,1,19,1,2,1,1,1,1,1,10,17,1,14,1,1,1,1,1,8,9,1,1,8,1,1,11,15,1,1,1,3,1,2,1,15,13,15,1,17,1,11,316,11,7,14,4,1,1,1,11,1,9,1,9,1,1,1,22,10,1,8,59,1,1,17,8,1,16,1,18,1,16,1,15,1,1,1,1,1,16,15,1,13,3,11,1,599,1,1,1,1,1,1,13,1,19,1,106,4,1,15,1,25,19,2,10,1,8,11,16,1,1,19,9,21,14,16,1,1,1,1,5,17,1,13,1,2,1,1,1,15,10,12,1,6,1,8,1,1,11,1,12,2,1,1,1,1,3,8,13,13,12,1,10,3,2,14,1,11,1,6,1,10,1,10,1,49,1,1,1,1,1,8,9,1,1,11,1,10,1,14,28,6,1,13,18,7,1,22,5,12,10,1,10,1,10,15,1,1,1,8,1,1,8,1,1,1,1,2,15,9,1,1,1,14,1,9,1,2,1,23,20,1,1,1,9,1,11,1,1,9,6,1,3,1,1,1,1,2,1,1,7,1,19,1,1,12,6,8,11,10,1,1,1,10,1,12,1,1,1,1,1,4,10,5,1,19,13,13,1,1,2,1,18,13,15,23,1,11,1,127,1,1,1,1,19,80,1,1,1,1,12,1,17,1,8,1,11,11,22,1,15,19,14,10,13,12,8,15,1,1,13,24,8,24,1,15,14,6,5,1,1,1,3,16,4,11,1,1,1,1,10,7,5,8,1,1,1,1,13,11,1,19,12,1,9,11,12,13,17,10,4,7,10,3,1,1,10,10,5,1,1,1,1,1,16,10,15,11,1,14,9,12,1,1,1,1,1,1,2,1,15,11,1,1,4,7,11,3,1,1,35,13,1,10,1,1,7,10,11,19,1,1,6,14,10,21,1,12,1,1,10,14,5,11,1,1,15,18,11,1,15,1,4,11,13,1,1,1,33,11,1,17,17,17,7,18,1,3,15,11,1,1,2,1,2,1,1,1,1,16,11,1,17,10,17,10,2,10,10,9,1,1,1,18,1,10,15,10,15,71,12,1,1,1,1,1,1,6,1,1,1,1,1,17,7,1,14,15,17,1,1,1,1,13,1,25,2,12,17,24,1,1,1,1,18,18,17,15,1,1,1,8,14,1,1,30,21,12,1,10,1,6,1,1,1,16,43,14,13,7,1,17,1,12,1,1,1,19,6,1,12,1,1,1,12,16,1,4,1,11,1,10,8,1,1,1,17,10,1,1,1,6,1,1,15,17,13,13,1,6,1,1,12,10,6,2,14,1,35,1,5,5,1,1,11,13,13,13,1,1,6,1,1,1,15,15,14,46,14,11,7,1,14,1,1,1,1,1,1,1,1,1,1,1,2,1,1,1,9,1,1,15,8,1,10,14,15,14,1,13,1,1,22,11,15,1,1,13,28,16,1,11,1,17,15,1,1,8,17,1,9,1,1,1,1,1,14,16,1,14,1,6,1,1,1,19,18,22,1,19,1,1,1,1,1,1,9,1,34,1,11,1,14,1,1,17,13,1,1,1,10,1,9,14,1,1,1,25,1,2,4,1,1,1,30,18,2,13,6,1,1,1,13,12,1,1,13,1,1,8,2,14,1,1,2,1,1,5,12,1,7,1,1,1,5,9,11,1,5,121,11,11,10,1,14,11,11,15,11,8,6,20,1,25,1,1,15,8,1,1,1,1,5,1,1,15,1,14,1,1,1,12,16,12,1,7,1,18,1,19,1,1,1,6,1,6,9,18,11,12,1,20,1,1,6,15,1,1,1,7,1,1,1,10,1,1,10,12,1,1,1,9,1,1,1,1,1,7,15,1,17,1,1,25,1,24,1,16,14,1,4,1,10,11,1,1,1,20,8,8,1,8,1,1,12,16,1,10,15,1,1,10,15,1,1,12,1,1,1,62,1,1,1,1,1,17,3,13,1,1,19,1,1,1,19,1,13,34,8,1,18,1,3,33,1,1,1,11,8,1,1,1,1,81,1,1,10,8,1,1,1,14,1,1,1,9,11,1,22,16,17,1,12,1,1,1,1,1,4,14,11,1,4,12,17,14,11,1,2,1,1,13,1,11,1,1,1,17,10,9,1,1,8,1,69,3,11,1,13,14,77,1,1,1,13,10,1,2,12,1,1,14,1,3,1,5,1,88,15,1,15,1,6,1,26,1,9,12,1,12,13,1,14,1,9,2,1,1,13,14,1,1,15,1,1,19,6,8,11,16,1,14,1,4,11,18,14,14,1,10,1,2,19,1,10,1,1,12,1,11,1,1,15,27,1,1,17,17,1,1,11,20,1,18,1,15,6,1,10,2,18,1,1,1,1,16,1,17,1,1,14,12,1,1,1,1,14,1,1,18,15,1,1,1,1,17,1,1,5,11,13,14,1,1,1,9,9,8,9,6,12,5,1,12,16,13,1,1,10,1,15,1,1,1,16,11,1,14,17,1,1,1,1,1,16,4,14,2,1,72,1,1,2,7,18,8,1,1,7,7,11,21,1,2,11,1,1,1,9,1,10,1,1,1,12,1,1,14,2,10,1,16,1,13,10,14,20,1,14,5,9,1,8,15,1,7,1,12,1,1,27,1,5,1,9,29,12,1,12,1,7,1,13,1,17,1,1,1,1,1,4,1,1,35,9,1,12,1,78,17,5,1,1,1,10,1,14,1,14,1,16,1,3,13,1,17,1,1,9,1,29,1,20,22,1,1,1,1,1,16,1,12,1,8,1,18,13,1,18,1,14,1,8,11,17,1,11,13,1,1,17,8,13,13,13,1,1,1,8,1,9,1,1,1,23,2,1,1,1,5,9,13,1,1,12,1,10,1,9,1,12,16,9,11,7,1,13,1,1,5,1,6,8,1,1,1,12,16,1,5,1,1,6,11,1,1,1,1,10,1,16,1,104,16,1,1,1,10,1,1,2,17,1,1,1,1,1,15,1,16,12,14,18,1,1,1,7,17,16,1,11,1,1,13,1,1,9,5,1,19,1,8,12,10,1,1,1,1,10,1,1,1,1,10,68,1,1,1,1,1,10,1,1,45,19,1,11,1,1,6,13,96,19,10,1,22,1,1,1,1,10,8,1,1,1,1,1,1,1,4,10,62,11,4,1,8,1,60,15,1,1,1,1,1,1,21,12,14,1,15,10,1,1,117,11,1,1,17,1,9,1,15,11,1,1,10,17,1,13,1,11,1,1,1,7,1,1,12,14,1,15,1,13,11,20,1,1,1,18,21,18,1,1,1,17,10,1,23,1,6,19,1,6,10,12,1,16,1,1,13,1,10,1,9,1,1,1,5,1,13,19,8,1,35,17,12,1,3,14,1,11,11,7,1,5,1,1,14,15,11,1,1,1,1,12,18,1,1,1,23,1,1,2,14,16,5,1,53,14,1,8,1,17,4,2,1,17,1,2,1,1,12,12,8,4,1,1,12,13,1,45,1,1,1,3,10,2,8,1,1,1,1,8,6,13,1,4,10,12,7,1,1,1,1,1,14,4,12,12,11,10,24,3,1,7,1,1,9,7,1,4,7,1,15,1,10,15,6,15,16,2,11,14,2,19,1,1,1,9,15,13,13,10,17,1,7,7,1,20,1,1,1,1,1,76,2,19,5,1,1,8,1,1,1,19,5,1,25,17,11,10,11,1,1,3,1,83,1,13,14,1,1,1,1,1,11,20,14,26,1,13,1,1,8,1,13,5,1,15,1,1,11,1,12,1,9,1,14,12,1,1,1,6,6,5,66,30,12,16,9,1,1,1,9,10,1,19,12,12,1,11,14,18,1,13,1,1,1,14,1,12,1,14,1,18,1,7,17,1,1,7,14,12,15,9,1,5,11,1,1,1,8,1,11,1,1,19,9,2,9,1,1,9,1,14,1,7,9,1,72,1,19,1,10,1,10,12,14,13,47,1,15,1,20,8,1,7,1,11,1,1,5,1,4,2,7,11,2,1,18,1,3,8,5,1,1,1,1,2,57,6,1,13,1,7,1,9,1,1,1,1,1,1,1,114,15,1,1,4,1,1,22,10,12,1,1,23,11,1,19,1,11,19,1,4,1,1,14,2,17,6,14,12,9,1,18,1,7,1,6,1,19,1,1,1,1,15,1,15,10,10,8,3,1,1,1,9,10,1,20,1,1,14,1,1,1,1,17,87,2,9,20,1,12,36,6,17,28,1,1,15,1,6,1,12,1,27,4,1,5,1,1,1,1,1,3,19,12,4,1,1,8,14,8,8,16,11,1,16,6,1,12,10,12,5,1,1,1,7,1,9,5,14,18,1,7,2,3,20,1,13,11,1,11,8,1,16,1,1,1,15,8,1,2,9,1,18,73,13,2,1,1,10,15,12,15,1,1,1,15,2,20,1,1,1,1,1,1,1,9,11,1,5,1,1,12,13,1,1,1,1,1,10,1,1,1,8,1,10,1,1,9,11,1,1,1,1,4,1,15,1,1,1,13,104,1,1,1,1,1,1,8,1,1,13,11,14,3,26,1,1,2,1,1,1,7,13,1,1,17,1,16,11,1,1,1,23,1,1,1,3,3,1,14,1,1,1,7,5,85,1,1,12,1,4,1,5,1,1,12,1,7,14,8,1,11,1,9,4,1,13,1,51,1,20,1,14,17,6,20,2,1,2,2,20,14,12,6,1,1,11,1,1,9,16,1,21,16,1,1,1,10,13,13,101,14,7,1,1,1,1,1,1,10,1,26,1,20,1,4,1,12,11,1,1,1,28,1,5,2,1,1,10,1,6,12,16,1,1,1,1,1,16,11,1,2,10,1,1,1,1,18,1,16,8,1,1,21,1,1,12,3,1,1,8,15,1,14,11,1,1,2,1,7,1,1,1,20,1,1,1,12,1,12,1,18,1,10,2,1,1,7,7,13,10,6,1,10,17,13,72,15,1,838,1,1,1,1,20,1,1,1,12,1,6,1,17,1,9,1,18,1,19,3,4,72,1,1,11,1,1,8,1,1,4,16,16,9,13,12,23,1,16,1,1,1,6,1,1,1,9,9,15,1,1,2,6,9,1,6,1,25,13,14,18,1,1,15,1,23,115,13,13,8,1,1,9,1,12,17,3,1,7,1,1,2,1,13,22,1,1,6,11,9,1,13,1,1,1,9,11,11,21,13,1,10,1107,1,1,5,1,1,1,9,1,14,1,10,17,14,19,1,16,14,8,1,14,37,11,5,1,1,1,22,10,13,17,17,18,8,1,1,1,8,1,14,18,9,14,1,5,4,1,13,1,1,1,13,16,24,1,1,25,10,1,1,14,15,7,1,1,1,10,46,3,13,6,14,10,1,12,9,10,1,3,1,1,1,1,12,1,5,1,15,9,12,16,1,10,30,13,1,18,5,9,8,1,1,1,6,1,1,19,8,22,1,1,1,1,1,8,23,15,8,9,6,1,17,1,7,1,13,18,1,16,11,1,1,4,11,17,9,14,1,1,13,1,1,1,1,4,3,13,1,15,7,1,22,8,71,20,1,1,15,3,2,1,1,10,1,8,9,10,1,1,16,11,1,1,7,1,8,1,1,19,11,1,8,9,11,8,19,5,1,1,17,11,1,1,14,1,1,8,1,17,18,1,16,1,4,1,15,1,9,1,7,1,12,14,20,1,1,1,13,1,1,26,7,10,4,11,6,20,1,12,1,1,1,1,1,19,1,6,1,1,1,5,1,1,1,1,1,7,17,1,6,1,15,8,1,1,7,4,4,1,1,14,1,14,1,15,1,19,15,9,14,1,1,62,1,6,19,1,15,1,1,13,4,1,10,1,1,18,12,9,1,1,28,1,1,15,1,1,9,1,16,9,19,18,1,1,1,1,12,1,1,135,1,36,5,1,2,1,1,29,7,21,1,8,8,9,29,6,12,14,5,21,3,1,1,1,19,3,1,13,1,1,1,1,17,1,1,15,9,16,13,1,1,14,17,16,1,1,1,1,12,1,1,9,1,27,19,1,22,90,10,1,8,14,5,1,1,10,10,14,1,155,1,1,6,16,10,15,10,12,1,11,8,1,2,1,1,13,1,1,2,1,13,1,16,1,15,4,16,20,1,13,6,1,1,16,10,12,1,1,9,43,13,1,1,16,1,16,1,15,1,1,1,9,1,12,5,17,14,1,19,9,8,12,1,1,1,8,11,1,9,11,13,1,13,13,15,1,83,2,10,1,1,5,1,1,15,9,1,1,1,25,27,1,1,2,10,13,12,17,7,5,13,12,1,11,13,10,1,1,25,2,13,6,1,19,6,5,8,1,11,8,1,11,7,8,19,1,1,1,16,19,2,9,16,1,1,6,15,15,40,1,20,1,1,2,1,2,1,1,97,10,32,7,1,1,2,1,10,11,12,1,3,1,1,1,1,12,1,12,1,1,7,1,11,2,1,1,1,7,14,1,16,1,10,19,1,4,10,1,1,2,9,1,6,1,7,1,10,2,1,17,7,1,5,10,10,1,1,1,1,9,9,1,1,21,4,4,1,13,14,1,15,1,1,1,5,8,2,10,3,8,1,8,15,1,1,1,1,1,15,1,5,16,11,1,8,1,6,1,1,12,8,9,11,14,11,19,9,14,1,1,19,1,1,1,12,18,16,12,1,1,16,1,1,15,8,6,8,6,6,1,2,10,1,8,1,1,1,7,1,12,2,18,50,2,15,11,8,1,16,11,9,20,1,1,10,74,19,1,16,19,10,1,13,11,1,16,1,16,1,1,12,1,18,16,1,1,10,97,36,9,1,16,1,1,1,1,10,1,1,4,1,18,7,7,6,1,10,12,5,12,5,4,8,16,12,1,1,10,12,12,1,1,1,1,1,14,20,18,1,8,14,1,15,1,4,12,1,1,11,8,1,1,20,12,1,1,1,1,9,1,14,7,2,14,18,1,26,18,12,1,15,11,16,20,15,1,1,8,1,1,7,1,1,16,2,1,1,18,1,8,1,14,7,10,19,1,3,1,13,1,5,1,1,1,9,15,1,1,11,2,1,4,4,16,10,11,13,1,6,15,18,6,7,9,1,7,1,1,5,1,19,1,15,6,1,14,9,1,12,1,1,1,17,1,11,1,18,1,5,7,7,7,1,1,1,16,1,1,10,18,1,1,5,11,1,1,1,8,1,1,1,5,1,1,14,1,14,1,13,8,1,1,1,5,12,1,1,18,1,1,8,7,12,1,17,8,6,1,1,1,1,12,1,1,7,1,1,1,1,1,1,9,1,8,1,6,1,14,1,1,20,3,1,26,11,1,11,5,1,22,13,1,11,14,1,1,15,18,1,1,8,10,9,1,1,14,10,8,5,12,1,1,12,1,1,10,1,1,11,1,11,12,1,1,2,10,13,12,3,1,1,10,8,2,14,1,16,8,1,1,13,12,1,8,1,9,1,1,1,12,1,1,13,13,1,6,7,10,1,1,9,1,9,1,20,3,5,1,1,7,4,1,1,12,1,11,1,12,1,1,9,12,3,1,1,1,15,109,14,1,7,1,11,16,1,1,13,6,1,19,7,10,20,1,1,1,1,6,1,1,16,1,14,23,15,25,1,12,6,1,1,11,1,10,1,12,1,6,1,17,1,1,1,1,1,14,1,1,7,1,3,85,1,1,26,17,7,2,1,17,1,1,19,16,5,15,1,1,17,9,1,1,15,7,1,11,1,7,1,1,6,1,7,21,27,1,11,1,18,14,7,1,1,11,1,1,14,1,21,1,1,8,1,15,13,11,1,11,20,20,2,1,1,22,15,20,1,14,3,1,1,1,17,4,1,10,14,8,1,9,1,1,1,30,10,1,11,34,1,153,1,14,9,8,14,29,10,19,8,1,14,19,15,7,1,1,24,1,11,11,10,1,18,13,1,14,1,8,1,1,53,1,10,1,11,14,1,14,15,1,15,18,2,1,1,1,1,5,7,20,11,20,17,11,2,6,11,13,1,11,77,1,13,13,1,4,14,2,1,1,8,1,1,16,1,1,17,11,3,14,11,1,17,1,1,14,1,1,1,1,14,17,1,9,7,11,12,39,14,1,1,1,5,9,1,10,1,20,11,19,1,4,8,13,15,1,10,1,1,13,1,1,1,125,1,12,1,1,1,1,1,1,1,8,13,25,1,1,1,1,14,1,11,1,1,6,11,13,1,1,1,7,1,1,1,1,1,3,1,6,17,1,9,1,1,23,10,15,16,1,23,1,1,1,1,16,1,1,1,1,1,1,1,1,1,14,12,16,1,1,6,15,19,1,11,14,8,13,1,9,1,11,18,1,5,1,1,1,2,19,12,8,7,8,1,15,1,14,1,5,2,1,20,12,3,9,1,8,1,6,7,6,1,12,1,23,6,1,1,12,1,9,1,1,7,1,1,8,7,15,14,1,1,7,6,7,15,9,13,14,8,1,11,1,9,1,1,10,12,18,10,5,10,1,1,1,1,26,9,5,9,20,1,1,1,1,20,11,1,1,1,12,161,19,1,1,14,12,1,13,10,1,1,1,8,14,8,10,1,9,1,1,1,1,14,12,13,1,11,15,16,12,1,1,1,4,1,20,1,1,12,1,1,1,13,2,9,17,38,11,1,1,14,1,6,1,10,1,1,1,12,14,1,7,1,11,1,13,15,6,14,7,1,9,6,1,18,18,1,1,17,1,20,1,15,17,15,1,8,1,1,16,1,15,14,13,9,1,1,1,13,7,15,15,12,3,1,7,10,1,6,1,6,1,20,1,6,11,10,17,22,15,8,14,1,1,1,17,11,1,10,1,8,1,1,1,8,14,1,13,1,17,24,9,1,12,1,1,26,39,1,20,13,20,13,52,1,1,5,1,1,1,1,11,26,12,5,1,3,11,1,15,31,12,1,1,1,5,1,11,1,13,1,7,1,55,2,10,13,9,1,1,15,11,1,1,1,1,22,10,2,1,1,19,1,7,11,1,1,1,1,1,1,15,1,9,1,12,12,1,1,2,9,1,1,14,15,15,12,7,5,9,1,1,1,1,1,1,1,8,10,22,12,16,4,1,3,1,4,14,2,33,12,1,17,7,7,1,13,15,25,17,11,14,1,13,19,1,22,19,16,22,8,13,10,8,12,1,22,76,1,7,3,12,1,1,3,15,1,2,1,7,10,5,14,8,1,1,1,1,1,1,11,1,19,1,1,14,4,10,18,1,1,15,17,14,8,20,1,9,9,15,10,18,1,1,1,8,13,4,8,1,1,1,1,1,1,15,2,22,13,9,9,15,1,8,11,1,1,1,10,1,2,10,1,1,10,12,1,1,1,10,12,1,1,1,1,15,7,1,1,1,1,16,7,12,5,8,6,12,18,17,1,6,7,1,117,1,21,1,21,19,9,1,13,4,1,1,11,14,15,16,1,1,7,9,9,1,19,2,1,1,10,13,1,1,1,10,1,8,1,9,1,1,2,1,1,1,1,4,15,6,1,1,1,1,10,15,1,1,1,8,19,13,10,17,9,11,15,6,17,1,1,16,14,16,107,12,8,1,1,1,14,9,1,19,19,7,1,54,19,1,9,11,15,13,11,10,10,37,21,1,1,18,1,9,19,13,13,14,1,13,5,3,13,1,17,22,1,1,1,1,18,7,113,1,12,7,1,14,1,1,1,17,1,1,1,13,10,1,9,1,1,1,7,5,1,12,1,1,90,16,1,1,17,17,1,1,9,19,1,1,1,1,2,14,8,1,14,12,1,2,13,1,1,1,11,11,1,16,17,1,7,16,7,1,16,1,1,1,3,1,9,14,1,1,1,16,1,19,1,1,5,1,16,12,10,16,28,5,15,1,1,1,10,11,1,18,10,22,4,1,8,13,2,1,10,9,1,1,13,1,42,1,1,1,1,1,1,1,1,1,1,1,1,1,10,1,1,1,13,40,11,1,9,19,1,1,1,1,9,12,11,16,4,12,13,7,1,7,1,8,1,1,5,100,11,21,1,14,1,15,1,1,4,16,1,1,1,9,5,10,12,10,7,1,7,15,17,9,14,1,1,13,43,1,1,1,18,1,1,7,26,1,9,1,15,1,2,12,1,6,1,14,8,1,18,9,1,7,18,1,14,12,1,1,11,9,1,1,9,12,1,12,1,1,1,1,12,1,34,1,4,12,10,1,1,1,1,1,18,10,1,15,12,54,25,18,1,1,15,1,12,1,14,1,7,1,1,1,9,1,1,10,10,14,13,6,9,1,1,1,1,1,22,1,17,9,5,16,10,1,11,7,18,10,17,1,83,7,6,1,1,20,1,1,10,1,1,3,1,1,11,9,5,1,17,1,4,1,2,24,7,9,1,1,1,1,1,12,19,9,1,12,32,1,1,1,1,1,1,1,16,19,12,1,14,1,1,13,1,7,7,16,10,12,14,1,1,8,14,6,1,19,14,1,96,13,1,6,1,1,5,17,13,1,12,1,9,1,15,2,1,1,1,1,4,9,1,1,1,1,20,12,10,1,1,8,1,19,1,1,9,1,1,1,18,11,16,1,11,14,14,10,1,10,1,1,20,482,17,1,1,1,10,1,2,21,1,1,1,1,5,9,161,1,2,8,15,1,10,9,10,12,13,1,14,11,1,1,16,1,19,1,11,1,3,1,11,1,2,1,1,1,1,1,1,30,1,13,34,1,12,1,1,16,1,1,18,1,1,1,12,15,20,1,17,1,1,89,1,1,1,1,8,1,2,15,1,1,1,14,1,1,1,1,24,15,7,10,15,1,1,33,10,13,9,1,1,1,10,71,16,1,1,1,14,26,1,1,1,9,14,1,9,11,13,1,9,10,1,14,13,10,16,13,1,8,1,1,3,5,2,11,10,1,1,1,1,10,1,81,1,10,1,10,11,1,1,8,13,14,10,9,1,1,1,1,1,1,1,1,11,22,1,1,1,19,1,1,7,14,1,9,1,1,11,11,19,1,15,1,17,1,1,15,13,1,11,1,1,13,22,8,6,17,10,1,1,1,1,13,1,1,1,25,1,1,7,16,4,9,1,14,10,13,1,1,35,26,15,9,5,1,2,1,1,9,1,1,1,1,19,1,21,8,1,1,4,1,22,1,13,11,14,1,1,1,1,15,7,1,1,1,10,21,1,18,1,1,6,24,1,1,1,1,13,1,1,4,1,11,1,1,11,1,21,15,1,1,1,1,1,12,2,8,1,1,11,7,11,2,21,9,1,1,1,17,15,16,1,1,16,15,7,4,20,16,10,1,5,15,1,6,1,1,12,1,34,13,1,7,1,1,1,5,11,12,1,20,20,9,1,14,1,9,1,17,1,17,1,3,1,1,1,1,1,1,5,13,1,10,1,7,12,15,1,1,12,1,1,1,1,6,1,1,14,1,1,1,14,13,1,1,1,11,6,14,10,14,12,16,14,1,1,1,8,15,1,11,5,1,10,16,15,1,10,1,1,1,1,1,16,15,1,15,1,15,19,1,9,1,5,15,6,6,12,20,16,21,1,101,1,1,12,1,6,13,1,1,7,10,9,13,17,1,1,1,3,1,1,1,1,6,1,1,4,12,12,17,3,1,15,13,18,1,1,12,19,1,1,1,11,1,1,1,1,1,7,117,17,1,11,18,1,15,14,13,13,12,1,1,1,1,7,1,6,10,1,1,1,29,1,12,5,6,21,12,15,15,1,17,10,1,9,10,1,1,2,1,5,17,1,7,1,1,9,1,18,12,1,11,1,14,1,1,12,14,18,4,1,11,1,1,2,8,1,1,12,1,8,12,1,10,1,16,14,1,1,1,1,1,12,13,38,1,1,9,6,2,1,12,18,13,4,12,12,1,8,4,1,11,7,9,15,9,16,12,18,19,1,1,1,15,1,1,1,1,1,14,1,14,1,1,1,15,1,9,9,1,1,1,1,13,1,16,17,1,10,8,7,6,9,6,1,1,11,17,19,1,1,11,1,2,1,1,11,1,11,1,5,15,6,1,12,1,1,14,1,1,10,17,1,16,1,9,1,2,7,11,10,22,15,11,12,1,1,6,1,10,1,11,14,1,8,12,6,1,1,1,5,12,1,11,1,1,1,5,1,2,12,1,1,1,15,1,13,1,1,1,1,19,20,13,1,7,16,8,1,16,1,13,14,1,1,1,1,1,1,10,14,7,3,10,1,1,17,1,1,1,1,1,17,4,14,20,1,7,19,1,1,16,1,4,12,1,1,14,16,1,1,3,1,7,4,12,1,7,1,11,1,3,1,1,1,1,7,12,15,1,1,1,1,1,19,17,16,13,1,16,1,1,1,1,12,24,1,1,7,1,1,21,1,1,1,14,4,1,18,1,9,13,18,1,14,2,22,12,1,1,1,1,9,17,1,2,4,1,1,18,14,1,1,5,12,13,14,12,6,1,21,1,1,16,10,1,1,1,1,14,1,1,1,13,10,1,1,9,9,7,1,36,8,1,1,8,22,9,1,7,8,19,8,10,16,1,1,20,9,2,1,1,2,1,12,1,17,1,15,11,1,6,13,1,1,7,12,18,1,1,1,1,1,12,19,11,1,18,1,10,11,8,1,5,1,1,1,13,1,1,9,1,17,1,16,17,1,9,14,1,12,1,1,2,1,1,7,1,7,1,10,9,10,10,14,15,1,1,1,14,1,1,1,1,2,11,1,12,8,8,13,10,13,14,1,1,1,1,1,12,16,11,12,14,152,7,1,1,1,1,1,15,1,13,8,15,16,1,17,1,1,1,1,5,14,8,2,1,11,1,10,1,16,11,15,9,1,1,1,10,14,10,15,3,16,1,7,11,17,12,1,8,1,1,1,6,1,1,17,9,10,1,19,1,1,10,1,2,9,9,26,1,1,1,1,8,1,1,5,8,8,1,1,1,10,1,1,15,1,1,9,2,8,24,1,1,19,1,9,11,1,18,14,1,13,1,1,1,2,1,1,1,7,17,16,14,1,1,7,1,1,18,15,1,9,2,7,12,10,3,1,10,8,1,21,1,1,11,1,1,1,21,9,1,1,12,9,12,12,1,1,15,1,20,10,1,5,1,1,1,19,14,1,10,9,1,12,1,1,5,7,1,2,9,1,17,1,17,1,5,13,5,1,1,12,1,11,8,13,1,1,1,1,9,20,12,13,1,1,1,1,35,9,14,1,1,12,18,1,4,1,1,1,11,1,16,1,1,1,9,1,12,1,1,1,12,11,70,1,1,1,9,9,17,1,1,18,10,16,1,1,6,1,1,1,16,1,8,1,10,14,12,18,1,96,1,28,1,21,67,15,1,13,6,18,14,15,1,25,1,7,17,13,1,14,10,1,1,1,1,13,1,15,1,11,8,1,1,10,1,9,1,11,11,14,1,1,10,9,1,17,7,16,1,1,1,11,9,1,1,7,1,1,1,13,1,1,21,10,9,13,1,6,1,1,1,1,1,12,17,19,1,13,1,15,1,1,12,1,8,7,13,24,1,1,7,7,1,12,14,1,10,1,7,12,11,1,1,10,1,1,1,1,18,1,11,1,16,57,19,1,1,1,1,35,1,5,1,1,1,1,10,1,9,17,1,17,1,1,1,1,8,30,2,3,7,1,1,19,1,2,1,1,13,1,1,13,1,14,15,1,1,1,1,14,15,1,1,10,1,19,11,10,1,1,17,6,18,1,14,13,1,7,22,1,9,15,19,1,1,1,10,1,1,9,1,18,17,20,19,9,1,1,20,10,12,1,1,12,12,1,16,1,1,68,1,1,24,21,18,29,4,1,12,9,1,5,13,1,25,1,1,17,1,7,2,21,1,14,16,13,1,59,1,9,1,1,18,1,1,15,9,13,1,1,15,1,23,1,14,12,1,1,1,10,8,10,1,1,3,18,1,13,1,15,1,16,1,17,6,69,10,10,16,1,1,28,1,1,1,69,1,7,13,1,7,1,7,1,9,11,1,21,1,2,17,11,1,1,1,1,1,1,1,20,1,1,15,7,12,1,1,9,1,1,1,12,10,1,11,3,14,1,1,20,19,1,1,21,1,15,11,12,3,1,12,15,10,13,1,1,15,1,7,6,9,15,1,1,5,1,7,1,1,21,12,15,12,7,1,14,16,1,13,19,9,20,7,1,1,9,9,2,1,23,5,11,7993,6,1,9,10,11,1,1,1,10,9,13,6,10,17,11,2,1,31,14,4,5,15,1,1,18,8,1,3,1,11,14,1,4,3,27,1,37,8,11,1,1,9,8,6,1,14,14,12,11,51,1,19,1,1,1,1,32,20,12,1,5,10,9,1,1,12,1,10,1,1,1,15,15,17,17,2,4,1,1,15,1,15,17,1,9,1,1,15,13,1,14,9,15,6,12,6,2,13,1,2,13,1,11,1,1,1,1,1,17,1,4,1,1,1,20,1,1,12,1,1,1,8,13,10,107,18,1,1,12,1,1,17,10,16,1,16,1,1,20,11,15,12,10,11,12,12,9,9,11,13,17,15,13,1,1,1,1,1,18,1,18,12,18,16,1,15,10,4,4,48,11,1,21,1,1,9,1,30,24,1,1,9,1,16,12,9,22,17,15,1,8,4,29,1,5,2,2,20,9,1,10,1,18,1,1,9,16,1,17,1,1,12,7,16,1,11,1,1,15,15,13,80,13,1,20,1,1,2,11,17,1,1,1,1,1,1,1,1,14,8,1,19,20,14,21,1,12,1,1,12,1,1,18,1,51,1,11,1,1,1,1,13,1,1,1,1,1,23,9,13,14,1,14,1,12,8,1,1,1,1,1,7,5,1,14,8,14,12,7,24,1,1,1,1,1,1,1,1,1,1,7,14,14,1,2,1,1,1,5,1,1,1,1,9,1,1,18,3,11,1,15,1,19,1,1,1,14,10,21,11,4,9,1,15,10,1,18,1,13,10,1,1,1,14,20,14,15,1,1,12,1,1,16,16,2,11,1,19,21,1,1,1,1,13,9,1,1,10,13,13,1,1,5,1,10,7,1,1,9,1,24,9,12,1,1,14,1,16,1,1,1,1,1,35,1,7,1,1,1,1,20,11,1,1,1,11,1,1,17,10,5,1,1,1,10,1,1,27,13,1,1,10,1,1,18,10,10,12,11,1,1,15,12,1,1,1,1,9,1,1,1,9,10,21,1,5,1,12,1,9,1,1,8,12,1,22,1,1,1,1,6,13,4,1,11,13,1,23,1,1108,1,10,2,2,1,13,1,1,1,14,1,9,1,17,9,1,1,11,1,311,1,21,1,1,1,25,1,1,1,1,25,14,13,1,1,1,17,1,1,10,10,9,8,11,1,1,4,1,1,1,1,9,8,8,6,10,16,10,9,1,14,17,1,1,3,14,1,30,25,1,13,1,9,1,80,15,19,99,1,12,12,1,7,22,1,9,1,15,1,12,4,1,21,28,1,12,1,1,1,6,1,14,1,13,13,13,14,2,1,1,1,1,1,1,12,14,15,1,7,12,1,1,11,8,13,9,1,1,1,1,1,1,11,17,18,11,6,1,7,1,29,6,1,7,12,10,1,1,9,12,1,4,7,1,16,10,15,11,1,1,1,8,13,9,16,7,8,16,1,11,1,1,1,1,6,25,30,7,1,6,15,7,1,1,21,1,1,13,1,2,1,1,1,1,10,1,1,1,14,1,12,1,12,1,1,12,10,1,20,14,1,1,1,1,10,17,16,1,16,12,1,1,1,1,14,11,23,10,11,1,11,10,1,17,1,1,1,5,30,1,1,20,1,7,10,12,1,1,1,1,1,1,16,16,7,1,7,1,1,7,1,8,6,1,1,1,7,7,1,9,1,22,1,16,1,15,1,1,1,1,21,1,12,1,17,11,1,1,1,31,5,7,12,1,2,13,10,10,1,12,7,1,1,9,15,4,13,6,11,1,1,1,11,16,1,5,12,1,1,1,1,12,6,9,1,1,36,18,1,9,1,13,3,1,7,20,11,1,11,1,3,1,10,16,39,8,9,1,4,1,11,13,1,1,1,17,12,7,14,1,1,26,1,1,10,1,1,9,6,1,1,1,1,12,7,17,1,17,1,17,1,1,9,1,6,31,6,16,3,13,1,1,1,11,10,1,1,1,1,13,3,1,2,1,1,22,1,1,1,1,1,8,1,1,10,11,8,1,10,1,1,9,14,1,1,28,1,1,14,1,16,1,1,14,7,1,16,14,28,1,1,1,1,10,1,1,1,1,1,1,1,1,16,16,26,1,1,1,1,1,1,1,5,1,1,2,10,1,1,1,9,13,19,13,1,1,1,12,1,1,18,1,1,1,1,1,1,5,1,24,14,1,1,13,1,9,17,1,16,20,8,13,13,52,1,7,1,1,1,1,1,14,1,1,1,10,1,2,1,1,9,1,1,2,11,14,28,1,9,12,5,4,1,16,1,13,27,12,14,17,12,1,16,12,1,1,7,12,1,1,1,1,1,16,2,10,26,17,8,1,1,22,6,1,1,1,1,1,1,1,8,1,16,10,19,15,11,10,1,1,15,7,1,11,9,11,1,11,1,1,9,1,1,14,21,22,11,7,1,1,1,8,23,1,1,1,9,1,1,1,7,13,8,1,10,1,1,1,21,9,1,1,1,1,16,19,14,1,1,1,9,1,9,1,8,1,1,12,1,1,1,1,13,14,9,9,13,1,8,1,4,9,1,17,10,1,14,9,12,1,1,1,1,22,20,5,1,1,1,14,1,1,10,5,3,1,21,17,10,1,1,16,1,13,14,9,11,1,9,8,9,15,1,1,1,1,1,1,10,3,7,1,1,19,5,1,1,1,1,1,14,6,9,11,1,1,66,3,1,11,9,12,10,5,1,14,7,1,13,6,4,1,11,8,1,52,1,17,9,13,1,1,1,13,2,1,1,1,11,1,1,12,1,1,19,1,2,1,1,1,1,11,1,1,15,12,1,2,4,1,22,1,1,16,9,11,19,15,1,8,1,13,17,10,1,1,15,1,6,1,1,14,8,1,18,5,11,13,15,15,1,1,1,1,4,1,1,1,14,1,1,1,10,8,1,1,11,1,1,1,8,2,1,17,14,22,3,25,20,3,1,1,1,3,8,3,17,1,1,20,13,1,5,13,15,1,1,9,1,6,2,1,1,1,6,6,14,1,1,1,1,1,1,3,17,1,1,2,14,17,1,1,1,53,6,7,1,1,28,15,15,1,1,13,1,10,1,8,1,15,18,16,9,9,19,1,16,12,2,1,1,1,8,1,1,1,9,11,8,26,1,11,19,1,14,1,1,1,11,19,38,1,1,12,10,1,8,6,7,1,14,1,1,1,1,3,1,1,1,1,10,10,14,1,1,14,21,13,1,1,1,1,1,1,23,1,8,8,1,1,13,24,1,13,11,1,1,1,2,1,7,1,1,1,15,1,1,1,1,109,10,10,1,1,1,11,1,13,1,15,1,5,1,8,1,1,9,14,1,17,1,1,1,65,10,1,10,8,1,1,10,1,7,1,1,1,1,18,1,1,1,17,1,1,1,11,1,12,1,9,1,9,13,10,1,23,15,1,14,10,1,4,9,17,1,4,16,1,1,1,1,23,14,1,7,20,10,1,1,13,11,12,8,10,13,1,18,8,18,1,8,1,9,1,1,1,1,1,7,2,10,1,10,15,8,1,11,11,1,1,1,1,12,16,1,11,1,14,7,13,1,9,18,13,1,1,1,1,43,7,12,7,1,17,1,19,13,15,13,12,1,11,11,15,1,1,1,1,15,10,3,1,4,1,2,12,1,1,1,1,12,20,9,14,1,6,22,2,5,9,1,14,13,1,13,12,10,1,13,16,18,11,1,9,11,3627,13,1,7,1,10,11,1,1,11,11,12,10,1,13,1,1,1,12,12,12,1,1,1,1,15,10,1,3,10,18,4,24,10,22,7,18,25,1,1,12,20,19,1,1,1,14,11,16,1,5,14,1,9,9,18,16,15,1,1,1,1,11,1,19,12,11,1,1,1,1,1,1,1,1,1,2,17,1,10,13,8,1,11,1,1,1,8,11,1,11,56,1,1,10,1,1,13,1,9,1,1,1,1,16,14,17,11,14,14,17,12,8,8,1,1,15,18,1,1,1,11,1,16,28,1,1,7,1,3,1,12,12,17,1,18,11,1,6,1,17,1,9,11,11,1,1,12,1,16,15,10,1,1,10,1,14,10,1,1,1,1,1,1,10,1,16,1,1,1,17,1,8,21,1,11,2,14,13,12,1,1,14,1,15,5,10,16,1,46,1,1,1,1,1,1,3,1,1,10,11,1,1,11,1,1,13,1,13,18,1,26,13,3,1,9,1,109,15,10,12,1,1,13,2,3,13,13,1,15,1,1,9,1,13,1,1,2,1,7,9,1,1,1,1,11,10,11,8,6,14,1,1,12,1,1,11,1,13,1,7,1,1,15,1,13,14,1,1,1,1,1,15,15,7,15,1,15,11,23,10,23,1,28,1,1,2,12,1,8,13,1,1,1,17,1,11,1,1,1,8,11,1,1,1,10,1,1,53,25,8,15,1,10,1,1,1,6,8,13,1,1,10,5,20,7,1,1,1,1,9,2,1,9,13,10,17,12,1,1,1,19,16,16,20,1,9,12,17,1,1,6,14,1,1,1,17,19,1,2,9,1,10,13,25,12,1,1,1,21,11,2,1,1,1,1,17,16,17,16,11,18,15,12,1,15,2,1,7,1,1,14,1,1,1,16,13,7,8,1,1,9,15,79,1,4,7,1,1,1,1,1,1,15,16,1,6,11,8,1,9,1,10,1,12,1,1,14,17,11,1,12,6,16,15,1,12,15,1,14,1,1,1,7,1,9,4,1,2,8,1,14,1,9,15,12,1,12,1,16,10,1,1,1,1,16,8,1,10,1,12,1,2,9,11,1,1,1,10,1,1,1,12,1,1,1,9,9,1,2,1,1,2,8,14,10,2,1,19,1,1,12,1,19,4,1,1,19,7,1,1,2,14,523,1,5,1,7,1,6,1,12,1,1,1,15,9,1,1,9,11,18,1,10,1,1,14,14,11,1,20,16,5,1,7,2,1,14,27,16,1,7,1,9,1,12,17,97,1,9,1,8,14,1,1,1,1237,1,10,1,6,13,15,5,15,1,1,12,14,9,1,9,7,7,1,1,1,1,1,1,1,21,1,1,25,51,12,1,1,1,1,1,23,1,14,1,1,12,10,1,1,1,9,5,1,8,14,1,22,1,22,10,18,8,1,16,10,1,10,1,1,13,24,14,1,1,11,17,1,2,10,16,31,5,1,7,1,1,12,1,1,14,1,1,19,1,12,1,17,1,8,13,1,23,16,87,3,9,1,7,5,1,1,4,16,11,1,22,8,6,1,14,27,8,1,16,11,1,1,1,11,19,1,1,2,1,1,1,16,12,7,12,10,9,1,16,1,18,12,6,10,1,15,1,10,1,1,15,15,1,1,1,11,1,2,13,11,17,8,1,9,1,14,1,2,17,16,1,1,31,1,1,11,1,14,1,6,1,1,1,30,1,16,22,1,1,9,9,11,17,1,2,20,9,1,2,16,20,1,2,7,8,1,1,10,1,18,1,15,11,1,12,1,11,1,1,2,1,1,1,17,1,16,10,8,1,11,11,15,22,16,10,10,10,1,17,16,11,1,1,11,6,14,18,10,57,11,54,1,1,16,2,16,16,1,10,1,1,1,10,12,14,1,1,14,1,1,1,8,1,1,9,9,1,1,12,1,1,1,1,1,1,27,15,10,1,16,1,24,8,14,9,1,1,1,1,1,1,1,1,1,18,13,1,15,16,19,8,13,15,1,1,1,32,1,1,18,15,1,1,1,1,1,1,1,7,7,12,11,16,5,1,1,18,1,1,1,15,1,1,1,1,1,1,14,1,1,10,1,1,1,9,1,1,1,2,3,10,1,7,10,1,1,1,16,8,1,1,1,69,11,12,2,23,2,12,1,1,12,1,1,7,1,15,1,1,1,12,1,2,1,1,14,1,10,15,1,1,8,1,13,1,1,1,2,10,1,9,1,1,2,10,15,1,1,1,11,4,14,1,17,1,13,14,8,1,1,16,13,1,7,1,1,13,1,13,5,1,1,18,13,1,9,2,14,14,1,1,32,1,1,1,8,1,22,1,8,1,1,14,2,42,2,1,18,18,13,1,1,1,10,6,8,1,1,12,1,1,1,14,1,1,1,15,1,10,17,1,4,15,1,1,1,2,22,13,1,15,1,16,1,9,12,1,1,1,17,14,1,1,22,1,1,10,1,21,9,11,7,12,1,1,14,15,1,17,12,7,2,7,1,11,16,12,1,16,1,1,1,1,15,5,1,1,20,1,1,14,7,1,1,8,15,1,17,1,12,12,23,1,16,9,11,1,14,1,10,1,8,21,14,2,14,1,1,1,1,2,17,1,11,1,20,11,11,9,1,14,12,1,1,8,2,9,24,12,1,1,1,11,14,1,1,1,1,15,1,6,1,1,4,1,1,1,1,10,13,1,14,7,11,16,1,1,11,1,7,1,8,1,15,1,1,2,1,12,1,4,11,5,1,9,1,8,1,1,1,1,1,11,15,8,12,1,23,29,12,1,15,1,1,1,7,1,17,1,12,1,1,6,1,15,1,13,14,1,1,6,19,1,1,12,1,1,1,2,11,1,7,9,21,1,1,2,20,1,8,1,1,1,11,15,1,10,12,17,1,1,1,12,10,14,14,12,15,1,5,1,1,19,1,15,13,5,1,1,8,14,12,8,13,16,1,12,9,1,8,13,15,13,16,1,7,13,1,12,1,1,6,15,1,11,9,1,11,1,8,1,5,12,15,1,17,5,18,2,7,1,1,8,9,1,1,5,12,16,1,10,12,1,24,1,1,1,1,7,1,7,15,1,1,14,3,12,1,1,1,19,4,11,1,1,22,3,1,292,9,1,1,6,14,1,1,21,25,4,1,1,12,1,8,2,15,1,1,12,6,17,1,1,20,13,8,1,14,13,14,13,9,1,14,11,21,13,1,1,1,9,26,1,1,1,12,8,14,8,11,13,1,13,10,1,12,1,1,1,11,7,10,15,1,1,1,15,12,1,21,14,1,1,13,1,15,20,1,9,1,1,1,10,1,1,14,1,1,8,1,16,1,1,17,18,1,1,11,1,1,1,16,1,1,16,1,1,1,12,14,9,1,16,18,15,6,1,1,1,17,8,1,6,14,1,1,16,15,9,13,1,1,7,2,1,1,1,1,17,1,1,1,1,1,8,1,12,13,10,3,1,16,10,1,1,25,1,1,12,8,2,23,1,1,15,1,1,1,16,11,9,11,1,7,1,1,22,1,16,1,12,2,18,1,10,13,16,14,1,1,1,1,12,8,10,1,11,12,1,1,1,1,3,17,20,1,14,13,14,23,2,11,9,10,1,19,12,11,16,1,11,4,1,25,1,8,1,1,1,6,12,3,2,1,26,14,9,15,1,1,1,11,1,5,69,1,11,8,10,18,12,1,13,1,18,12,15,1,1,1,13,12,1,1,100,15,1,23,1,13,14,1,1,17,11,7,17,1,1,2,6,11,1,14,1,9,1,1,1,1,11,8,8,24,7,20,1,1,10,10,1,1,10,5,16,1,1,1,2,8,1,1,1,1,9,19,16,1,1,17,13,1,1,1,2,1,6,9,1,12,12,1,13,17,1,1,14,32,1,16,1,1,1,6,2,1,12,7,18,1,16,1,15,9,1,1,2,1,1,1,1,18,1,6,6,1,13,1,12,1,12,1,9,1,1,1,13,1,5,1,1,15,21,15,7,9,17,1,1,14,13,13,1,20,2,1,1,1,14,1,1,8,1,1,1,14,12,1,4,13,1,56,1,49,11,17,16,1,1,2,1,2,1,13,9,1,1,15,11,1,12,13,12,12,14,8,26,11,11,17,10,1,7,12,1,1,9,15,12,8,2,1,1,65,8,1,4,1173,2,4,1,7,1,3,1,12,14,1,1,14,1,9,16,1,1,8,1,1,13,1,6,2,1,1,21,8,10,1,1,17,1,1,1,1,1,1,1,11,1,11,10,1,1,1,1,1,1,1,1,8,3,14,1,5,1,19,1,1,1,2,10,1,12,17,1,4,1,1,18,1,14,1,1,1,6,15,2,14,8,1,12,2,12,14,17,11,1,6,1,14,1,1,7,10,5,10,1,1,13,1,1,1,1,14,12,1,14,10,1,14,8,1,1,1,12,23,1,1,9,9,1,17,1,1,10,1,13,97,11,9,8,15,1,1,1,1,1,4,16,1,1,1,1,1,1,11,14,1,15,1,1,1,1,34,5,1,1,11,1,1,20,1,11,12,1,33,1,7,1,11,1,15,7,11,1,10,1,6,11,1,28,12,10,1,1,7,16,1,1,1,11,1,8,1,10,7,24,1,1,9,1,1,1,13,11,2,13,13,16,5,1,11,8,15,1,1,1,5,10,16,1,6,7,1,1,1,13,1,1,2,1,15,1,1,1,1,1,15,17,7,1,1,1,20,1,15,11,14,15,7,15,1,1,739,1,13,16,11,15,1,20,1,14,12,17,10,1,22,10,1,1,12,1,1,15,13,1,9,1,1,8,1,12,17,12,13,1,10,11,1,1,13,1,1,1,18,1,16,14,11,14,11,1,10,14,15,17,1,15,1,17,18,1,16,1,1,14,15,16,12,1,12,1,1,12,1,7,13,2,16,12,6,1,31,4,24,5,9,1,1,1,13,1,5,13,11,18,6,1,1,1,1,1,1,14,11,10,17,17,1,15,87,1,7,1,16,1,12,11,2,1,1,1,1,12,1,1,1,5,1,15,12,10,1,1,10,1,9,6,12,1,21,1,19,1,1,15,9,9,8,15,1,1,2,1,1,1,6,15,411,14,1,7,1,8,7,17,11,1,13,1,25,13,2,15,1,11,12,1,9,1,10,14,1,1,14,1,1,4,1,1,1,16,1,1,1,1,10,2,1,1,1,1,11,16,8,2,15,1,14,7,28,1,14,1,12,14,1,10,13,1,10,1,1,1,13,1,1,10,1,14,6,1,1,1,1,1,1,1,1,1,15,8,18,17,2,1,7,11,10,16,10,1,1,12,13,1,1,5,1,1,12,19,6,1,12,6,8,1,1,1,16,1,11,1,18,1,17,18,1,1,1,15,1,16,1,8,62,4,13,1,1,1,1,20,17,1,1,1,1,1,13,17,1,1,10,1,1,10,11,17,8,1,1,28,16,1,1,1,1,1,19,12,10,1,10,13,1,7,1,1,1,1,10,1,18,1,16,1,6,9,8,1,7,1,18,17,1,1,9,13,14,1,13,12,1,1,13,1,1,9,23,6,1,13,12,20,7,1,1,9,11,15,1,1,1,1,1,78,1,17,1,1,12,17,1,1,8,16,16,16,1,1,1,15,1,21,11,15,12,1,1,16,5,6,16,12,21,9,14,9,1,12,1,8,15,1,1,1,12,11,1,1,14,9,1,1,1,11,1,15,15,10,1,1,18,1,5,4,1,1,1,9,1,15,1,13,1,12,2,20,1,1,17,1,14,9,15,1,1,17,1,9,1,1,1,1,10,1,1,1,1,11,1,14,8,1,1,11,13,1,1,3,1,20,8,17,10,1,19,1,5,1,3,13,12,1,8,1,1,9,1,1,1,1,1,1,1,10,17,10,1,17,1,1,17,7,17,23,15,12,10,1,15,11,1,2,1,12,1,1,26,10,11,1,1,13,20,14,12,1,14,1,1,13,7,4,1,10,14,6,9,16,7,13,1,13,14,9,22,1,12,1,1,10,12,1,14,1,11,13,8,1,1,11,23,1,1,9,1,17,19,1,23,12,15,6,18,2,10,1,17,1,1,1,1,1,1,1,1,1,1,2,18,1,1,12,16,14,1,1,11,1,1,9,12,12,1,1,11,1,1,17,1,2,1,11,16,1,20,10,1,10,1,1,16,1,10,14,1,22,1,5,15,1,13,9,1,14,1,21,11,12,14,6,1,13,9,17,15,6,1,1,1,13,15,1,37,1,21,10,1,11,2,1,11,1,47,18,6,34,1,1,1,1,14,1,14,25,1,21,1,5,18,9,16,1,14,12,16,4,4,1,1,25,1,15,1,1,1,13,1,1,1,10,11,1,11,5,17,23,1,1,1,1,1,1,1,6,8,1,1,5,1,11,1,1,1,1,20,1,10,1,1,1,1,1,1,1,1,1,1,1,7,16,13,1,16,19,30,1,15,15,1,2,10,1,1,12,1,12,12,14,1,17,14,10,10,1,1,11,14,13,86,6,9,20,1,1,8,1,1,1,1,8,12,1,1,1,20,1,10,1,1,1,11,7,12,1,8,1,5,1,14,2,1,16,13,13,1,1,18,2,14,5,1,18,1,13,12,9,1,1,15,1,1,3,1,11,1,2,1,9,7,1,1,10,1,1,16,14,20,10,1,1,8,1,1,11,6,8,19,1,13,1,12,39,1,11,15,1,1,1,1,1,5,1,725,16,1,1,30,1,1,13,14,1,1,15,1,1,1,21,12,12,9,11,8,1,4,1,9,1,1,8,14,1,1,31,1,1,10,12,26,1,1,1,1,29,1,8,1,1,18,1,11,1,1,1,10,21,4,5,1,12,13,19,1,16,3,12,1,1,5,1,18,15,19,18,9,12,4,6,1,5,17,1,1,14,2,1,1,1,1871,9,2,14,10,13,15,14,7,1,10,1,1,9,9,1,9,1,16,1,9,1,1,16,5,1,47,1,1,6,8,15,1,28,1,1,1,11,10,12,9,12,14,3,3,1,1,2,1,1,3,1,1,12,1,17,1,1,2,1,12,12,11,8,1,13,1,1,9,12,1,1,17,10,1,15,1,14,10,20,10,25,1,1,1,13,1,4,1,27,1,16,4,13,13,7,9,1,12,12,11,1,1,1,1,14,1,1,9,1,1,1,1,70,1,15,13,21,9,13,33,5,1,6,1,1,1,1,10,1,18,7,1,1,20,1,1,15,1,1,18,1,20,1,3,1,10,18,1,10,29,1,1,3,13,1,1,13,14,1,14,15,1,11,1,11,1,1,10,2,1,1,1,1,1,13,25,2,14,17,9,11,17,1,10,1,64,10,14,16,8,1,1,11,1,1,29,7,1,7,11,230,1,1,12,17,11,1,1,1,1,14,1,1,2,22,1,12,14,1,14,6,1,16,2,14,17,34,13,1,1,15,1,11,1,1,1,1,1,12,1,11,1,1,11,1,2,3,1,10,1,13,1,3,2,1,13,1,1,16,20,1,1,1,2,1,1,2,10,1,1,8,9,1,11,1,13,1,8,1,17,1,16,1,10,14,11,1,1,1,9,8,1,9,15,9,1,1,9,1,7,13,1,1,9,1,1,8,1,19,6,1,13,1,8,7,89,4,1,1,1,9,19,7,1,8,1,14,1,16,9,2,6,26,10,12,1,20,1,16,2,7,1,16,1,22,1,1,1,1,1,1,15,15,1,17,1,1,7,1,1,16,1,1,1,3,1,7,4,17,1,1,1,14,13,1,20,8,1,1,1,20,1,1,35,1,12,1,19,1,11,1,14,11,10,1,11,14,13,1,21,1,1,1,1,15,1,1,17,14,22,16,1,19,1,4,1,1,14,19,13,14,18,1,1,13,6,1,1,7,1,1,1,1,18,18,1,1,15,1,12,3,1,1,1,13,10,13,10,1,1,1,1,15,2,15,25,1,1,1,1,12,1,7,14,13,1,6,15,10,15,1,1,22,1,8,26,11,14,7,13,14,14,16,12,12,10,16,14,1,1,1,1,16,1,13,1,1,1,11,9,1,10,5,1,25,1,2,9,1,6,14,1,17,3,3,1,1,1,1,1,1,21,1,1,14,16,2,1,1,1,1,1,10,1,17,6,1,1,16,1,14,1,1,1,32,17,15,13,1,12,1,24,1,10,1,1,1,10,1,15,17,1,1,1,14,1,9,7,1,1,7,13,19,1,1,19,5,1,12,1,10,15,11,16,1,15,82,17,16,1,1,13,1,1,9,1,18,1,18,18,1,1,1,1,1,1,12,1,25,20,1,1,1,8,1,1,13,1,1,1,7,1,1,1,1,1,2,1,13,1,12,1,8,12,8,11,3,17,57,1,4,1,9,1,10,21,16,10,1,1,1,1,18,1,1,1,1,1,18,8,1,14,11,10,1,1,1,43,1,17,1,1,20,1,1,1,1,1,1,1,22,24,1,12,1,8,1,1,4,12,9,1,1,1,1,14,18,1,1,1,17,12,1,10,9,1,9,1,1,1,14,1,1,1,27,15,1,1,14,12,1,6,1,13,25,20,17,1,9,1,2,13,15,6,20,1,17,1,10,17,16,1,1,1,1,1,15,26,1,14,1,1,1,1,1,1,11,17,1,8,17,10,11,6,1,1,1,1,15,1,1,1,1,14,1,9,15,1,6,6,1,12,16,1,14,13,12,1,4,1,1,1,1,1,21,1,12,1,17,4,34,1,17,1,17,1,1,13,12,1,1,3,13,1,1,22,1,1,1,1,5,18,7,20,1,18,16,4,75,1,1,1,15,14,1,13,14,1,1,8,12,1,6,1,17,19,14,1,1,27,1,12,10,1,1,1,6,11,21,1,1,15,18,1,1,14,6,1,6,3,7,11,14,15,13,22,11,30,1,2,1,10,10,12,9,1,1,16,17,15,1,6,1,16,23,1,1,1,10,10,13,11,8,1,1,10,17,10,1,12,1,1,1,13,1,1,22,17,1,1,5,20,1,12,14,6,13,1,1,13,1,10,24,14,17,12,10,1,11,15,10,1,1,3,6,1,10,5,13,1,55,1,11,101,3,1,13,9,12,1,1,1,1,184,1,1,1,1,1,1,1,13,1,1,18,17,17,10,10,1,1,16,14,1,1,1,14,14,8,13,18,1,1,1,11,1,15,1,1,1,1,13,1,2,1,15,7,15,8,1,1,1,11,9,15,1,1,1,1,1,1,1,7,1,56,1,9,15,13,11,17,14,16,2,1,1,1,6,7,15,9,1,1,1,1,1,1,6,1,20,15,1,1,1,2,19,2,1,7,1,11,1,1,15,11,1,1,21,1,1,1,150,1,4,7,23,1,1,12,1,2,1,1,1,27,1,2,7,13,9,1,1,1,1,1,1,11,8,15,9,9,1,2,16,8,1,12,1,21,20,1,1,5,1,1,1,13,1,20,1,1,13,1,16,1,1,1,1,13,5,1,1,2,11,1,33,1,13,19,14,8,1,1,12,1,2,16,1,1,1,7,13,13,18,1,1,9,20,1,1,13,1,1,18,1,10,8,9,17,9,28,1,13,1,9,9,39,1,1,11,1,1,12,11,19,1,12,10,1,1,1,1,1,1,1,1,1,9,1,15,14,10,11,1,1,102,15,5,1,1,19,1,18,1,9,9,33,2,1,21,1,18,1,1,1,15,4,1,16,1,8,6,5,1,1,1,13,1,1,1,11,1,1,1,22,10,14,9,1,13,14,8,1,1,1,15,1,1,6,22,1,1,11,1,1,1,9,7,1,1,23,1,1,1,14,1,18,13,1,1,1,6,13,13,6,7,13,14,1,14,16,21,8,44,12,5,11,11,22,2,14,1,9,7,1,12,5,11,6,1,3,13,1,1,1,13,17,1,1,1,15,1,9,1,14,1,11,3,3,17,4,19,1,1,17,11,3,9,1,11,16,1,10,1,4,1,10,13,6,3,1,9,1,14,1,18,15,13,26,1,33,15,1,12,10,17,16,1,10,1,1,9,1,1,2,1,1,1,3,1,1,1,17,5,1,11,2,16,17,1,12,1,1,1,1,1,1,1,23,1,7,14,10,13,23,1,10,1,20,1,5,1,3,12,9,1,1,14,10,13,16,11,9,1,1,1,1,4,1,1,14,1,1,1,32,1,1,1,1,2,2,25,1,5,1,13,1,20,19,1,18,12,1,1,1,1,40,2,1,9,10,1,25,16,1,1,1,1,13,1,17,9,1,12,1,1,2,8,1,21,10,6,6,11,8,1,5,17,12,1,7,1,17,1,7,14,1,11,1,1,1,1,16,23,14,1,15,1,12,1,12,1,1,8,1,14,77,1,8,1,14,1,1,15,1,1,3,1,1,16,12,1,2,1,8,1,1,1,17,1,7,10,1,6,13,1,10,15,6,1,16,8,13,9,1,1,1,1,7,1,19,1,1,1,17,1,5,20,6,1,1,3,1,15,1,1,3,1,13,19,1,15,10,11,1,1,28,9,8,1,1,13,1,1,18,1,17,1,17,1,1,1,17,19,1,7,11,10,1,1,1,1,13,1,11,1,9,27,1,1,1,1,1,13,2,13,1,1,13,2,9,12,1,1,33,1,15,1,2,12,12,1,1,1,10,16,2,1,12,1,1,1,1,1,6,1,1,1,1,2,1,1,9,1,1,1,2,1,1,1,1,17,8,7,11,1,12,13,1,1,8,1,1,1,8,1,11,16,1,6,8,18,10,12,11,1,1,1,9,9,4,1,1,7,9,1,16,9,1,13,1,16,2,8,1,11,1,14,9,20,15,2,6,4,1,17,26,23,1,10,12,11,1,11,2,1,1,1,1,10,1,5,1,12,24,1,7,20,1,28,1,1,23,12,13,13,13,1,1,15,1,1,1,1,1,13,3,7,6,1,1,10,14,1,6,11,14,5,20,1,1,1,4,9,1,1,1,1,17,13,11,19,1,3,13,1,6,10,1,15,11,9,1,18,10,11,11,1,1,8,1,9,1,17,14,17,19,1,1,1,15,1,16,12,15,1,1,14,14,20,1,1,11,1,9,1,1,12,7,1,12,1,1,7,12,1,9,1,1,15,7,10,6,1,14,10,18,19,1,15,10,21,1,12,20,10,6,1,3,1,1,1,14,13,7,9,1,1,1,1,14,1,1,11,8,1,1,1,1,10,1,17,1,1,1,2,17,1,7,3,15,1,12,1,20,12,1,7,14,1,1,20,2,1,1,31,1,1,1,1,11,14,9,13,11,1,6,11,14,9,1,1,13,10,1,1,12,1,1,18,1,10,14,1,97,15,1,4,16,16,1,1,15,10,15,51,6,14,1,1,1,1,3,9,8,1,65,17,1,8,1,12,15,1,1,1,13,1,1,17,1,20,13,1,1,4,1,1,1,1,1,1,24,14,1,1,11,1,10,4,1,10,9,1,9,1,1,1,12,10,22,22,14,5,1,1,10,18,4,1,14,18,15,1,13,1,12,8,1,7,7,22,1,15,11,1,18,18,17,1,1,16,16,1,10,1,1,1,16,15,1,12,10,7,7,12,14,28,10,1,19,14,19,1,1,2,1,1,7,1,17,1,59,1,1,1,1,13,23,13,1,10,19,1,1,1,1,1,15,21,10,1,16,1,14,1,1,1,1,15,1,1,1,14,14,10,15,1,15,2,15,1,1,13,1,15,1,5,16,1,1,9,1,9,1,12,16,10,12,13,1,20,1,1,1,1,16,1,1,1,1,11,1,11,1,14,19,1,11,1,19,1,1,1,1,7,1,1,1,10,1,14,16,6,14,1,1,15,13,16,1,1,13,11,8,20,16,10,1,1,20,13,10,22,1,1,1,10,1,1,1,20,1,1,16,1,16,59,2,21,1,1,1,1,1,8,1,1,1,1,16,13,2,1,31,1,10,1,14,11,1,17,4,1,1,18,1,1,2,1,14,14,1,33,1,13,1,15,2,1,20,15,1,3,7,1,19,1,1,1,1,13,1,12,1,11,13,11,16,1,1,1,1,13,1,16,10,1,1,1,13,5,1,17,1,9,12,1,13,1,6,15,21,1,8,18,996,17,1,3,1,1,1,6,1,1,1,1,1,18,1,1,19,9,19,13,1,1,1,1,13,6,1,8,1,1,10,3515,11,1,17,18,1,1,8,2,10,8,1,1,1,10,7,13,1,1,8,13,16,1,15,1,1,3,19,20,12,5,1,1,1,1,1,17,1,10,9,1,15,25,1,13,1,10,21,1,7,21,9,38,15,11,1,4,10,15,7,1,13,9,32,8,16,12,1,1,1,22,1,1,2,1,1,1,12,14,1,10,1,1,1,16,13,9,9,12,9,1,14,9,1,1,16,11,4,10,15,12,1,1,1,1,1,13,20,1,14,1,1,15,15,14,12,2,1,1,6,8,27,10,25,1,4,10,1,1,11,18,20,6,12,14,1,19,1,1,16,11,23,9,1,1,2,1,13,17,15,1,1,1,17,16,9,1,20,1,1,1,1,12,1,1,11,1,10,8,1,6,9,11,1,9,14,18,1,11,13,14,1,19,9,1,1,13,1,1,12,1,1,1,1,1,9,16,14,11,7,6,17,1,1,1,12,1,1,16,1,16,1,1,1,1,1,11,19,15,1,1,1,1,1,35,16,9,1,1,1,4,11,10,7,1,8,1,1,1,9,14,11,1,16,1,1,1,1,8,1,7,9,7,1,15,21,13,1,19,1,1,12,1,15,11,14,18,1,1,1,6,1,1,1,1,12,5,1,10,1,1,1,15,1,1,18,1,13,1,1,13,1,1,10,11,15,15,8,1,1,7,1,20,1,15,11,1,18,8,7,13,3,12,12,4,1,1,1,1,16,1,14,14,5,11,13,1,14,1,1,8,14,3,8,13,13,6,13,1,10,6,1,1,11,16,1,14,9,1,1,1,1,1,83,1,1,10,1,15,2,14,18,16,17,1,1,1,9,8,12,1,1,1,17,2,1,3,6,22,1,1,1,1,21,16,20,1,15,16,1,1,1,13,17,12,28,2,4,1,15,11,1,8,5,8,13,7,10,1,1,16,21,51,1,13,1,14,7,4,1,1,1,11,1,1,23,1,17,1,1,1,1,1,1,10,15,2,1,14,14,1,1,10,14,1,6,1,1,1,12,1,6,4,15,11,1,10,11,1,1,49,26,1,1,8,9,1,9,12,5,1,1,12,1,1,3,6,2,9,16,1,1,1,11,13,1,1,5,232,2,8,1,12,1,13,1,1,21,1,1,1,9,1,1,1,1,28,14,1,1,12,1,19,2,1,1,1,18,5,14,11,1,14,6,1,14,17,16,9,1,1,1,1,1,1,14,17,1,2,6,15,8,1,1,13,19,12,1,1,14,1,12,11,17,1,1,19,13,5,9,1,1,22,1,12,15,11,1,1,8,17,1,1,19,1,13,5,1,7,1,1,1,1,1,1,1,1,10,1,6,1,1,1,14,13,13,15,19,1,14,8,1,1,16,1,1,1,7,1,18,1,1,10,1,1,15,1,17,5,1,1,1,1,1,1,39,1,1,14,1,1,12,6,16,1,1,10,11,3,1,13,11,5,1,1,1,1,12,118,1,1,4,14,8,16,3,7,13,13,55,6,22,8,1,4,17,8,1,15,17,25,9,1,5,2,11,1,12,16,1,1,1,18,1,14,1,17,14,10,12,9,11,1,12,4,1,1,9,1,3,10,1,1,1,12,46,15,1,1,1,1,12,10,1,1,1,11,1,8,5,1,1,1,1,12,12,1,1,16,8,18,17,1,23,18,15,1,1,1,1,1,12,1,13,1,1,12,1,16,1,1,1,9,13,1,1,1,6,5,1,1,1,4,4,1,19,1,1,12,16,1,1,19,17,19,20,1,1,16,1,7,1,1,1,13,11,1,1,13,17,6,10,1,1,1,12,12,1,11,1,11,16,1,18,6,1,1,15,1,6,13,1,2,19,1,1,11,1,1,1,1,32,14,21,15,1,1,3,14,1,1,1,13,1,6,1,270,1,28,1,16,2,1,18,15,7,14,12,1,11,7,18,10,1,19,16,1,1,1,1,20,1,20,88,17,8,1,1,1,16,1,6,12,6,1,1,11,12,1,22,1,12,16,1,11,10,1,1,1,13,9,1,1,1,10,1,7,1,11,25,9,8,1,15,1,16,1,1,10,1,21,19,1,1,1,1,8,1,17,1,7,9,1,1,11,1,1,20,1,48,1,15,1,14,1,1,1,1,1,62,9,14,1,1,5,1,10,1,28,1,1,2,10,6,13,10,16,12,1,1,5,13,5,13,1,6,19,6,13,7,33,13,1,10,18,7,15,10,1,5,1,1,1,1,1,14,1,1,1,1,13,2,1,1,1,7,22,5,12,1,14,14,15,18,9,1,5,17,29,18,9,1,2,1,1,1,1,1,5,19,1,1,1,1,9,10,1,1,4,1,18,1,7,12,4,16,13,7,12,1,17,19,1,13,9,1,15,35,11,10,8,1,13,1,10,1,1,1,1,1,1,9,1,1,9,10,1,1,1,10,1,1,16,1,1,21,1,1,4,23,1,1,14,11,1,3,1,1,1,1,15,1,1,1,1,14,1,11,11,1,1,1,1,12,1,13,12,16,8,1,1,1,11,1,10,22,1,11,28,1,1,12,1,12,7,9,1,1,1,28,10,8,5,1,15,1,74,17,1,1,1,1,13,3,1,4,1,12,21,1,1,7,13,1,1,1,14,4,20,12,1,1,1,10,1,6,1,860,14,11,1,1,1,14,15,2,7,1,1,1,6,1,10,1,10,4,21,13,1,1,1,1,1,1,15,14,1,1,10,11,12,12,12,17,1,1,1,8,21,13,16,59,2,8,1,10,13,1,17,59,4,4,1,14,1,12,3,1,1,1,16,12,12,12,1,6,1,2,17,5,1,1,22,1,1,10,10,1,1,1,45,13,1,6,14,12,11,13,9,1,10,1,6,1,1,1,1,1,1,1,3,1,1,17,17,4,5,10,1,1,12,1,1,9,1,1,81,1,1,1,1,1,10,14,13,11,1,1,1,1,1,1,6,22,1,1,21,1,12,12,1,11,1,16,1,18,1,2,11,1,19,1,1,1,1,12,9,39,1,14,1,1,28,1,3,1,12,13,12,9,1,15,11,1,9,1,1,60,15,1,1,1,1,17,1,13,1,1,2,1,1,12,9,6,18,2,13,10,14,13,1,1,14,1,22,1,13,1,1,13,13,1,7,14,15,1,15,11,1,1,10,1,1,1,18,1,1,1,17,11,1,19,1,17,12,1,1,1,1,1,1,13,13,14,18,1,10,6,3,1,1,13,8,2,16,33,1,16,9,9,1,1,1,15,13,1,10,1,1,11,1,13,18,1,1,1,14,1,1,1,18,14,1,1,8,22,1,11,11,14,1,1,1,1,1,15,11,1,1,1,9,1,10,1,1,8,21,12,11,18,1,1,1,8,7,1,1,1,12,1,1,12,21,51,1,1,1,16,1,19,1,1,1,37,15,1,11,21,1,17,1,13,16,11,1,1,12,18,9,1,12,11,6,1,1,6,1,13,1,22,1,17,1,1,12,1,5,14,1,3,1,1,9,12,18,1,1,11,1,7,7,1,1,1,16,23,1,21,1,1,15,8,11,1,12,1,17,59,1,16,1,1,1,1,16,1,1,12,13,11,1,23,14,7,14,1,1,1,1,1,6,12,9,1,1,13,19,31,1,9,12,8,1,26,1,4,17,1,5,19,16,1,14,21,15,1,10,1,1,18,1,9,1,1,1,13,1,1,1,16,1,11,1,1,16,2,1,7,1,9,1,13,16,19,14,8,14,5,1,1,18,1,6,5,1,1,1,1,1,28,15,1,7,1,1,6,5,13,32,1,12,1076,1,1,6,13,37,10,1,1,1,25,1,2,1,1,1,1,1,17,1,1,13,17,17,1,1,1,15,8,1,5,35,17,22,8,1,1,1,1,1,1,1,13,13,1,22,19,10,7,1,10,12,17,1,14,11,1,11,1,1,33,19,17,1,9,1,1,22,14,17,14,2,1,1,16,1,14,1,1,9,3,1,17,4,1,6,1,10,7,5,14,1,1,1,1,1,1,1,2,10,1,12,1,1,10,1,1,12,33,12,1,16,1,19,11,1,1,1,1,1,1,9,13,11,1,13,7,11,1,45,13,1,1,1,4,1,12,1,10,1,1,10,5,1,1,15,6,12,139,10,1,10,1,15,1,50,8,27,13,1,10,18,13,1,8,19,1,16,1,1,12,13,1,1,1,7,1,11,12,1,9,7,14,11,1,10,1,16,1,1,7,1,1,13,1,1,4,2,9,11,1,12,1,36,1,8,12,7,1,1,1,1,11,7,1,11,1,2,1,13,12,1,12,12,113,21,1,10,18,5,1,58,11,1,16,14,14,20,1,10,1,1,5,1,1,1,16,1,7,11,1,1,1,20,1,1,12,12,1,1,4,10,6,1,6,1,10,1,8,5,65,1,1,18,1,1,7,1,1,17,14,12,4,1,23,1,15,1,10,1,1,1,14,8,1,22,1,1,1,11,1,13,1,1,1,1,1,1,17,1,11,12,17,18,1,1,7,1,1,1,13,14,10,1,1,4,1,1,3,16,1,5,2,1,22,1,24,9,3,1,10,14,15,23,16,1,11,1,1,1,1,13,17,8,1,1,15,6,7,1,1,1,7,1,16,6,12,5,1,1,23,18,1,22,10,1,9,1,1,1,1,15,6,1,12,1,1,7,1,1,22,14,10,16,13,1,1,9,1,12,1,20,11,11,1,1,1,10,1,1,1,1,1,1,12,11,1,1,1,1,2,1,14,1,11,18,10,1,1,1,1,1,1,1,84,1,1,16,1,1,13,1,1,1,15,1,1,12,1,1,1,2,1,1,1,21,1,16,1,1,12,9,15,12,10,38,1,8,10,10,6,17,4,1,1,67,14,5,14,23,20,1,1,11,1,1,1,1,15,1,5,1,1,13,1,27,1,1,15,12,12,15,19,1,1,15,10,1,14,1,2,11,18,1,1,525,13,1,1,1,5,12,1,1,1,1,9,1,37,1,1,14,17,12,1,12,7,14,12,21,73,1,1,10,1,18,15,10,16,20,1,10,1,1,13,3,15,18,5,6,13,10,1,1,1,1,1,5,15,1,17,1,1,1,1,1,13,17,1,1,12,18,7,1,13,19,12,5,14,11,35,1,1,1,13,14,15,5,12,16,1,232,1,1,10,1,14,1,9,13,1,9,1,18,12,15,1,1,18,5,10,14,1,1,16,1,14,1,10,1,24,9,1,6,12,1,1,16,1,13,29,1,14,98,1,1,14,1,13,16,1,13,1,26,17,1,1,16,5,1,18,13,1,11,1,15,1,1,16,6,1,13,1,12,14,1,1,1,13,14,11,1,17,1,11,11,1,13,1,19,1,24,15,1,15,1,18,7,16,1,10,1,1,13,1,1,12,3,12,2,1,1,1,12,12,16,9,14,1,1,1,13,12,1,17,6,1,1,1,5,11,4,1,32,24,1,13,21,1,1,1,1,1,1,14,3,11,1,5,11,1,1,1,1,14,13,1,1,5,1,6,14,17,1,1,9,10,1,1,1,2,1,1,1,1,14,7,86,1,12,1,1,8,14,1,8,1,1,1,9,11,16,12,16,1,1,9,19,25,14,10,74,1,2,10,1,17,1,20,15,1,1,15,15,18,12,1,1,1,15,1,1,17,1,1,1,1,17,1,10,13,1,1,1,19,1,9,1,13,16,1,23,14,6,1,14,1,13,1,1,1,1,11,4,7,1,11,13,6,18,7,7,1,27,1,1,16,18,12,4,1,7,1,1,1,11,1,1,10,9,8,1,2,1,16,7,1,1,1,12,1,15,10,1,36,22,1,1,1,19,20,1,1,6,10,1,1,6,16,1,1,8,6,13,1,1,12,1,1,1,1,1,1,1,9,1,14,6,7,1,12,18,1,21,1,11,1,13,14,1,1,13,12,1,1,13,13,1,1,1,22,9,13,1,1,1,1,22,1,10,10,1,14,21,8,20,11,10,1,1,1,14,15,1,1,1,1,1,1,1,5,5,5,1,13,6,1,12,8,18,10,11,4,1,14,1,1,21,1,15,12,95,16,11,3,1,1,12,11,18,7,14,1,12,17,9,1,1,1,1,12,1,13,1,13,10,25,17,13,5,7,1,1,11,2,7,1,10,17,16,15,12,7,14,17,11,1,5,1,9,8,13,1,1,1,6,1,19,16,1,11,7,1,1,1,1,1,11,1,8,11,1,14,8,1,11,9,1,16,1,17,3,9,1,5,13,12,8,27,9,1,1,15,1,1,9,9,9,8,5,3,5,26,1126,23,1,2,1,14,11,12,1,1,1,9,1,1,2,12,1,14,1,10,1,7,1,25,12,7,1,5,15,1,9,1,3,1,1,9,2,14,12,9,1,1,1,1,15,1,17,1,13,13,1,1,5,12,12,13,1,1,1,6,6,1,10,1,6,2,11,1,11,1,1,1,10,1,10,1,17,37,3,38,15,1,1,1,17,5,1,1,14,1,49,1,19,1,1,1,9,1,1,13,1,13,21,1,1,9,1,9,10,2,10,1,1,1,1,20,18,10,1,22,20,1,1,1,1,20,1,1,13,8,14,8,1,10,3,1,14,12,1,1,12,13,13,1,15,1,12,12,1,1,1,17,1,13,1,10,6,1,13,14,14,13,7,19,8,16,1,11,22,17,1,1,1,9,8,7,1,11,11,24,12,12,14,1,1,1,1,1,6,21,1,18,1,1,18,1,1,1,14,3,11,7,19,10,14,1,11,1,1,10,8,13,8,1,10,9,8,1,7,15,5,12,1,1,13,12,1,1,8,1,1,25,1,9,1,1,1,9,1,1,5,1,1,7,1,1,18,1,1,16,1,2,8,1,16,1,11,1,1,1,1,15,1,8,1,1,12,1,1,11,12,20,28,9,18,1,9,2,1,4,1,10,12,7,1,1,1,1,9,14,1,1,16,1,7,8,1,14,10,1,1,1,1,10,1,26,14,9,10,1,8,11,1,1,1,1,13,1,6,14,1,1,7,11,13,1,1,1,1,1,16,1,1,16,1,14,1,1,1,1,1,10,1,1,1,36,1,1,1,1,12,1,1,7,18,1,1,1,12,1,11,1,8,1,2,1,1,1,1,12,14,12,5,11,11,1,23,1,13,15,1,21,13,1,1,1,14,1,8,15,18,7,7,15,14,1,1,11,1,15,19,9,1,1,1,1,1,10,24,1,18,10,15,12,1,1,14,14,18,1,20,1,1,1,4,1,15,1,1,11,1,18,1,14,1,15,16,13,1,4,16,1,15,1,7,12,15,15,9,1,21,1,4,11,16,13,9,1,5,1,1,3,1,1,10,18,1,17,1,12,9,1,1,11,1,1,8,1,12,1,14,1,22,1,1,10,8,17,1,14,12,11,6,1,17,9,10,1,8,20,1,11,1,9,1,1,16,1,11,14,1,12,3,9,1,10,1,1,11,1,14,6,14,1,25,1,1,15,17,16,1,2,1,1,12,1,16,1,1,11,1,1,1,12,11,12,1,1,4,12,1,1,1,1,25,10,20,22,18,1,1,1,1,1,1,10,1,1,1,1,1,5,22,7,1,11,18,7,18,1,1,1,4,10,11,1,4,20,18,16,1,15,1,1,1,1,19,1,10,1,12,14,1,1,1,2,4,11,1,11,16,13,12,2,1,1,7,1,1,11,1,1,22,1,12,1,1263,17,1,1,17,16,1,2,7,1,1,11,1,1,1,1,10,14,8,17,16,11,23,1,1,15,13,1,12,1,1,12,1,1,3,24,1,1,1,7,12,13,1,1,11,15,1,1,1,15,17,15,1,1,14,16,1,1,1,12,15,1,1,1,1,8,13,11,1,1,19,11,12,1,1,1,15,1,1,1,1,1,1,7,1,1,9,14,1,13,10,1,1,1,1,1,1,1,1,1,12,25,1,14,1,1,1,1,1,17,9,14,1,2,12,1,4,16,10,28,5,1,1,1,20,1,1,14,1,6,12,11,1,1,10,12,22,12,1,17,19,1,15,17,9,13,13,10,9,11,1,5,14,14,3,8,12,12,1,1,1,2,1,11,1,1,9,1,3,8,1,1,12,19,13,7,13,2,1,15,1,1,1,19,1,4,19,1,1,17,1,1,8,14,12,1,1,1,1,1,1,1,1,14,1,1,13,1,11,10,9,1,1,30,1,8,2,1,15,12,1,8,1,1,1,17,6,19,1,1,19,1,1,10,8,1,16,7,16,9,16,1,1,1,1,1,15,7,1,1,1,14,1,4,1,12,17,16,28,1,20,5,1,10,16,1,1,657,8,8,7,1,1,24,3,12,13,12,11,1,1,3,13,10,1,7,1,9,6,9,20,13,1,1,1,1,16,15,5,1,1,17,18,10,16,1,11,3,14,244,12,1,1,1,1,1,9,16,1,11,17,17,12,1,1,1,13,1,1,9,6,1,5,6,9,12,1,14,1,1,18,6,1,1,1,10,1,4,1,12,3,1,1,1,36,24,1,1,7,16,1,12,18,1,1,1,20,1,1,16,1,13,1,1,1,12,8,17,1,16,19,10,15,17,14,13,15,20,13,11,18,15,34,4,6,6,1,1,2,1,12,16,13,9,21,11,13,1,1,1,5,17,1,1,1,15,14,15,1,1,19,1,3,1,17,1,11,15,13,1,1,1,2,12,15,1,1,2,1,1,1,14,1,1,1,13,1,12,8,4,2,20,14,10,1,17,13,18,18,1,1,6,10,1,1,6,10,1,1,1,10,13,1,10,53,6,15,6,9,1,1,1,1,1,14,1,9,12,1,1,1,7,20,1,1,12,1,16,11,12,1,7,1,1,1,1,6,6,6,14,63,9,1,6,11,14,2,117,12,1,12,1,20,10,1,3,9,1,10,1,18,1,1,1,1,14,2,27,13,14,15,14,16,21,1,11,9,1,15,1,1,21,1,72,10,1,1,12,1,10,1,1,5,1,15,16,18,1,22,1,2,16,17,16,1,1,9,11,3,11,9,1,1,1,16,1,1,1,12,9,1,15,7,9,7,11,20,2,7,16,1,22,1,14,51,15,2,1,1,9,12,2,1,6,17,9,1,1,1,14,1,1,1,7,15,9,21,1,1,10,1,10,1,11,16,26,9,17,17,13,10,23,14,1,1,10,1,1,7,1,10,1,1,1,1,10,7,1,1,4,13,15,1,20,1,1,45,1,5,6,1,1,90,1,9,1,29,7,1,12,13,1,1,1,1,6,1,1,15,15,13,1,1,13,1,13,10,1,1,1,1,1,8,1,1,1,1,15,1,57,13,14,21,1,27,1,1,19,9,1,16,17,1,2,1,1,1,10,1,1,18,11,1,31,16,7,19,10,12,20,1,7,1,10,1,1,3,1,1,18,13,1,7,16,1,1,12,1,1,1,20,12,1,16,8,11,6,1,14,8,10,10,1,13,11,1,7,1,14,11,14,15,5,14,1,1,1,7,13,1,44,21,7,12,8,8,1,1,9,11,1,1,14,18,3,15,1,12,1,1,1,1,6,1,7,1,16,1,6,14,1,10,4,13,1,11,1,1,1,5,1,4,14,1,1,14,11,1,1,10,1,1,1,18,16,1,1,19,11,1,23,1,10,1,1,13,6,9,1,1,11,17,1,1,21,21,1,1,27,5,1,13,1,18,8,1,1,12,1,5,1,16,1,10,1,6,13,1,1,14,1,12,13,8,28,4,2,17,1,1,1,1,2,1,13,1,12,11,2,1,1,11,1,18,10,11,8,1,1,14,1,1,16,1,1,10,1,7,1,16,1,1,1,1,1,6,1,17,6,15,16,1,1,3,1,6,15,13,14,1,1,1,1,1,16,1,1,1,6,19,1,4,1,15,1,1,11,1,1,1,1,1,1,1,10,13,1,1,14,17,1,1,11,15,13,16,1,1,1,1,6,1,1,1,1,1,11,1,1,23,1,12,1,16,15,1,1,1,12,1,1,8,12,7,15,10,12,1,1,8,1,12,1,1,1,1,2,1,1,16,8,11,13,1,1,48,7,4,1,18,14,20,12,10,8,11,14,15,1,7,14,1,1,1,1,1,10,1,1,1,10,1,1,1,1,25,1,1,1,1,11,8,1,1,4,1,1,1,1,15,20,3,13,1,20,1,1,10,1,12,1,1,53,1,1,2,4,33,1,1,10,1,1,1,1,1,13,1,16,2,11,12,1,10,4,14,18,2,3,3,8,10,9,9,12,1,12,1,1,1,1,1,1,13,10,1,1,15,8,18,1,4,11,14,3,15,10,1,1,1,1,13,14,12,12,1,1,1,1,10,18,18,18,3,1,11,29,1,1,1,12,47,1,6,9,9,1,16,1,1,9,1,11,1,12,19,20,10,8,2,8,5,16,1,1,15,22,1,31,72,1,11,1,12,14,16,1,4,1,12,13,1,1,1,18,13,12,1,13,1,4,1,15,16,9,11,9,1,1,1,1,1,1,1,10,13,15,7,9,8,10,1,1,17,26,8,16,1,9,29,10,1,1,19,1,1,1,8,10,15,16,25,1,1,15,5,7,1,1,3,1,6,12,1,5,10,17,1,1,1,1,1,25,18,1,15,1,1,1,1,6,1,1,1,9,1,1,1,1,14,23,1,3,1,1,8,2,13,1,11,19,17,1,10,1,1,1,14,11,1,14,1,1,10,23,9,18,14,1,1,1,1,12,1,12,1,32,10,10,12,1,10,1,16,1,17,1,7,1,5,2,10,8,21,1,1,1,1,9,1,7,1,2,12,1,1,5,22,13,1,1,17,15,17,1,1,11,1,14,4,6,23,14,1,1,14,10,8,1,16,19,1,11,1,1,1,10,9,19,1,74,1,1,1,1,1,12,1,1,1,21,1,1,1,19,1,15,14,1,15,8,1,1,6,15,1,1,19,1,1,27,1,11,18,1,1,15,13,1,11,1,1,22,1,10,1,1,11,1,1,7,15,1,9,14,5,16,1,1,18,1,1,1,1,11,11,9,2,18,1,5,8,13,7,1,10,1,6,2,1,2,1,2,19,19,1,1,2,14,1,1,12,19,14,15,10,1,9,3,1,9,1,1,1,19,1,12,10,7,24,12,1,1,19,10,7,1,15,11,1,1,1,16,18,16,1,8,1,5,1,18,11,1,16,1,1,7,34,1,1,14,4,1,7,1,10,9,14,9,24,1,1,1,1,17,1,12,1,15,13,1,29,1,12,10,10,1,16,1,12,1,6,19,13,1,1,16,21,13,21,15,1,15,14,1,8,9,5,1,1,1,1,1,15,1,13,13,1,13,9,1,1,1,1,21,1,1,16,1,16,12,2,1,1,14,27,8,1,1,10,1,12,1,1,14,1,13,1,1,5,1,9,1,1,10,1,6,1,1,27,9,17,19,9,10,1,15,1,7,1,1,1,4,1,15,20,15,5,7,1,8,1,12,1,13,3,7,14,1,9,1,1,1,1,1,1,10,1,1,1,18,18,1,1,1,14,8,1,21,13,1,14,1,2,1,1,1,1,9,1,17,27,1,1,1,2,1,1,1,9,9,15,1,1,1,1,1,16,1,1,12,1,10,1,23,2,1,8,1,72,1,1,11,1,1,1,27,12,1,14,15,13,1,28,9,20,36,22,1,15,1,1,17,15,1,6,5,17,12,13,6,7,1,14,1,13,17,1,1,16,1,16,1,15,16,14,1,10,7,28,9,11,9,1,8,6,1,16,12,15,6,12,8,1,13,4,1,1,1,2,12,1,22,1,1,1,1,15,1,9,1,1,1,8,1,7,1,1,1,14,1,12,1,10,93,6,1,13,1,25,6,8,2,1,1,1,1,1,10,1,6,1,8,14,1,1,15,1,1,18,7,15,1,1,1,1,1,1,1,1,10,1,9,1,23,1,8,14,1,1,15,1,10,1,1,1,1,1,20,9,12,14,1,13,1,2,1,21,1,17,1,1,25,15,7,1,1,13,1,1,1,1,2,16,23,22,5,15,12,1,1,16,1,8,14,1,1,1,4,1,1,1,1,25,13,8,1,11,11,1,1,1,1,18,1,1,12,1,21,1,1,1,12,15,1,1,11,1,9,11,1,10,1,1,1,24,19,7,15,1,1,1,15,22,9,18,1,1,1,17,1,1,1,14,13,15,11,1,1,1,13,1,2,17,1,12,1,16,1,8,15,1,18,1,1,1,1,14,1,10,5,18,1,13,14,14,1,1,13,9,18,1,25,12,11,1,1,10,27,1,19,1,3,1,1,3,7,11,19,1,1,1,1,17,14,1,26,1,1,1,1,13,12,4,13,1,1,1,1,1,16,11,1,1,1,14,1,14,18,1,23,7,1,1,1,17,1,1,21,8,11,1,18,1,1,1,1,1,19,1,1,1,9,1,1,18,12,1,2,1,16,1,11,2,12,6,12,16,1,1,1,1,10,1,1,13,1,11,15,7,1,14,1,1,1,1,7,3,1,18,1,10,1,18,1,8,1,1,1,1,1,13,12,19,1,1,11,1,1,6,1,1,10,1,12,10,6,1,14,7,14,1,12,5,11,1,5,8,11,13,1,7,1,1,1,1,14,2,1,11,2,1,1,1,16,1,7,1,1,1,1,18,3,21,1,24,15,8,1,4,1,22,1,9,1,1,1,14,13,1,7,22,12,1,12,8,16,18,13,1,9,1,9,1,18,3,16,1,10,20,1,15,10,1,16,1,15,1,1,11,10,1,11,25,1,31,19,1,1,1,1,11,21,1,1,1,1,1,24,1,26,1,8,1,11,1,1,12,1,1,22,1,1,5,1,1,10,1,17,1,9,18,17,31,14,1,15,15,15,7,1,15,1,1,1,8,10,1,1,1,1,14,1,3,12,31,13,1,1,1,13,1,18,17,7,40,9,10,1,10,1,2,21,1,12,1,5,1,1,15,1,15,15,1,1,12,1,19,1,8,12,14,1,1,14,1,24,11,24,7,16,13,14,1,1,1,1,1,9,9,12,1,1,20,1,1,13,1,10,1,12,1,1,1,16,14,31,1,1,18,19,12,14,1,1,17,2,1,1,1,1,1,20,10,18,1,15,1,8,17,1,1,1,1,1,6,11,12,11,1,16,9,1,1,15,15,18,1,1,14,16,13,16,16,1,1,7,7,1,1,16,1,1,1,1,7,1,19,16,1,13,1,1,14,11,1,1,32,1,1,1,1,1,1,1,14,1,1,15,95,22,9,12,1,5,1,14,12,1,2,9,4,1,11,10,1,11,11,1,14,10,10,1,12,1,14,6,16,1,12,1,32,9,159,1,65,15,22,1,1,10,1,10,9,8,1,1,3,1,6,11,1,1,13,1,1,1,1,16,7,80,1,1,11,1,14,1,1,1,14,1,22,11,1,1,1,1,1,12,21,1,1,8,1,1,18,1,3,13,13,12,17,8,1,15,4,1,12,11,14,23,1,1,6,1,1,1,6,1,14,1,10,1,1,1,1,1,6,17,18,1,12,12,1,13,20,1,1,8,1,12,8,1,1,13,16,13,1,1,9,13,1,16,1,14,16,5,1,9,1,2,1,1,1,7,16,1,19,1,1,12,1,2,1,1,1,1,1,1,14,1,1,1,1,16,10,1,7,102,1,1,10,1,1,1,13,11,1,22,9,1,11,10,1,17,2,1,1,1,12,14,1,2,19,1,1,22,15,1,1,1,1,17,1,1,1,20,10,21,13,1,15,16,1,1,12,1,4,1,1,25,19,10,3,1,15,1,8,1,1,1,92,1,3,10,1,14,1,1,1,1,1,7,1,10,1,1,19,1,9,15,19,1,3,1,1,1,1,1,16,1,20,1,8,8,6,4,1,11,8,9,29,16,7,1,13,7,18,7,13,260,1,9,8,19,13,1,1,11,1,1,10,1,16,12,11,1,1,1,15,18,1,1,1,13,14,28,1,9,1,12,1,15,1,1,2,12,7,1,19,1,22,1,1,10,1,1,1,15,1,10,1,1,1,108,1,1,2,1,1,1,1,1,12,22,12,21,1,2,1,1,10,18,1,20,1,6,1,5,1,1,3,1,5,6,11,1,1,10,23,1,8,1,1,1,1,1,1,1,1,2,1,1,1,2,6,1,16,1,10,11,7,99,8,1,17,13,29,12,6,6,1,13,1,2,73,11,1,1,1,1,11,8,17,1,2,1,1,1,17,18,1,1,9,3,11,1,13,1,1,1,9,1,9,18,1,1,15,17,20,1,1,7,1,9,12,15,1,2,1,12,13,2,12,1,1,1,11,1,19,11,1,8,20,1,12,10,7,7,11,1,15,16,11,7,17,12,2,13,17,8,14,8,1,2,1,18,2,1,1,1,5,1,1,1,11,1,8,11,1,1,1,17,1,7,1,3,1,7,1,1,1,7,1,14,16,14,14,1,12,11,15,10,83,7,33,13,13,7,2,1,15,17,1,1,1,3,4,1,1,1,12,1,1,1,4,1,12,16,1,3,7,17,19,15,14,1,1,1,1,1,3,1,1,8,1,9,13,1,1,10,1,7,13,30,6,9,27,16,11,1,15,9,1,10,7,14,9,5,15,20,1,11,13,2,13,1,8,1,13,22,10,1,1,1,1,24,1,1,16,1,1,11,16,1,1,18,1,10,1,1,13,12,16,11,1,1,11,2,15,1,12,19,1,1,1,1,1,1,22,5,14,1,17,1,1,1,11,18,15,18,1,24,1,1,13,1,1,15,6,12,20,8,7,1,1,13,1,1,8,1,15,7,1,1,1,1,13,14,22,16,1,1,57,12,15,3,7,1,1,1,5,1,1,1,13,1,11,1,1,1,17,1,1,15,1,9,11,1,8,1,1,1,11,1,6,1,4,1,1,14,9,8,2,16,1,9,1,1,101,1,10,121,10,102,4,1,7,134,13,1,9,9,22,1,9,14,12,12,1,13,8,9,12,1,1,1,42,15,1,16,5,2,1,1,1,1,9,11,8,1,28,1,1,8,1,8,1,8,1,13,15,1,1,1,1,11,2,2,1,21,13,11,6,8,14,12,1,13,16,9,26,15,1,1,13,1,1,1,16,1,1,1,1,1,1,1,13,1,22,18,2,13,1,16,1,15,1,1,12,12,15,17,8,15,1,21,1,12,1,1,1,1,5,1,5,28,17,1,12,23,1,10,11,1,5,14,1,14,13,14,1,1,1,7,1,1,1,26,1,1,16,23,1,1,10,1,27,1,1,15,1,16,1,18,15,11,1,20,19,8,12,1,20,20,17,1,1,11,1,14,1,1,8,10,20,1,11,1,13,9,12,1,13,1,9,1,18,1,1,8,14,1,1,1,11,87,15,19,13,13,23,1,1,1,1,1,29,1,1,8,1,1,2,1,1,17,10,8,1,1,18,14,15,12,14,1,10,1,13,6,9,14,1,1,1,1,7,9,19,1,16,5,19,1,6,9,13,1,1,11,17,1,1,1,12,1,1,12,18,10,1,9,1,14,15,10,11,14,9,12,18,15,16,1,1,1,1,1,1,1,11,7,1,17,13,1,1,6,18,19,20,6,14,1,16,11,19,1,11,16,16,1,8,1,1,5,7,1,1,2,1,1,76,15,16,15,1,1,1,13,1,1,13,1,1,1,9,1,1,6,48,542,1,1,13,9,11,1,1,15,19,9,1,1,11,1,1,13,1,11,15,9,1,3,1,1,13,8,8,4,7,13,9,5,1,55,16,112,10,1,10,8,7,1,16,1,1,16,12,1,16,11,1,12,18,16,8,1,1,15,15,8,1,1,1,3,12,1,1,1,1,1,15,1,1,1,6,1,10,17,1,15,15,10,2,10,12,13,1,12,14,1,1,12,1,1,1,19,19,1,1,5,10,23,1,8,8,22,1,15,5,1,1,1,3,1,10,8,10,10,1,1,15,1,6,1,1,1,1,6,12,7,1,6,1,45,35,1,1,2,1,1,12,10,1,1,1,9,9,1,10,7,1,15,14,1,9,1,1,1,17,1,1,16,1,5,17,12,1,1,7,1,1,1,13,11,14,1,10,1,1,1,1,10,8,1,14,1,1,1,1,1,3,1,14,12,1,14,15,1,13,8,1,12,1,1,1,1,1,8,11,1,15,1,1,1,13,7,1,17,15,10,11,6,14,1,10,1,1,13,11,1,1,35,1,20,1,1,7,12,1,20,1,1,1,1,14,2,1,6,14,11,1,1,12,17,12,14,18,6,8,14,1,7,1,1,1,11,1,1,1,16,6,14,9,9,4,15,19,13,1,1,1,8,1,1,2,14,9,1,1,11,1,8,1,1,1,5,1,10,1,3,16,1,1,1,9,11,1,10,11,1,11,8,7,14,1,1,1,1,1,1,12,1,1,10,1,1,16,13,15,1,11,14,6,1,1,5,1,1,51,13,68,1,1,15,1,10,1,7,13,5,1,1,1,1,8,1,17,15,16,17,1,6,15,1,1,1,1,1,17,1,1,10,16,11,7,10,16,54,9,1,13,1,1,1,1,1,8,11,1,1,1,22,14,5,1,14,1,1,1,51,1,8,13,1,13,15,12,11,1,2,1,24,5,1,1,1,9,13,1,1,1,1,1,1,15,12,4,1,6,1,10,9,12,1,8,3,1,1,1,14,10,1,10,1,5,16,4,1,17,1,12,10,1,16,11,23,13,5,1,1,1,1,1,30,1,1,1,2,11,26,6,1,1,3,1,1,10,13,14,11,1,1,1,15,12,1,10,1,1,1,2,1,15,1,8,11,1,13,1,1,1,1,1,1,1,1,1,12,1,14,11,1,14,1,12,1,10,1,1,1,13,1,13,13,1,17,6,27,1,8,1,23,12,13,1,1,15,13,1,10,14,1,4,1,11,1,11,1,18,1,8,1,11,9,4,6,10,12,7,13,20,1,10,13,1,11,1,1,10,1,1,8,1,1,1,10,1,6,1,1,12,1,1,20,1,13,16,1,1,1,14,11,1,1,1,20,1,14,13,1,7,1,10,1,1,8,1,1,12,11,1,16,1,1,1,14,1,1,15,11,1,4,1,12,1,19,17,26,13,7,1,17,1,1,12,2,1,8,1,1,1,1,13,21,1,7,17,1,1,1,20,7,11,14,1,1,1,1,1,14,15,1,1,8,13,1,7,1,14,1,1,1,15,18,1,1,1,1,1,1,12,1,28,10,1,18,1,1,1,1,1,13,1,7,18,1,29,1,1,6,1,4,17,1,10,10,13,1,14,9,8,11,14,1,1,3,9,13,10,12,2,14,1,6,21,20,1,120,1,1,1,1,19,12,9,12,1,2,1,1,3,12,10,1,1,1057,1,1,1,10,1,10,1,18,1,1,1,10,8,1,19,1,5,18,24,1,1,99,8,14,22,14,1,17,1,11,7,1,1,1,1,1,1,1,16,1,17,1,10,1,1,18,8,12,1,1,1,14,1,1,19,1,1,7,1,1,12,9,12,51,7,1,8,1,8,14,6,8,1,1,1,1,1,7,18,12,14,1,8,9,10,1,19,1,11,7,1,1,1,7,17,1,1,15,7,1,14,1,7,11,21,4,1,23,5,1,12,16,1,21,10,1,17,1,1,1,2,18,6,1,1,1,19,9,1,4,17,1,14,10,9,10,1,11,1,1,1,1,1,16,24,1,52,10,16,1,1,26,1,1,10,1,1,1,1,18,13,1,12,1,13,1,1,1,11,5,1,1,13,11,1,1,2,13,7,1,1,1,1,8,1,1,1,8,13,1,1,15,17,1,1,1,1,1,20,1,1,1,7,14,14,18,1,1,1,14,14,1,10,13,1,1,4,1,9,1,16,10,11,1,4,11,73,17,11,17,14,14,17,1,1,7,2,1,1,9,1,1,16,1,18,1,2,1,1,7,1,1,7,1,1,5,13,17,1,11,1,8,1,1,16,12,1,4,1,10,9,1,13,1,7,7,7,18,1,1,1,1,1,1,10,1,12,24,12,1,16,13,3,15,1,1,1,10,14,31,1,1,13,13,16,16,1,10,13,15,1,1,1,1,17,1,11,9,1,10,1,16,12,1,22,1,1,1,1,12,1,2,14,1,1,1,10,12,1,15,1,1,1,1,1,14,1,15,1,19,1,1,1,16,7,18,1,6,77,79,13,11,13,1,1,1,1,1,1,18,1,15,12,12,1,9,1,14,1,1,5,4,1,1,11,9,1,18,6,3,13,10,1,1,10,17,9,1,1,22,11,11,1,1,1,19,1,8,13,1,11,1,1,1,11,1,18,13,1,1,1,15,12,1,15,13,12,1,15,16,8,1,7,1,1,1,1,1,10,1,14,6,13,11,1,10,13,13,13,1,13,12,18,1,1,8,10,13,1,1,1,12,1,13,8,1,9,1,1,2,9,16,17,1,4,11,6,11,25,14,13,1,10,1,9,8,7,6,10,1,1,1,10,1,11,1,1,1,1,11,2,1,1,1,5,1,1,1,7,85,1,9,1,1,9,1,12,3,17,8,1,1,9,7,1,1,7,1,11,1,12,13,2,1,3,1,4,32,1,14,23,1,1,19,21,53,1,2,1,8,1,3,1,1,8,1,11,1,1,5,18,1,1,1,8,7,1,8,1,1,14,1,27,7,1,13,1,1,1,1,1,10,3,1,17,12,19,4,14,14,1,1,9,8,1,1,20,29,12,1,3,1,1,1,3,13,9,14,1,1,1,26,14,13,1,1,7,11,1,1,2,1,1,1,15,1,6,7,27,1,15,1,1,1,16,16,10,1,8,3,1,20,10,2,1,1,1,6,11,1,6,1,12,1,6,12,1,15,1,1,1,12,1,19,1,1,1,1,1,1,1,10,12,1,16,14,12,10,1,13,12,13,10,1,1,1,1,1,1,1,1,1,1,10,1,1,18,1,1,18,12,1,13,1,1,1,1,1,11,6,24,11,1,12,12,35,1,6,1,11,12,8,15,1,1,5,9,1,1,22,1,1,1,1,1,1,1,16,3,1,13,1,1,11,2,1,18,1,1,1,11,1,1,13,1,19,21,9,1,1,18,12,13,9,1,10,1,2,1,11,1,13,1,1,1,1,1,1,9,1,1,1,1,12,14,12,1,26,1,1,1,16,1,14,1,5,1,19,1,1,12,1,1,12,7,13,3,1,2,8,1,8,1,5,1,6,13,1,12,15,1,1,1,1,19,1,1,1,15,4,1,1,15,1,3,1,13,1,13,1,25,12,15,1,14,8,11,1,2,1,9,1,1,12,1,11,1,1,6,1,1,1,1,14,14,1,1,4,12,7,7,1,1,10,64,1,9,8,1,9,22,10,13,12,1,1,2,1,19,6,1,16,1,2,16,12,1,115,18,11,14,1,22,12,1,14,12,8,15,10,1,24,16,1,1,1,1,13,4,12,13,8,1,8,1,15,2,1,82,1,1,18,19,15,14,1,1,1,1,1,16,8,15,12,1,21,5,1,17,10,1,1,1,1,1,21,38,22,1,12,1,19,13,1,11,1,1,19,1,1,13,17,1,1,12,2,1,33,8,1,12,1,1,1,9,13,1,21,1,1,15,12,1,1,16,1,1,6,26,1,10,14,1,1,1,12,1,1,1,1,8,14,1,1,12,16,1,1,8,1,1,20,1,1,1,16,1,13,5,1,14,1,1,1,1,1,1,12,13,1,1,13,11,1,1,21,1,1,17,12,1,1,1,1,9,12,11,1,1,14,17,12,7,12,1,2,1,14,1,1,7,4,19,6,15,1,1,1,1,7,7,1,8,11,3,1,54,89,188,13,1,14,1,1,1,1,1,1,1,21,1,1,1,1,10,1,1,1,4,22,6,14,1,12,8,10,11,1,17,1,1,1,14,13,1,16,17,18,12,9,8,1,6,11,8,1,9,8,1,5,7,18,1,1,6,19,1,1,1,1,1,26,1,1,15,1,10,1,1,1,12,1,18,2,1,8,1,14,1,5,1,13,12,1,10,1,12,20,15,20,12,10,1,13,14,1,1,1,1,13,2,1,15,26,12,1,1,14,1,156,4,8,7,1,1,1,12,1,1,1,1,1,1,1,1,13,13,7,21,1,15,10,11,8,1,1,12,1,1,9,11,1,8,1,19,3,6,14,6,2,9,8,1,10,1,9,12,2,1,10,1,10,2,1,1,1,1,12,14,1,1,5,1,7,10,1,1,15,15,1,11,17,1,1,1,1,1,1,1,8,1,1,1,2,1,1,16,8,1,12,14,1,1,12,1,1,9,1,1,1,1,7,14,1,10,1,11,1,12,1,15,1,26,1,11,1,1,1,14,16,20,1,83,1,1,1,20,31,1,6,12,10,1,14,285,1,11,15,23,1,1,1,1,1,13,7,10,1,1,1,11,1,11,4,9,1,1,1,1,1,1,9,16,1,51,20,30,11,19,1,6,8,13,17,7,1,19,1,11,1,9,1,14,1,16,1,1,1,1,1,1,1,2,1,1,13,1,18,1,1,13,1,19,7,16,1,1,19,7,1,1,4583,1,1,7,1,1,7,12,10,1,29,1,10,1,17,1,1,1,27,1,1,10,2,1,1,1,16,1,13,11,1,1,18,31,16,1,9,2,1,1,18,1,13,1,4,16,19,25,2,1,1,1,11,9,2,1,1,1,9,10,14,1,14,1,13,8,18,15,13,1,10,19,15,12,1,1,1,2,1,1,1,1,1,9,1,1,1,33,17,1,21,4,1,1,1,1,12,15,1,1,9,1,1,1,12,1,1,11,1,1,1,1,1,16,13,2,14,10,1,13,19,1,11,4,1,1,1,1,8,1,9,1,21,8,1,13,15,1,14,14,9,13,1,5,1,11,1,14,44,11,11,1,17,5,18,1,1,30,157,1,7,1,1,19,5,1,1,1,1,14,1,1,7,1,105,18,1,7,14,20,8,1,1,1,1,10,1,1,16,1,1,13,11,8,18,18,14,50,13,1,3,1,1,1,7,17,4,1,1,9,1,12,1,13,1,1,14,1,15,1,10,1,1,13,15,1,79,6,20,1,3,2,21,11,22,12,18,12,2,1,1,8,8,18,18,13,1,16,14,1,14,18,2,1,1,13,1,11,10,1,1,1,18,1,1,1,1,7,9,1,1,24,2,1,1,8,1,1,1,1,1,14,1,8,1,10,12,1,16,1,1,1,13,1,13,1,1,1,1,1,10,13,21,1,17,1,1,1,6,1,11,8,1,7,12,1,13,8,156,1,1,10,1,4,1,1,1,1,16,14,4,19,15,13,20,1,5,1,13,15,1,13,1,20,16,1,1,1,1,8,13,1,13,2,34,16,18,15,1,1,11,1,11,1,6,1,1,1,11,15,1,1,12,1,1,1,1,6,10,12,9,1,1,1,9,1,1,23,10,1,17,22,2,9,1,22,1,9,12,1,1,13,14,1,10,3,11,1,12,1,15,1,18,15,8,2,1,1,17,1,1,1,13,1,1,27,1,1,2,9,1,1,15,1,2,1,17,1,1,1,1,1,5,1,1,1,1,1,1,1,1,11,15,1,1,1,13,7,1,1,9,13,9,1,21,1,1,17,17,1,9,1,17,20,7,1,11,1,10,1,1,15,1,1,1,10,12,13,3,1,1,1,3,8,1,1,12,8,1,21,7,6,17,14,2,1,13,4,11,1,1,1,1,8,9,10,7,15,1,16,11,4,1,8,1,18,14,7,12,9,4,1,1,11,16,9,1,1,45,1,9,1,14,1,15,1,1,1,1,89,1,1,12,10,21,5,1,1,14,9,15,11,1,11,1,13,8,102,16,1,1,1,12,4,1,11,12,1,17,7,1,11,11,14,1,14,1,6,1,1,1,1,2,15,1,1,9,1,12,1,1,1,1,10,11,18,1,1,1,1,8,15,1,8,4,9,13,1,10,1,1,9,32,1,1,1,1,1,19,18,1,1,8,17,17,1,22,1,1,1,15,1,14,1,15,8,1,1,1,14,1,10,8,13,16,1,1,10,10,13,14,6,1,9,13,11,1,9,1,1,2,1,11,9,17,8,12,15,1,4,14,15,10,1,1,1,1,1,1,76,14,1,1,10,1,5,1,1,9,1,14,1,1,26,1,15,1,10,1,1,1,17,17,10,18,20,1,12,13,11,1,1,8,8,11,1,1,10,2,1,13,1,14,1,25,11,1,1,1,3,20,13,1,1,12,1,1,10,8,1,16,13,1,1,1,1,12,10,1,1,1,1,1,1,8,5,1,27,1,1,1,13,1,15,1,1,1,15,18311,12,1,16,1,1,13,10,1,15,1,116,11,1,3,1,7,19,1,6,17,10,13,21,19,1,1,9,28,5,21,14,18,1,10,1,17,9,1,21,1,1,1,1,1,15,1,7,20,1,6,87,6,1,1,1,6,12,16,14,1,1,1,1,6,8,10,1,20,1,1,10,1,1,1,5,1,1,11,1,1,1,8,2,1,1,1,1,1,1,1,1,1,1,8,1,1,1,1,1,3,10,1,1,1,1,26,1,6,13,1,1,1,11,9,8,13,25,1,1,11,105,1,1,11,15,18,1,14,1,1,1,14,7,1,1,1,1,1,1,18,1,1,9,1,10,8,6,10,27,6,1,6,8,10,1,1,7,11,15,1,5,1,1,1,1,1,1,1,1,1,1,11,10,1,1,1,12,2,16,11,1,6,5,6,2,2,9,12,1,70,1,1,1,1,1,3,7,1,1,1,14,1,1,16,1,12,19,1,1,17,2,12,13,1,9,1,12,9,1,1,24,14,7,8,10,2,1,1,1,1,1,1,1,1,10,9,12,98,1,1,11,1,9,1,7,1,1,13,1,18,1,1,6,34,10,1,74,25,16,16,1,9,1,1,14,18,1,13,1,1,1,26,1,13,15,48,11,1,16,6,14,1,3,20,1,1,1,1,1,1,1,13,1,4,1,1,6,1,1,18,15,8,1,19,15,18,10,1,1,1,15,8,1,10,4,1,11,2,1,10,2,1,15,1,1,11,1,24,14,14,13,1,22,6,19,1,11,15,1,10,10,9,11,18,10,1,1,1,22,6,33,11,15,1,1,1,23,6,8,20,6,50,10,8,19,1,9,16,9,15,3,7,15,1,1,69,1,1,1,3,1,17,17,1,12,1,18,1,14,1,10,23,3,8,1,16,1,1,1,11,8,17,1,1,12,1,1,10,14,28,1,2,8,12,5,1,1,20,19,1,1,1,1,14,1,1,6,9,9,9,15,1,1,1,75,14,1,1,1,1,23,1,13,1,1,6,15,109,1,1,1,14,12,1,1,16,1,18,1,1,1,15,1,18,11,1,23,11,12,10,7,1,1,11,1,8,13,7,17,15,2,8,10,1,1,1,1,1,1,1,17,1,12,14,1,1,1,14,5,1,15,1,1,1,22,1,18,19,7,79,1,22,15,1,24,9,11,12,1,2,1,10,1,10,1,1,1,1,11,9,1,15,1,1,1,10,11,1,11,1,1,8,1,17,5,1,12,1,10,10,9,1,13,11,18,8,1,12,1,1,1,12,14,1,94,1,1,1,1,19,11,9,1,13,1,8,18,13,31,12,12,10,6,15,1,1,1,1,8,20,31,10,1,9,7,1,12,32,6,8,1,1,14,1,1,5,1,12,12,1,1,1,13,12,1,1,1,13,10,18,16,12,11,1,10,1,1,2,1,8,1,1,1,1,13,12,14,1,1,25,1,1,9,1,1,14,17,13,1,1,4,7,1,12,9,9,1,15,5,1,20,20,9,11,20,4,1,1,35,15,1,17,9,14,1,6,11,11,9,1,19,8,1,13,1,1,1,1,8,1,1,1,4,1,1,11,11,14,12,1,13,1,1,1,1,7,1,9,1,1,1,12,15,11,1,16,11,13,11,1,1,13,12,1,1,10,27,1,20,16,11,1,1,8,10,15,9,18,15,2,1,8,11,1,20,1,16,1,11,1,1,1,8,1,13,12,11,1,16,14,1,1,1,13,1,1,10,14,9,5,18,1,1,15,13,1,1,1,11,1,1,8,16,1,14,20,21,2,2,1,13,1,1,14,13,1,1,1,8,2,16,13,1,1,1,17,1,9,16,1,1,1,1,1,1,29,13,16,16,1,10,23,10,9,33,9,1,1,1,1,16,1,1,24,1,1,23,1,9,1,1,11,1,1,1,1,15,1,1,1,9,1,8,1,1,1,1,1,10,16,1,9,11,9,12,8,21,1,15,1,1,1,13,18,2,13,1,1,11,16,8,88,8,1,1,8,8,17,1,1,1,6,4,23,12,8,1,1,1,15,9,1,1,13,2,20,1,13,27,10,20,1,1,8,14,1,16,12,1,1,1,1,1,1,1,1,1,9,12,1,5,12,20,1,1,22,1,1,1,1,6,16,15,14,12,16,11,15,1,16,1,6,1,1,1,1,22,2,12,14,15,1,9,22,1,6,1,1,15,13,1,1,1,9,1,11,21,15,13,18,1,19,12,23,13,11,11,1,1,10,1,9,1,22,1,1,1,12,1,16,1,14,23,1,1,1,1,1,3,8,1,62,5,18,1,1,13,15,11,1,1,1,1,10,1,6,1,1,16,1,11,1,3,1,1,8,1,1,1,1,1,1,1,1,1,7,1,1,12,8,1,17,1,18,2,17,1,16,1,1,18,6,1,1,16,16,15,1,11,1,12,17,1,14,11,24,1,1,1,1,19,23,1,18,1,11,4,1,1,1,1,1,1,21,13,1,12,21,1,1,1,1,2,1,15,97,3,17,1,7,26,11,8,9,1,34,10,1,1,11,1,2,15,10,1,1,6,17,14,8,1,22,1,1,1,9,9,1,9,54,13,11,2,8,11,1,25,1,1,1,11,1,7,1,1,1,1676,30,1,8,167,1,1,5,1,2,10,10,23,1,4,11,1,16,1,17,11,13,22,1,2,9,13,1,1,7,1,9,16,17,10,12,1,1316,13,1,12,3,80,1,1,35,791,1,1,1,10,17,37,1,1,13,23,8,8,1,27,1,1,15,1,1,1,7,12,14,1,1,6,9,7,1,1,5,1,23,9,14,1,1,1,1,1,17,15,1,31,1,1,10,21,10,1,15,10,9,5,8,16,1,1,2,1,1,10,1,1,12,1,1,1,5,1,1,6,14,13,16,1,1,1,1,10,1,12,9,1,11,1,3552,16,1,10,3,12,16,10,6,21,1,1,1,1,16,1,1,14,9,1,17,22,1,8,18,1,12,18,19,6,1,1,1,1,1,1,1,10,67,1,1,12,4,1,1,3,16,1,1,11,10,1,16,1,9,12,16,10,1,17,1,16,11,1,17,12,11,8,14,1,14,9,1,77,11,1,1,1,1,1,1,1,5,1,12,14,14,1,1,4,14,16,18,4,10,13,1,1,20,7,1,1,1,97,37,1,15,14,1,19,8,1,11,18,11,16,1,1,9,15,1,1,1,8,1,1,12,1,4,11,20,13,1,1,1,1,1,1,12,1,1,10,11,12,1,1,5,14,11,18,11,1,7,16,2,1,1,1,1,4,12,8,15,9,12,1,32,13,1,1,12,16,19,23,1,12,1,18,1,1,11,12,27,6,11,1,14,11,13,5,9,8,1,12,6,10,11,12,1,34,1,1,1,26,13,19,10,1,9,13,13,12,11,7,7,21,24,5,13,14,1,9,5,13,1,11,6,72,1,22,26,16,19,8,111,1,11,11,1,17,1,1,1,11,3,9,1,5,1,1,3,18,7,16,10,1,13,1,17,5,8,19,6,6,12,1,7,6,1,1,4,12,25,1,13,1,13,1,12,1,21,15,1,1,2,10,10,15,1,10,1,1,1,1,20,6,1,1,1,3,2,1,18,11,7,1,1,19,1,17,1,1,1,12,16,1,1,1,16,7,4,1,12,1,10,9,15,19,108,19,6,1,4,1,1,16,22,14,11,1,1,1,5,13,12,13,14,14,1,7,14,66,8,20,1,1,1,16,1,1,1,1,1,1,15,22,6,10,1,11,1,1,1,1,1,15,5,15,1,13,1,19,19,1,1,1,1,1,12,18,10,9,1,1,1,1,12,21,1,11,1,13,12,5,1,1,1,16,1,1,1,1,15,12,13,1,19,15,22,1,1,17,1,1,1,13,14,16,1,14,1,16,1,1,1,11,8,1,7,12,7,21,1,15,1,1,1,9,1,1,9,21,11,126,18,1,12,1,5,1,22,10,1,17,1,1,1,5,12,10,2,1,3,1,1,21,15,9,1,1,1,1,10,1,3,1,19,1,2,9,5,6,10,1,21,1,1,1,1,16,13,14,1,1,1,16,1,13,1,11,1,20,10,1,1,1,1,1,1,1,1,8,1,1,12,2,6,1,1,14,13,1,12,10,1,4,8,18,2,1,18,1,1,1,9,1,14,14,22,1,13,1,4,1,2,1,1,14,9,9,21,1,9,1,16,10,1,8,13,8,13,9,1,6,1,12,36,1,9,14,1,7,1,15,1,18,1,1,1,17,11,14,13,1,8,14,1,9,8,1,25,13,10,11,17,12,13,2,12,1,10,1,10,11,1,11,1,1,3,1,1,1,12,14,1,1,1,9,1,13,1,1,13,6,10,7,1,4,1,11,12,2,8,7,19,5,11,10,12,12,1,1,1,10,6,15,1,1,1,7,1,1,9,5,1,1,1,8,12,18,1,1,7,4,1,1,19,18,14,1,3,1,1,1,6,10,1,1,1,13,1,18,1,7,1,9,13,1,1,1,13,1,14,12,1,1,14,21,1,1,1,9,11,1,1,8,13,9,14,1,1,11,1,11,19,1,1,1,1,1,11,1,10,1,16,10,9,1,101,5,1,15,1,12,11,11,15,14,5,15,9,16,1,1,10,1,1,9,1,14,1,18,15,1,1,1,11,2,1,18,1,1,1,13,14,13,1,5,1,1,8,14,213,3,18,23,1,19,24,1,8,16,12,28,1,10,18,12,1,1,1,1,11,1,14,17,1,17,1,18,1,11,14,1,27,18,1,17,1,15,1,1,1,11,1,2,9,1,1,1,14,15,10,1,1,12,1,1,1,1,1,1,24,13,14,35,1,20,1,22,13,1,1,13,1,1,13,15,1,15,1,1,1,1,1,12,1,1,1,1,7,13,18,10,12,1,45,1,11,12,1,8,1,9,1,15,15,1,15,1,1,24,1,15,8,1,1,1,1,1,1,12,21,26,1,1,29,20,1,1,1,12,1,10,1,1,1,1,1,1,1,1,1,1,13,1,19,9,1,6,22,10,19,1,20,1,1,1,13,1,1,24,13,16,1,11,8,1,1,16,10,1,14,20,1,1,11,1,13,10,19,11,22,1,1,1,1,5,15,14,12,1,8,1,1,1,14,18,4,1,10,1,1,16,1,1,15,12,1,11,1,19,19,1,9,19,1,1,15,1,1,1,1,1,9,1,1,1,1,1,1,15,15,15,6,12,1,1,8,25,2,1,1,42,20,12,1,14,1,1,1,1,12,1,13,12,21,17,1,17,20,10,1,1,14,2,11,1,188,1,1,1,1,14,15,1,1,1,10,11,13,19,6,13,14,1,19,1,17,15,1,9,3,1,15,8,26,1,22,1,30,12,45,58,1,8,1,1,11,7,10,9,11,13,1,4,1,12,1,6,1,1,1,1,11,16,1,9,1,18,13,24,1,1,9,15,1,2,1,2,1,1,1,14,3,8,1,2,13,9,12,9,1,1,1,1,12,19,1,17,1,12,10,2,1,10,1,1,8,1,1,15,9,14,13,17,15,22,2,8,1,11,7,14,14,8,21,1,21,12,1,19,1,9,1,10,1,12,13,18,16,1,11,19,16,1,12,1,15,15,12,1,13,1,15,1,22,20,1,16,13,1,1,1,1,1,1,1,12,12,9,1,30,1,12,1,1,1,3,1,8,10,1,14,1,13,1,3,34,1,9,1,7,1,14,1,13,11,8,13,1,13,15,1,1,1,1,1,1,1,17,23,13,1,1,12,14,8,4,11,13,1,1,1,10,1,19,14,11,18,4,1,7,11,8,1,15,1,1,1,9,1,11,11,1,1,1,1,11,9,1,15,7,14,14,1,6,21,1,1,21,11,4,19,1,14,18,14,27,8,1,1,9,1,16,1,1,1,1,1,1,10,9,13,11,1,1,8,12,1,1,1,52,1,2,1,1,10,10,1,1,9,1,1,1,11,1,1,1,1,12,6,1,9,1,1,14,8,2483,1,1,1,1,12,1,14,10,12,18,17,1,25,11,1,1,7,13,11,1,1,1,9,1,1,10,11,1,4,12,24,1,14,11,1,1,15,16,1,1,2,11,1,1,12,6,1,15,1,1,1,10,1,10,1,14,23,15,1,1,1,1,12,9,2,16,1,1,4,1,1,1,11,12,14,15,1,1,7,7,4,1,10,57,14,1,1,18,1,1,1,25,22,1,14,16,1,10,14,12,11,1,1,2,7,14,10,1,57,1,1,20,15,27,11,1,1,1,13,17,1,13,11,1,1,1,8,1,16,1,1,12,6,11,1,3,1,11,1,11,13,8,5,10,27,20,1,1,1,12,1,12,1,5,1,14,17,2,1,7,1,1,16,12,19,20,1,1,10,1,1,1,9,1,12,23,1,1,1,5,9,17,1,1,9,10,1,14,6,8,11,1,8,1,11,1,17,1,1,1,11,1,10,10,19,1,79,17,1,13,1,16,10,10,19,1,1,8,1,2,7,18,17,1,1,1,6,1,16,1,15,16,1,11,25,9,10,16,8,1,1,1,1,1,10,18,174,17,12,15,12,21,1,12,1,14,4,171,1,13,1,1,17,1,12,9,1,1,1,1,11,12,1,1,1,18,14,15,2,15,14,85,1,1,1,12,1,1,16,23,1,7,1,16,13,8,4,10,1,1,10,15,55,9,1,17,1,1,5,1,1,10,6,1,68,1,1,14,18,1,1,1,15,4,1,1,16,12,18,17,14,14,1,1,20,1,1,15,10,15,1,16,1,1,1,8,16,17,1,1,37,24,14,1,1,9,1,7,5,1,12,1,20,1,1,9,11,13,18,1,14,12,1,17,1,2,1,1,1,9,10,5,1,7,1,1,6,2,21,17,5,15,1,15,1,1,10,1,4,12,9,1,9,1,11,1,1,13,10,18,12,95,1,9,20,10,4,1,1,1,18,19,1,9,4,1,1,1,1,1,1,1,1,1,9,5,12,11,17,13,1,2,8,1,11,1,1,1,12,19,1,1,19,12,1,1,1,10,12,4,21,1,1,21,1,1,20,12,1,1,1,1,8,2,8,1,1,19,1,1,11,7,4,1,1,9,1,39,93,13,8,1,16,1,14,13,1,3,13,13,10,14,1,10,1,1,11,1,1,13,12,14,18,12,1,8,10,67,11,16,1,1,14,1,21,7,1,14,1,9,15,45,1,19,13,6,1,1,1,15,1,6,1,1,1,1,1,201,1,10,11,18,1,13,12,1,1,13,16,1,1,1,10,9,2,95,13,11,11,1,18,17,1,1,22,1,1,1,1,19,5,1,17,1,17,7,1,10,17,19,1,1,8,1,11,1,1,1,1,1,1,13,8,13,18,17,1,18,1,9,1,10,17,1,1,10,15,5,20,1,1,1,1,1,11,1,15,1,16,1,11,10,1,7,6,13,10,1,1,16,1,9,8,17,7,12,15,13,12,18,6,14,1,15,1,21,17,1,11,1,1,1,11,1,12,15,1,7,1,13,8,1,2,16,1,17,1,20,1,1,1,15,1,1,1,1,1,1,1,6,1,9,1,19,1,14,7,1,8,1,10,1,1,1,1,19,6,1,1,6,1,1,1,12,24,1,1,1,1,1,1,1,1,12,5,10,1,1,15,2,1,19,1,2,19,10,20,19,3,17,22,1,12,1,1,17,14,7,18,1,1,9,9,1,18,1,8,1,1,1,16,1,4,1,1,1,1,17,21,1,1,1,1,1,27,10,10,1,1,1,1,1,1,13,15,1,1,1,16,1,1,1,1,12,13,29,16,9,1,1,1,15,1,6,1,11,1,1,17,12,2,1,1,1,11,7,15,6,1,1,1,18,4,1,10,1,13,17,9,1,16,1,26,13,1,1,12,7,21,9,1,1,1,11,1,14,10,10,6,1,17,1,9,15,12,1,17,1,1,1,15,1,32,8,13,2,15,16,1,10,1,21,18,12,7,2,2,1,16,1,18,14,10,14,16,11,1,1,13,1,2,20,9,1,1,16,14,12,1,1,9,1,11,1,1,13,1,2,9,1,7,2,1,1,1,1,16,5,1,1,1,1,2,5,11,13,11,1,15,1,77,1,1,19,1,11,12,1,15,1,1,1,1,13,1,13,3,8,2,1,16,1,8,15,1,1,1,1,13,4,1,1,11,21,1,1,1,1,11,1,1,16,1,8,1,19,15,10,10,8,1,8,6,13,11,1,1,9,12,1,11,1,5,15,1,1,8,15,18,8,19,16,1,1,17,17,1,15,12,1,10,9,21,23,1,1,1,1,1,1,1,1,10,25,1,8,1,13,1,12,6,1,1,25,7,15,12,1,15,13,1,11,1,1,1,3,1,10,13,1,8,15,11,14,1,16,1,1,1,18,1,17,1,1,19,3,1,1,12,1,1,1,7,1,10,11,26,1,11,1,15,16,1,6,17,13,1,7,15,1,15,12,1,1,1,5,11,14,6,1,1,23,20,27,10,9,12,20,15,1,2,8,7,1,3,13,4,1,1,1,15,1,11,15,17,9,9,1,1,1,21,1,1,1,7,11,1,1,1,14,10,1,1,1,17,1,11,1,18,14,1,1,1,1,14,1,1,12,1,13,14,12,1,1,15,12,1,1,1,1,1,13,17,20,8,11,1,6,1,1,13,1,9,12,7,1,13,1,1,17,19,13,7,83,1,1,1,1,14,1,1,10,1,93,22,7,12,10,1,1,10,1,21,8,16,1,9,1,1,1,1,1,89,1,1,7,2,1,1,15,14,15,1,1,1,9,1,12,9,1,1,10,1,1,1,9,10,1,22,6,14,1,15,20,1,1,1,1,1,16,1,22,1,1,22,1,129,1,13,13,12,18,1,10,1,1,1,1,8,1,1,1,16,1,27,7,1,1,19,1,1,3,31,11,1,1,1,10,1,10,1,1,13,1,1,1,13,1,1,1,1,17,16,8,1,1,12,12,21,1,9,2,18,9,2,39,1,8,8,16,1,21,16,8,9,1,16,6,1,13,6,1,11,1,1,12,3,1,1,6,15,1,14,12,8,17,1,7,5,12,20,1,17,1,11,3,13,1,7,1,1,1,8,15,1,1,1,1,6,1,13,1,1,14,14,20,1,3,34,1,1,13,9,1,1,1,6,1,9,1,10,1,12,9,17,1,15,1,16,10,15,11,1,1,3,16,17,18,1,1,15,12,15,1,1,9,1,19,13,9,1,1,1,8,16,9,11,12,1,1,27,14,14,6,4,13,1,10,1,1,18,18,1,15,11,1,9,1,8,11,1,13,11,1,1,1,9,11,6,1,13,12,1,1,17,19,11,1,9,1,11,13,1,2,1,1,1,20,10,1,16,1,1,6,1,4,6,9,9,1,17,1,1,1,1,1,1,17,13,10,1,9,1,8,1,8,1,15,1,1,13,15,1,1,15,1,7,20,1,13,11,1,14,1,1,32,1,1,1,14,16,13,1,1,6,1,45,15,1,1,1,1,1,22,1,1,1,19,1,11,1,11,12,1,1,17,11,4,10,11,19,1,5,13,1,10,1,1,1,1,1,1,14,1,1,13,1,2,4,7,11,10,9,15,1,8,1,2,1,1,9,9,10,1,1,7,6,1,1,1,8,3,1,1,18,1,16,17,1,1,13,26,19,1,12,1,1,1,4,9,12,24,1,8,14,1,14,9,8,10,14,4,1,1,7,1,9,14,1,1,1,11,1,12,80,1,16,14,20,2,1,1,16,1,1,15,24,1,1,12,13,12,1,1,1,16,2,1,10,1,1,8,1,1,26,11,1,4,1,1,9,7,8,14,1,1,18,11,6,13,1,1,1,1,5,16,14,1,7,9,1,3,12,1,5,1,11,1,1,20,1,1,12,12,19,18,11,11,10,9,7,1,14,1,1,1,4,1,1,1,1,17,16,12,8,15,1,1,10,17,11,1,10,14,11,1,1,1,1,20,1,1,2,12,1,2,1,16,1,76,12,1,1,1,1,1,1,12,1,1,16,1,17,9,1,14,1,47,1,3,1,1,14,13,1,1,11,1,1,10,32,2,11,1,1,1,16,1,28,31,1,7,1,1,18,1,13,18,1,11,1,1,2,11,11,1,15,1,1,16,19,1,2,9,1,1,1,1,1,21,1,14,11,1,15,1,1,1,1,16,20,9,1,10,1,1,1,11,1,1,14,5,12,13,1,1,1,9,1,1,8,1,1,12,1,9,1,7,10,1,1,1,1,15,8,1,13,15,1,14,5,8,15,1,1,14,10,1,13,11,12,13,1,1,1,1,1,1,4,1,2,2,9,1,14,1,12,2,10,19,1,9,1,1,8,1,1,1,17,4,1,1,12,1,1,1,17,13,14,2,17,1,16,1,16,4,1,1,1,12,1,4,11,1,13,60,1,1,19,12,1,1,11,1,1,14,1,1,1,1,1,1,1,7,1,1,1,1,1,13,17,15,1,1,1,1,1,11,1,9,1,10,1,5,6,6,1,13,1,9,1,11,1,1,1,1,14,1,12,1,1,9,1,1,1,14,1,8,11,1,1,1,10,4,1,10,8,7,10,1,7,9,9,20,1,1,5,8,1,1,1,13,7,8,1,5,1,10,16,1,11,16,12,2,1,1,14,9,8,1,16,1,1,9,16,1,1,1,32,16,15,8,1,1,1,11,9,1,1,1,1,1,1,19,1,11,46,9,1,1,7,1,1,1,8,1,1,1,5,1,8,9,10,7,1,4,1,1,9,1,1,11,9,1,12,1,1,1,14,12,15,6,1,38,1,1,16,19,12,1,1,1,9,1,1,1,6,1,1,22,10,15,1,1,1,1,12,10,13,1,1,9,1,1,23,13,6,13,18,5,1,10,15,1,1,1,13,18,10,11,9,11,1,9,1,5,1,1,1,30,1,1,1,1,1,1,13,24,1,13,1,1,21,7,1,1,14,1,1,2,1,46,1,15,1,1,1,8,1,10,14,1,18,15,24,1,15,9,1,11,1,20,17,1,1,1,1,1,17,9,12,6,2,1,11,11,1,12,1,21,4,1,1,12,1,2,1,14,17,11,1,1,14,1,1,13,10,1,1,9,12,30,1,17,1,1,1,13,1,13,1,8,1,1,1,1,1,9,1,1,1,1,13,25,1,1,1,19,10,11,1,1,10,1,13,24,5,1,16,1,1,8,1,1,11,48,2,10,1,1,19,1,1,1,10,2,1,10,1,1,22,1,13,1,22,1,1,1,10,1,13,1,9,1,1,16,1,12,7,6,1,1,15,1,1,6,12,1,1,9,1,15,1,1,1,1,1,1,9,4,13,10,11,13,18,13,9,15,1,1,9,8,16,9,1,24,1,1,1,1,124,13,1,12,1,1,19,1,10,1,1,1,1,1,8,16,1,13,17,1,17,1,12,10,13,9,6,1,1,12,1,1,1,1,1,2,12,16,10,1,9,11,9,10,22,1,14,1,10,19,14,14,12,1,1,1,1,1,11,19,23,1,1,18,7,11,1,1,16,2,14,1,11,11,17,1,24,17,14,1,18,1,13,14,10,1,11,1,1,1,1,7,8,10,1,1,21,1,11,1,1,11,1,1,17,1,1,1,5,1,12,7,12,16,1,12,4,7,1,2,6,1,1,14,11,10,1,1,1,16,8,1,12,11,20,1,8,1,1,9,2,7,1,1,2,8,11,1,5,15,1,11,12,12,9,1,13,12,1,1,6,1,10,7,12,1,1,1,11,5,1,1,14,1,1,1,116,1,11,4,8,5,12,12,2,1,10,1,14,1,1,13,1,1,14,10,1,8,1,1,12,13,12,7,12,1,1,2,1,14,1,5,1,1,8,11,15,1,10,1,12,1,1,1,12,17,15,14,11,14,18,1,6,1,14,17,16,19,1,1,15,14,12,1,13,12,11,1,12,12,12,7,14,7,1,1,1,25,9,13,3,14,1,1,1,6,18,1,1,5,1,21,8,5,16,12,9,1,1,6,1,1,8,15,15,9,5,1,1,16,7,17,13,10,1,1,1,19,1,7,7,10,19,1,42,56,10,103,1,6,11,20,1,1,8,4,15,1,8,11,1,1,1,1,1,1,5,11,1,9,1,1,1,15,1,6,1,10,5,12,1,15,11,1,17,6,1,15,1,1,1,1,2,17,9,1,1,1,109,1,18,1,16,12,1,22,17,19,1,16,2,8,12,1,1,14,18,8,1,9,20,1,30,1,12,8,1,18,5,1,1,19,1,1,2,12,1,1,1,1,1,1,11,1,1,16,1,1,2,15,1,16,11,54,1,1,1,1,10,1,4,8,11,3,11,1,8,3,17,1,1,1,1,6,1,16,1,1,21,1,11,1,1,1,19,78,19,7,23,1,14,18,16,1,1,1,23,7,10,1,31,11,1,1,20,2,1,14,5,18,22,13,1,9,5,8,17,1,1,1,1,1,5,9,1,62,1,10,1,1,1,1,1,9,2,1,8,14,1,2,1,17,1,1,1,1,10,1,13,7,9,10,1,11,1,17,6,1,12,10,1,11,10,11,5,1,1,61,14,1,1,1,4,1,6,1,13,1,1,10,11,4,13,21,12,1,9,1,7,1,1,1,1,8,1,28,7,6,1,8,1,17,18,1745,1,10,10,7,1,1,10,1,12,1,1,18,14,16,1,14,1,7,8,12,1,10,14,1,1,1,1,1,9,10,1,10,1,7,11,1,17,1,1,24,1,1,15,24,1,1,14,7,1,17,1,2,1,11,1,10,1,1,18,1,15,9,1,1,1,1,12,18,8,1,1,11,8,1,11,1,5,1,2,1,1,1,26,16,1,7,10,1,16,12,1,11,12,10,15,11,11,13,14,1,1,14,1,1,11,9,1,1,1,8,1,1,20,1,13,1,1,1,14,1,13,1,6,16,1,1,14,1,65,1,1,2,1,1,13,1,8,1,1,18,1,1,11,1,1,1,10,24,1,2,16,1,1,25,11,10,18,1,1,1,12,1,17,12,1,15,22,1,15,11,19,1,1,1,16,1,11,1,1,16,14,1,1,12,4,1,1,1,1,10,19,9,14,1,1,1,1,5,14,1,1,15,20,1,4,6,2,5,12,1,1,7,1,13,1,63,10,3,17,1,1,1,16,22,8,9,16,1,11,14,1,89,2,1,18,9,1,4,10,9,1,7,17,1,1,14,1,1,1,1,1,1,14,1,1,25,1,1,1,212,1,1,9,6,1,10,11,2,1,1,14,6,1,1,4,1,13,12,10,2,1,13,13,1,1,1,1,17,1,1,1,17,1,1,1,1,1,7,12,10,27,13,1,14,104,15,12,1,19,2,8,1,1,19,14,1,2,1,12,6,1,7,1,21,1,12,1,1,1,16,1,1,1,41,11,9,4,1,1,1,15,15,1,11,1,7,1,6,1,6,17,29,1,1,8,23,1,18,9,1,5,7,12,13,1,25,1,10,1,1,25,6,1,1,2,1,1,1,1,1,103,1,1,14,1,12,1,17,16,1,1,18,2,7,12,13,1,4,1,21,1,109,13,1,1,1,1,18,1,19,1,1,1,18,11,1,49,38,2,17,98,76,7,1,1,1,1,1,1,17,1,4,1,17,19,29,15,1,1,1,7,12,1,20,11,14,1,1,19,1,9,1,1,15,1,1,1,9,1,1,14,1,8,8,13,13,26,8,15,1,13,1,1,12,11,1,1,1,4,17,22,1,8,13,1,1,4,18,1,9,11,1,1,20,1,36,11,13,19,1,1,1,1,13,1,1,1,10,16,1,1,14,15,1,26,7,1,1,9,1,23,1,6,11,18,8,1,10,9,1,1,10,1,12,2,6,1,28,10,1,16,13,1,12,10,1,8,1,1,1,1,7,8,8,7,15,14,1,1,1,13,8,11,1,13,1,1,1,1,8,1,11,1,1,12,12,1,13,1,1,12,9,1,1,1,1,1,1,16,1,1,7,1,1,1,10,1,1,12,1,395,1,1,1,133,1,1,3,8,1,9,1,13,1,1,1,1,1,1,12,1,21,17,1,16,12,32,15,1,1,1,1,1,7,19,5,5,15,1,1,18,1,1,4,10,16,10,11,15,12,1,1,14,1,10,12,1,22,1,1,14,17,10,9,13,13,1,20,1,19,8,1,1,13,15,4,20,13,1,4,1,18,14,9,1,7,31,9,11,1,1,1,8,1,80,1,13,1,12,15,1,1,1,1,1,56,1,1,1,1,8,9,14,1,1,1,16,1,10,1,1,14,9,13,12,1,13,15,1,10,5,12,4,19,16,1,1,93,1,1,1,1,1,1,1,17,1,2,13,1,1,1,27,1,15,20,14,7,2,4,4,9,1,16,1,1,1,39,9,1,1,1,1,9,14,15,1,1,1,1,1,11,1,1,17,11,1,1,1,7,1,8,5,33,15,1,1,10,1,1,1,1,1,1,3,21,5,1,44,1,23,21,1,13,8,1,1,9,1,9,1,1,9,1,1,17,1,15,1,18,1,10,1,10,1,13,1,1,16,11,1,1,12,10,5,1,1,12,1,1,10,15,1,11,1,1,21,1,11,1,1,1,1,13,1,12,1,1,13,9,4,8,14,14,16,1,16,9,1,6,22,11,1,8,5,1,19,1,151,21,15,21,1,1,1,1,1,17,10,15,16,8,12,12,1,6,1,1,1,12,16,9,21,20,5,11,21,10,1,16,14,5,1,13,11,89,1,16,12,9,1,9,1,11,1,21,1,31,1,6,9,7,1,32,8,1,12,1,9,1,1,19,13,1,11,8,1,12,1,14,14,12,1,7,15,1,1,1,1,1,1,1,1,5,19,2,2,22,1,2,12,1,7,19,1,6,1,1,1,12,17,1,1,13,1,9,9,1,1,4,1,1,12,14,1,2,13,2,1,13,13,18,11,21,16,14,9,1,16,11,1,1,1,1,2,1,1,1,9,8,6,5,1,18,1,9,13,3,1,5,1,21,11,11,1,12,13,1,1,10,1,1,11,1,4,8,13,22,1,18,12,1,1,10,1,1,12,1,10,25,1,1,1,14,15,2,1,20,1,23,1,1,7,10,19,1,1,1,1,18,10,1,18,1,1,1,14,1,14,10,2,1,15,1,12,5,1,17,28,27,1,1,14,1,1,1,1,1,6,11,11,12,1,5,4,1,12,8,1,1,1,1,5,21,1,1,17,16,1,8,1,13,1,11,1,8,15,1,16,1,1,1,16,1,15,1,1,16,1,1,1,11,1,1,1,13,1,1,1,11,9,12,21,4,15,3,12,1,10,9,9,28,5,1,1,5,10,13,1,1,1,1,9,11,1,14,1,19,1,1,10,1,1,1,30,1,8,1,1,5,16,14,8,1,1,17,1,1,1,1,14,11,10,51,21,7,1,8,10,1,26,1,1,1,1,21,11,10,18,1,16,14,23,1,1,1,1,10,17,11,9,26,1,18,1,7,12,14,11,12,1,1,1,1,1,10,1,1,1,1,8,2,17,1,12,30,13,1,13,17,1,1,17,2,1,1,13,11,1,34,15,11,12,8,15,1,9,1,1,1,12,15,1,24,1,1,1,15,21,4,11,1,1,13,11,14,1,1,12,4,1,1,1,11,13,1,1,1,1,1,10,1,1,13,20,1,20,19,1,11,43,10,11,10,1,1,10,1,9,9,2,1,23,14,1,1,1,1,1,31,2,11,17,1,1,1,14,17,13,23,7,15,2,13,1,27,1,23,1,6,16,1,1,1,1,1,1,11,1,1,1,1,1,1,13,1,1,1,11,1,1,1,1,9,1,12,1,8,9,11,10,13,1,13,1,1,1,2,4,14,5,23,1,17,7,10,1,7,1,1,1,8,19,18,7,1,1,1,1,7,25,1,19,4,8,1,1,15,11,9,1,18,1,1,10,1,16,1,1,1,11,9,1,6,1,111,1,25,1,14,10,1,1,12,11,1,1,10,1,1,1,1,11,11,1,21,1,1,1,1,1,5,1,1,9,1,11,1,9,14,10,1,11,17,1,6,14,15,24,1,1,1,1,1,7,9,17,3,1,1,20,1,7,20,1,1,16,1,373,19,2,1,15,1,17,3064,1,1,18,9,17,3,1,9,24,1,19,1,14,7,1,7,1,25,1,1,1,18,1,1,22,15,5,1,14,10,1,12,1,1,9,14,7,1,15,1,1,1,8,9,1,22,1,1,1,9,8,1,1,1,10,1,1,13,3,14,1,1,1,12,18,4,9,14,1,1,9,1,1,1,25,11,18,13,1,8,1,1,1,3,1,1,21,9,1,1,1,18,12,12,1,14,1,25,8,1,4,1,1,12,1,1,19,5,17,1,1,1,6,19,19,17,21,1,1,1,1,1,1,3,1,11,17,1,7,11,1,1,1,1,66,1,1,8,16,9,17,1,1,7,1,1,17,8,10,1,1,1,26,14,1,7,1,13,10,11,10,10,1,1,1,8,1,1,1,1,1,1,15,2,1,1,8,136,1,1,1,1,15,16,18,10,1,1,17,1,12,11,11,12,1,14,15,10,20,12,7,12,5,19,1,9,4,10,1,1,16,1,1,6,11,20,1,2,1,1,8,13,1,13,1,1,7,12,9,14,1,9,1,13,12,1,15,1,8,6,6,12,9,1,1,24,11,12,11,2,1,19,20,1,1,1,12,8,1,14,1,1,12,17,15,12,11,1,9,1,10,1,12,3,3,1,19,10,1,1,17,1,11,6,21,1,11,12,12,1,1,8,11,1,1,29,7,7,10,1,1,17,1,1,1,5,17,1,1,15,1,1,1,1,27,1,19,20,1,17,15,12,14,27,1,12,9,1,12,19,1,1,1,1,1,12,1,1,22,12,1,15,1,9,35,1,1,1,13,1,13,19,1,1,12,11,11,1,12,7,1,22,10,1,1,1,11,3,13,1,18,3,8,1,1,1,1,1,1,1,1,10,6,1,11,1,1,20,18,1,1,17,1,6,1,8,1,96,15,7,12,11,12,12,3,1,1,12,15,1,1,1,1,13,17,16,1,1,1,14,1,1,1,1,1,12,1,2,14,15,25,1,1,12,14,6,2,8,1,16,9,13,10,14,10,2,1,10,121,13,1,8,1,1,14,1,1,2,1,17,1,1,13,22,8,10,13,2,1,1,1,17,19,8,1,1,27,2,13,6,9,16,16,1,1,1,20,11,7,1,17,21,8,15,23,10,1,14,1,1,1,2,1,3,1,9,17,3,1,1,1,9,5,11,8,11,9,37,1,9,1,1,1,1,1,1,1,10,1,1,1,24,16,118,20,11,1,17,11,5,1,11,1,12,1,1,2,1,17,3,14,1,1,1,6,13,14,1,1,14,17,1,1,2,1,10,8,7,7,10,1,1,15,1,1,12,1,13,13,16,12,1,1,1,1,13,1,27,1,1,3,11,16,18,11,1,11,6,1,25,1,19,12,7,1,20,14,1,13,1,8,1,15,8,1,9,8,13,14,20,1,1,1,1,20,9,13,1,12,15,1,11,10,4,8,11,1,1,14,1,1,1,10,1,6,1,1,15,11,16,1,1,17,1,6,13,1,22,1,1,17,8,1,12,18,15,21,1,10,1,1,6,1,10,16,14,1,15,1,13,1,20,1,1,20,7,1,1,4,1,1,1,1,1,13,1,1,18,14,13,1,1,11,15,9,2,1,12,22,6,3,1,1,9,1,1,1,12,1,19,1,1,8,1,2,1,17,22,1,1,1,3,1,1,7,29,8,24,17,9,1,1,3,11,1,33,1,13,10,1,8,11,1,1,1,1,19,1,14,14,20,1,1,10,7,9,1,12,13,1,7,15,6,1,1,7,16,14,4,2,1,14,1,1,2,1,1,1,14,1,1,12,12,1,1,1,1,15,10,18,14,1,2,7,17,1,1,1,14,22,8,1,1,7,18,1,1,1,1,1,12,13,1,7,7,1,1,6,1,13,1,16,1,9,14,12,11,9,1,1,1,16,1,1,11,7,10,16,17,1,6,1,1,1,10,11,1,7,1,29,8,12,13,1,12,13,1,13,1,10,27,1,9,17,7,8,10,22,1,1,1,18,1,1,1,1,20,16,7,19,6,12,1,11,12,1,2,13,1,1,17,14,1,3,3,1,1,9,11,2,1,1,1,1,1,1,1,1,8,1,1,1,6,11,6,1,1,6,11,1,9,1,15,15,12,1,24,1,10,1,12,1,25,8,20,1,1,17,25,16,1,1,1,3,1,3,15,24,6,1,10,2,2,1,1,1,1,11,1,7,1,1,1,13,1,6,20,18,17,1,7,10,16,16,1,11,1,17,1,1,1,1,1,13,1,13,16,1,1,1,12,10,1,15,1,1,1,1,15,23,1,1,2,1,1,11,1,1,1,12,13,14,1,1,13,1,34,1,18,1,1,14,1,22,5,1,11,6,1,13,1,19,1,1,29,1,17,15,1,1,1,1,19,1,1,1,5,18,1,1,18,15,1,20,20,9,13,8,15,1,1,13,1,120,18,27,9,11,1,1,5,13,11,18,11,1,1,3,13,14,1,1,1,1,13,7,15,1,13,16,1,1,16,1,1,1,1,1,1,10,13,1,8,1,21,10,1,8,5,1,1,1,13,12,10,1,1,10,1,1,1,1,1,12,1,1,1,15,8,10,8,20,1,1,1,1,17,1,1,1,14,1,17,1,7,1,14,4,1,1,1,10,15,14,1,1,10,10,7,15,11,15,1,1,11,1,1,1,1,1,1,4,12,18,1,16,11,16,1,1,1,13,5,14,1,1,1,10,14,7,16,3,14,1,1,13,16,1,13,1,9,13,1,13,1,1,16,12,7,1,1,1,97,1,17,1,1,1,20,1,1,6,18,4,1,1,16,1,1,1,11,20,15,1,1,1,11,1,1,18,13,1,11,1,6,4,1,18,1,14,1,62,6,1,5,10,19,1,8,1,1,1,1,1,19,1,1,13,1,1,14,1,12,1,15,1,1,1,1,9,11,10,1,10,17,15,1,1,13,1,1,9,1,20,1,11,1,16,14,1,1,1,1,1,1,17,12,1,1,11,1,1,10,2,6,4,1,20,15,16,1,1,1,35,1,1,12,1,1,1,20,1,13,8,9,1,14,13,50,1,1,1,11,13,11,1,1,10,15,1,1,10,14,10,1,1,16,1,1,2,1,1,15,2,1,1,9,14,1,21,7,10,1,9,16,1,1,11,17,1,13,21,11,1,82,18,1,1,23,1,18,1,1,10,8,1,10,11,1,1,1,1,1,16,11,2,19,1,8,17,7,1,12,1,1,1,12,3,1,1,18,1,1,11,1,1,1,1,2,21,10,18,10,1,1,1,14,15,1,1,4,19,11,5,1,1,15,21,12,1,1,1,20,12,1,1,19,9,1,17,7,1,1,1,1,1,1,1,11,9,1,1,72,12,14,3,15,1,9,1,12,1,1,47,17,18,1,13,19,10,17,25,13,1,14,1,9,1,5,1,8,1,10,1,2,36,5,11,18,16,8,8,1,4,8,1,1,1,2,6,20,4,10,10,1,2,1,14,10,1,6,1,1,1,1,14,1,19,1,1,1,1,9,1,13,1,1,37,1,1,1,6,1,1,13,8,1,1,1,1,16,6,1,2,15,1,1,10,1,1,18,1,21,1,1,12,1,9,11,13,13,6,1,1,12,20,1,1,1,4,18,1,21,13,8,1,14,13,12,16,1,13,19,2,14,1,13,1,16,2,19,1,1,1,12,2,1,1,1,12,12,12,8,1,14,13,1,10,16,4,12,13,10,1,1,12,1,19,16,1,13,7,1,14,1,10,2,22,1,12,1,1,77,1,19,9,1,2,1,1,1,1,1,13,11,1,1,5,1,11,24,1,8,1,1,1,1,1,10,4,1,11,1,1,26,1,1,16,1,3,1,9,1,9,11,15,1,14,27,9,16,21,1,1,10,16,1,1,1,1,1,21,1,9,8,1,2,1,1,5,1,1,1,12,1,13,16,1,12,10,1,14,8,1,2,1,18,13,21,1,10,9,1,19,1,1,9,1,13,1,10,1,28,11,16,1,11,9,14,18,1,1,20,1,15,1,1,20,14,11,13,72,10,1,8,1,1,13,8,1,1,1,6,41,13,1,2,15,13,1,3,1,7,7,1,15,16,1,21,11,18,8,8,1,11,1,1,11,11,8,16,1,1,1,16,14,1,1,1,2,1,1,9,1,1,8,1,1,1,12,1,11,1,14,6,38,1,1,11,4,14,1,8,6,1,1,8,1,13,8,14,54,17,1,8,1,1,11,1,1,10,5,1,13,7,10,1,1,1,12,10,11,17,8,4,1,1,3,14,1,4,89,1,1,3,9,1,1,14,1,1,54,11,1,1,1,8,11,1,1,1,1,1,1,1,4,1,1,1,19,5,15,1,1,1,1,13,1,10,15,1,3,10,1,1,1,1,1,17,17,1,1,1,18,5,14,1,10,20,1,8,1,7,1,1,1,1,1,1,10,1,1,18,24,1,1,1,1,1,1,12,12,1,15,10,1,1,20,1,7,9,1,1,2,16,12,1,9,2,11,1,1,2,8,1,1,1,1,11,1,2,12,13,4,8,1,1,1,18,1,5,1,1,1,11,10,1,9,1,2,1,1,13,1,15,6,1,1,18,1,13,2,7,13,4,8,1,1,3,15,1,1,1,1,1,1,1,1,14,10,15,16,1,1,23,14,16,8,7,18,1,1,2,11,1,1,5,1,1,1,16,1,47,13,1,10,12,2,1,1,1,16,9,1,3,14,14,18,1,10,1,1,15,16,10,1,1,11,9,12,10,1,1,1,1,1,1,1,1,17,11,1,1,16,1,16,1,1,1,1,1,1,15,1,21,10,1,1,1,15,1,1,18,1,1,1,1,11,15,2,1,1,1,15,10,8,12,12,10,13,18,7,1,1,13,1,1,1,1,1,15,1,1,1,1,2,1,1,6,1,1,15,14,1,8,10,20,1,17,1,8,11,1,1,1,1,1,25,1,17,1,1,1,10,8,1,9,1,1,14,1,11,1,6,1,3,1,1,6,1,1,11,42,12,10,1,4,20,16,10,1,5,2,1,1,1,1,1,9,1,3,1,1,1,20,1,1,1,20,16,1,1,15,11,11,1,14,13,1,1,1,1,10,11,1,1,1,1,1,10,9,1,9,15,7,1,1,1,43,11,10,1,16,1,19,1,14,11,1,10,8,1,13,4,11,1,17,1,9,18,10,16,1,8,1,1,2,7,11,1,1,21,13,1,8,1,1,1,20,21,1,1,13,14,8,1,2,1,17,1,8,1,1,1,12,1,9,1,28,8,10,11,19,1,1,10,1,1,7,1,1,1,1,10,22,20,1,16,1,11,13,13,1,16,2,1,1,36,1,1,15,1,1,19,1,1,1,1,1,1,9,1,2,68,17,1,12,2,5,2,1,12,1,11,1,8,1,101,9,1,1,7,1,8,1,8,1,1,1,1,10,22,1,1,1,9,10,7,12,1,14,102,22,11,8,1,3,11,9,2,16,9,1,11,13,1,1,1,12,1,1,12,3,10,1,1,21,1,11,1,14,6,1,1,18,56,10,8,9,10,1,1,8,19,7,1,12,9,8,4,11,5,15,8,1,73,21,11,1,1,14,1,1,16,1,1,1,9,1,1,1,6,12,1,12,1,15,9,1,1,9,11,3,1,1,8,1,16,14,13,14,1,10,2,2,6,13,1,9,5,8,8,33,6,24,16,1,9,1,24,14,10,1,1,11,1,6,1,17,1,16,17,3,1,21,1,17,17,6,605,1,31,22,9,1,1,13,5,17,1,14,1,1,1,1,1,1,14,1,1,17,201,16,14,1,1,14,10,1,7,9,1,17,19,3,1,7,1,1,1,1,16,1,18,10,1,1,1,10,12,16,1,1,1,1,17,16,19,13,1,1,16,1,1,8,2,12,16,1,1,1,1,1,75,14,18,1,8,14,18,1,8,1,10,9,15,4,12,13,23,17,1,10,1,9,15,46,1,11,19,14,1,37,1,1,16,7,1,1,10,9,12,1,1,1,1,18,1,8,1,1,12,10,1,6,1,1,1,32,1,1,1,1,11,10,1,13,7,16,11,11,1,7,9,24,1,1,1,9,1,1,8,1,15,1,7,19,1,9,1,1,9,11,15,1,17,8,12,5,1,5,12,9,9,11,18,12,1,1,12,14,1,17,20,1,6,1,6,16,13,12,1,1,4,9,14,1,9,18,1,17,1,1,10,10,15,13,13,1,15,11,12,18,1,10,1,1,7,1,1,14,17,1,8,15,13,16,1,18,15,1,1,10,11,14,1,6,12,17,1,13,16,16,9,1,10,18,14,16,1,13,1,16,1,13,20,1,1,14,13,14,14,19,1,1,10,23,1,13,1,12,1,79,1,10,18,2,1,1,1,1,1,12,1,1,84,2,8,7,1,13,4,1,6,11,1,1,1,1,1,20,1,4,16,4,1,1,1,15,1,22,1,1,14,7,1,10,1,10,6,1,15,12,18,1,11,1,1,16,1,15,15,1,1,1,1,1,17,8,1,6,1,26,1,9,1,9,39,13,16,1,1,7,1,1,1,12,10,12,7,13,1,1,10,19,1,13,1,1,1,15,1,1,23,7,8,8,1,4,1,8,1,1,1,17,16,1,15,1,18,1,1,1,1,1,12,1,11,11,12,1,15,7,9,18,1,1,1,7,1,3,1,16,13,1,5,1,9,10,13,8,1,13,14,8,9,12,1,1,13,15,1,1,1,18,10,1,1,21,1,1,42,1,1,2,9,1,1,16,15,13,12,22,15,1,1,15,1,14,58,1,15,1,12,1,16,4,87,1,11,11,1,1,1,1,12,1,1,2,1,18,19,1,1,13,1,7,1,22,1,11,1,1,11,13,14,1,1,1,12,1,14,84,1,1,1,11,2,15,9,77,4,27,1,1,1,38,4,10,1,1,23,11,1,15,5,1,1,13,1,12,1,1,7,18,9,10,1,19,1,2,1,1,14,1,12,9,1,1,16,1,1,14,11,5,1,70,8,13,14,1,1,1,1,16,1,7,2,1,1,1,15,1,11,13,5,1,1,10,2,1,1,1,13,8,12,1,22,21,13,1,7,3,1,1,11,3,1,19,1,13,34,2,10,15,1,15,12,19,4,1,1,19,1,1,1,5,12,21,1,13,16,1,3,18,1,12,5,1,11,18,1,1,1,1,37,5,1,1,5,11,8,9,14,8,1,16,19,20,7,1,12,15,1,6,1,9,1,13,1,19,1,1,1,10,6,18,1,1,20,9,1,1,11,19,1,1,1,1,11,15,18,31,1,1,1,26,1,18,1,1,1,1,1,1,1,1,1,1,1,19,1,1,5,4,1,12,1,1,1,15,20,81,13,19,10,16,10,8,5,8,1,13,20,18,12,12,11,10,2,1,1,1,9,1,22,15,14,1,1,11,14,1,15,1,1,1,20,1,11,1,22,1,12,12,1,14,9,1,9,23,1,9,1,1,1,1,12,1,1,1,1,1,13,1,11,1,1,16,20,1,17,1,13,1,14,21,1,23,1,1,14,13,1,9,10,1,1,17,1,1,1,11,12,1,1,1,9,25,1,1,1,1,1,16,1,1,10,14,17,11,7,14,1,1,6,1,12,1,1,1,1,1,1,1,1,2,9,1,1,1,19,1,9,18,1,1,1,1,1,1,1,1,6,12,1,12,1,1,1,8,15,16,10,1,1,1,1,1,15,1,16,12,1,1,16,1,7,11,1,1,10,16,12,1,1,24,1,1,4,1,1,1,1,9,10,1,1,10,7,1,1,1,16,12,1,8,15,2,5,9,1,8,1,1,1,17,1,14,1,7,21,11,14,1,1,1,1,1,13,20,1,53,14,1,18,11,1,14,4,1,51,32,56,18,1,1,1,12,25,16,1,15,19,10,15,1,1,1,2,1,20,16,6,1,1,14,1,15,1,1,12,1,14,1,11,9,15,1,2,12,1,1,1,1,17,1,24,8,10,7,1,1,6,1,1,12,1,1,1,1,1,14,1,1,8,10,1,7,1,4,2,13,1,1,18,1,17,1,7,11,7,20,9,1,2,23,12,16,12,2,10,12,25,10,15,1,9,1,1,1,1,8,14,1,18,10,22,7,1,11,1,1,10,13,19,19,15,18,9,19,14,15,1,10,11,15,1,1,14,6,36,9,14,13,1,59,1,1,1,5,14,1,13,1,1,9,10,1,1,1,5,1,17,4,13,1,21,12,2,22,12,1,1,20,1,5,1,1,13,1,14,1,10,15,1,1,13,1,1,9,11,1,13,13,8,13,1,1,8,1,19,10,10,1,1,12,3,1,15,17,1,18,1,1,1,2,1,8,12,4,14,18,11,15,8,16,17,1,15,12,1,3,1,15,13,2,1,1,3,12,11,1,1,7,12,1,1,13,1,1,1,16,1,10,8,1,1,1,7,14,1,18,18,1,1,1,1,1,18,1,13,1,11,1,1,1,1,15,8,13,1,6,12,1,122,1,1,1,16,12,11,1,1,1,12,1,11,10,1,1,1,22,54,9,12,10,9,24,1,1,1,14,11,35,1,14,19,32,1,1,14,1,23,20,13,4,9,11,17,14,5,14,14,1,1,18,21,1,1,1,1,11,8,16,12,14,1,26,13,1,1,11,1,1,1,14,12,15,1,16,3,1,1,8,9,14,1,1,1,1,1,1,1,17,1,16,13,1,1,1,15,13,15,15,1,17,9,17,1,1,1,9,40,1,1,14,6,1,1,1,8,11,10,9,1,1,1,1,1,1,1,13,1,1,1,6,1,1,1,1,40,9,10,1,1,14,9,7,1,1,2,11,11,1,1,12,22,1,16,1,11,15,1,6,6,1,1,1,1,1,1,11,9,1,8,8,18,19,1,1,5,1,1,8,1,16,7,11,19,1,29,9,8,1,1,1,12,1,1,1,11,16,1,1,1,1,1,12,1,1,82,10,20,9,8,1,5,1,1,14,17,2,7,2,2,12,1,9,4,1,6,11,1,11,1,14,14,39,2,6,5,1,61,9,32,14,16,1,3,13,1,1,5,1,17,1,11,15,1,17,12,1,5,1,15,1,1,8,16,1,16,1,1,14,1,1,14,16,14,18,1,1,3,4,1,9,1,1,1,1,4,6,1,1,1,10,1,1,1,14,1,1,1,1,1,1,12,11,6,1,1,15,1,1,1,8,1,13,142,1,1,9,1,1,12,1,28,14,1,15,1,10,1,1,1,1,4,1,8,2,22,12,1,1,1,1,1,1,19,12,10,1,1,10,8,13,11,6,2,10,1,14,11,1,3,1,1,1,1,22,69,1,2,1,14,1,1,10,1,15,14,13,1,18,13,8,1,1,1,15,1,5,4,8,1,1,10,1,1,1,1,1,20,1,8,1,1,1,1,1,14,20,9,15,14,1,14,1,1,19,1,1,1,1,15,1,14,6,15,1,1,19,1,10,7,1,12,1,9,6,1,1,1,3,17,1,6,18,2,12,1,1,15,3,1,1,1,6,1,1,84,1,15,9,21,1,11,6,1,1,1,1,1,7,60,14,1,1,1,10,32,16,1,12,14,1,18,1,1,1,1,3,11,1,1,1,13,11,1,1,1,11,13,1,4,1,13,15,7,1,8,1,1,18,15,1,1,4,1,16,1,12,1,1,1,5,14,11,1,1,1,13,1,1,5,3,1,1,1,1,9,1,1,1,10,15,1,1,8,1,7,16,12,22,1,1,15,1,1,10,70,1,1,13,1,1,13,4,1,8,12,50,1,3,1,1,1,12,1,15,19,1,1,2,1,14,12,1,9,1,11,1,8,26,12,13,1,1,1,1,1,1,11,16,1,29,1,1,1,1,1,1,14,1,16,13,9,14,1,10,18,8,22,1,1,1,14,9,14,12,1,13,1,1,1,4,15,1,11,1,1,17,42,14,2,1,21,1,13,16,1,1,1,16,12,17,14,26,1,1,15,12,10,10,1,1,8,14,1,1,3,16,1,2,14,1,1,1,1,12,15,1,10,19,2,1,4,7,14,19,14,7,1,1,1,6,15,1,1,1,1,1,8,14,14,11,1,14,1,13,16,12,16,1,14,19,9,23,1,1,1,9,1,1,16,13,1,10,5,14,20,15,17,1,1,20,13,14,9,14,42,1,7,1,1,9,8,16,1,21,10,2,8,1,1,1,15,1,5,7,10,15,1,1,15,1,6,1,1,10,20,2,8,2,2,1,1,1,1,1,1,1,9,1,12,1,1,1,1,1,1,1,1,1,1,4,1,1,1,1,1,1,1,11,1,1,1,10,3,1,11,1,1,15,1,1,8,14,12,13,1,10,13,14,17,14,13,1,17,18,9,9,16,1,15,6,200,2,1,1,1,1,1,1,1,7,1,1,24,1,1,1,1,7,12,1,1,16,1,1,6,10,14,14,22,17,29,15,1,1,1,16,20,11,1,21,1,3,8,107,15,15,1,7,28,1,1,1,9,12,13,1,1,11,19,6,12,1,6,20,1,1,1,1,6,11,1,1,1,5,1,19,8,3,8,1,1,1,11,9,1,1,1,9,1,10,1,2,16,18,1,1,8,1,1,1,1,1,1,1,11,18,13,1,18,1,1,1,1,7,1,1,1,1,1,1,21,1,1,5,1,1,1,1,1,9,15,4,12,1,14,1,1,17,19,1,12,11,1,1,1,1,1,1,1,16,18,1,12,15,20,1,1,3,1,1,1,9,1,1,1,7,1,69,1,1,1,6,10,2,1,7,1,1,10,1,116,19,1,19,1,7,1,1,1,11,1,6,13,1,16,1,1,11,11,1,1,2,7,1,9,21,15,13,1,1,1,8,9,17,17,12,1,1,1,12,1,1,1,1,1,28,7,9,10,1,1,1,1,9,1,1,7,15,1,1,7,1,2,19,10,24,1,1,1,1,5,2,18,1,1,11,20,1,13,10,1,10,18,19,5,23,1,15,17,12,13,1,1,1,1,10,7,14,24,10,1,1,20,1,10,21,8,1,11,1,10,1,1,1,1,28,14,14,19,1,15,15,16,14,1,1,1,6,1,1,1,1,8,1,10,1,1,16,1,6,24,6,17,1,11,4,1,1,17,9,12,1,377,1,1,6,1,3,12,1,1,1,9,7,1,10,4,18,12,1,11,2,12,1,14,6,17,1,1,1,8,19,1,15,19,9,1,1,1,1,16,2,6,11,1,1,1,19,14,1,1,12,17,19,6,1,1,1,1,12,1,21,2,14,16,1,1,7,1,19,1,11,7,1,12,15,9,15,1,2,10,1,14,1,1,1,15,11,22,1,2,1,1,10,12,1,19,1,3,1,1,1,1,8,14,14,10,9,9,11,10,25,7,2,1,19,1,2,1,4,9,1,1,1,8,15,1,16,11,8,1,13,1,12,1,8,1,1,1,1,8,1,1,2,1,1,3,1,16,1,1,1,1,12,1,1,16,1,13,24,1,14,9,17,1,1,1,1,1,11,7,10,14,12,18,8,1,8,1,9,1,7,1,1,1,1,1,6,2,1,12,16,1,1,81,4,18,1,10,1,7,15,7,1,13,20,10,22,12,12,21,23,1,1,20,11,1,10,1,11,1,1,19,5,1,13,8,6,3,2,13,1,1,17,15,1,9,11,8,12,12,1,13,17,158,1,8,1,1,1,12,1,1,1,9,1,17,10,1,1,15,1,1,1,11,1,15,1,69,1,10,1,1,5,5,1,16,1,8,5,1,17,1,13,15,12,1,1,1,1,2,8,20,1,1,16,4,1,21,6,2,19,8,15,12,7,4,1,1,11,1,1,1,15,1,2,8,18,1,1,9,17,1,1,1,1,17,1,16,1,1,1,1,1,1,1,13,21,1,20,1,14,14,1,13,1,5,1,18,1,8,10,10,23,18,1,5,1,1,9,12,1,1,1,11,1,3,1,14,1,15,1,13,1,1,1,15,5,14,15,8,1,1,14,1,1,1,1,6,14,1,17,1,1,8,11,1,9,9,14,1,20,1,39,14,1,1,10,1,1,1,1,17,1,11,1,1,2,1,1,1,1,1,1,8,1,1,8,1,13,1,17,8,5,1,1,1,2,1,11,1,20,1,24,1,1,1,14,1,1,1,1,1,8,14,4,15,18,1,1,13,1,1,14,19,1,18,12,13,1,1,12,1,18,1,2,6,8,1,23,5,13,90,1,11,1,8,1,1,1,1,21,1,1,1,1,1,1,19,17,12,12,1,16,1,1,1,15,17,7,14,1,1,1,7,1,17,1,1,10,1,16,1,1,1,3,6,1,12,1,1,55,1,8,1,14,13,22,1,16,1,12,9,10,15,24,6,4,1,4,18,11,1,12,1,2,7,28,1,14,1,8,12,6,11,8,47,8,13,1,17,16,1,14,14,1,1,6,1,8,9,1,1,16,1,1,10,14,1,1,10,1,1,1,1,20,27,18,1,1,11,1,14,12,12,1,12,13,6,6,90,1,14,1,1,1,6,13,1,10,1,10,14,8,1,13,1,1,3,1,1,1,12,1,12,14,1,6,1,7,11,14,1,1,12,1,14,13,11,17,17,1,12,1,10,1,14,14,8,1,15,1,1,13,1,2,1,11,4,12,2,18,1,17,1,1,11,1,1,11,1,1,1,14,8,15,1,1,1,13,11,12,8,5,16,16,1,1,10,14,10,13,20,10,1,19,14,8,1,6,7,1,8,1,14,9,9,11,13,7,1,1,66,1,11,18,9,1,20,1,7,19,1,1,5,8,1,9,16,15,13,1,1,11,10,1,10,11,5,20,1,9,1,20,1,1,1,1,1,60,1,1,8,1,1,8,9,4,8,1,13,15,14,6,15,3,8,1,1,22,1,9,16,1,20,10,1,6,1,21,11,1,22,8,1,1,1,1,1,11,1,15,19,1,12,9,2,1,1,1,5,15,1,11,1,1,11,1,1,19,43,1,17,48,1,1,16,14,1,15,23,20,1,5,1,1,10,6,10,14,8,1,1,13,1,1,1,1,15,6,1,12,20,19,1,17,7,6,6,15,25,14,11,1,11,1,23,12,1,9,1,7,1,29,1,13,16,1,16,1,10,1,1,1,1,5,15,16,8,7,14,1,7,3,18,1,13,1,1,12,1,9,1,1,1,1,1,1,1,1,5,1,14,13,2,8,1,1,1,15,3,1,1,1,1,1,1,1,22,8,10,12,16,1,1,1,1,1,1,1,1,1,1,12,20,17,1,1,10,6,1,1,12,1,1,38,1,14,4,18,1,1,10,1,1,1,93,1,1,8,1,1,14,1,1,10,1,12,7,1,1,3,1,13,1,21,1,15,1,1,1,23,17,1,1,1,1,4,1,18,7,8,10,1,6,1,13,14,1,1,1,8,12,1,1,1,1,1,1,14,1,15,17,1,10,21,6,20,18,12,17,25,11,8,1,10,1,1,1,11,1,15,16,1,8,11,12,1,1,10,1,14,1,1,8,14,1,1,6,12,2,11,10,13,1,10,1,14,14,1,1,13,1,1,1,22,17,9,1,18,17,1,1,1,12,14,5,13,12,11,1,20,13,12,1,18,1,18,2,1,1,13,15,1,18,20,2,1,1,8,14,12,17,1,18,11,4,1,187,13,1,10,1,14,18,13,1,1,1,1,14,1,12,5,2,13,19,13,1,13,1,5,8,1,1,1,15,1,34,7,10,1,93,18,1,1,1,6,1,8,13,8,12,1,8,1,16,1,12,15,1,1,1,1,10,5,1,12,1,8,15,21,1,1,12,1,1,15,1,11,6,15,1,1,20,18,1,1,1,1,1,15,1,1,12,1,9,29,19,1,7,14,2,19,1,17,11,1,1,30,4,1,3,1,15,23,1,17,24,14,1,1,8,14,1,5,1,1,10,1,1,14,1,18,1,1,1,1,1,1,1,14,1,23,18,4949,21,1,8,1,1,9,9,9,11,1,1,1,10,15,4,17,1,1,1,21,15,16,23,1,1,14,7,1,1,1,1,10,1,18,10,1,5,5,7,3,26,1,17,11,1,10,14,13,1,26,10,1,44,2,1,1,18,9,11,11,14,1,16,19,1,1,7,1,1,6,1,21,1,13,15,1,1,14,15,12,1,10,6,10,1,11,1,23,1,1,4,1,13,15,8,1,1,1,1,1,27,13,1,7,14,1,16,11,17,7,11,10,15,11,19,13,1,10,5,4,1,12,1,10,1,17,1,9,1,1,1,1,10,8,1,1,19,1,1,9,16,7,14,1,1,11,1,8,1,1,15,16,9,12,1,2,15,9,10,15,16,15,12,6,1,1,17,1,20,5,12,1,1,1,1,13,1,1,12,1,1,4,1,1,1,1,9,1,1,18,15,10,1,1,1,1,11,29,11,1,1,13,13,1,14,1,1,12,9,188,12,4,7,32,1,10,1,1,16,16,58,11,1,13,1,1,15,20,1,1,1,2,15,1,1,7,18,1,1,17,18,1,1,1,1,33,1,7,1,2,9,1,1,1,14,1,34,1,17,17,1,1,10,1,14,14,3,14,1,1,1,9,11,10,11,1,12,50,1,10,1,1,1,12,1,8,2,10,18,9,11,1,1,1,14,14,1,13,17,11,1,14,12,1,6,2,17,1,1,1,17,32,9,17,1,23,16,1,8,398,14,1,1,15,19,1,1,1,1,1,1,1,8,7,1,12,16,14,1,10,1,1,16,2308,1,1,1,19,5,13,1,18,1,1,1,12,15,11,1,1,6,1,1,16,1,12,1,29,7,1,19,10,1,1,12,12,12,16,18,1,5,19,2,1,1,1,1,13,1,8,15,1,182,1,13,1,1,12,1,1,14,1,1,16,11,1,16,16,10,1,5,13,16,1,1,18,1,12,1,1,1,14,1,1,15,9,7,9,5,6,11,21,13,12,11,1,1,11,1,10,1,1,10,1,1,11,9,2,18,11,1,1,1,1,1,9,32,13,1,1,1,1,1,8,1,16,15,13,1,4,1,11,1,20,2,57,1,20,11,1,16,12,8,1,12,1,1,14,1,14,5,9,16,9,8,11,13,6,11,1,13,1,18,1,14,1,1,8,17,1,18,1,1,1,1,4,1,1,9,10,22,1,12,1,1,1,1,8,1,10,161,10,6,11,16,10,13,1,1,1,1,12,1,12,3,8,1,1,10,1,1,11,1,1,1,18,1,21,1,13,10,9,1,8,14,11,11,48,1,1,1,1,9,1,12,1,1,4,12,1,1,1,15,1,14,16,1,1,4,6,14,1,1,8,17,6,17,1,1,16,1,15,13,12,11,9,1,13,17,1,18,1,18,11,4,18,9,1,9,11,6,75,8,10,1,1,1,11,13,1,1,3,1,6,16,12,1,10,1,14,1,24,11,110,1,1,1,9,1,1,1,20,1,17,15,1,1,1,1,12,1,1,1,10,15,24,26,8,17,8,4,20,1,1,1,12,1,14,1,29,1,16,11,17,13,1,15,9,2,1,1,20,18,1,20,1,6,1,1,1,1,15,12,1,7,1,1,8,1,7,1,14,1,1,1,1,10,1,9,1,1,13,1,18,1,14,1,673,8,1,1,1,18,18,16,1,16,17,14,1,6,1,15,18,1,4,18,2,1,1,2,13,18,15,1,12,1,17,1,36,7,6,1,9,2,1,1,11,5,1,1,1,1,11,12,1,1,20,1,1,7,18,10,1,16,1,14,1,1,17,11,8,10,15,1,1,12,1,6,14,1,1,1,1,1,17,15,12,13,1,12,9,1,7,1,15,11,1,1,43,1,2,7,13,4,1,9,11,1,1,1,14,1,1,1,11,11,13,11,1,1,1,11,1,1,26,1,1,16,12,21,1,8,9,1,1,1,20,10,4,11,15,1,9,16,2,1,1,1,22,13,1,14,1,15,1,1,12,2,15,12,4,1,23,1,1,3,1,12,37,15,1,13,3,1,1,1,14,1,13,4,1,1,3,1,12,17,1,1,1,1,18,1,1,3,14,26,13,1,14,9,11,1,12,1,4,1,4,1,9,1,1,11,17,9,10,1,21,12,9,15,5,14,21,3,9,1,6,9,12,13,16,8,10,1,1,20,9,1,1,13,19,17,3,15,1,1,1,9,14,1,6,10,1,1,43,1,1,5,1,10,12,10,16,1,18,13,1,17,1,1,21,1,23,11,22,15,1,17,5,1,1,11,1,1,1,1,16,10,1,15,1,21,22,7,17,21,1,1,7,1,1,1,1,1,13,1,1,1,1,11,1,1,1,17,10,12,12,123,1,14,13,14,1,1,1,1,9,1,16,10,1,1,11,1,23,1,10,7,1,10,9,1,9,14,4,1,19,1,1,1,5,5,1,1,15,12,1,16,8,1,1,9,10,1,13,9,12,1,1,18,1,1,1,14,28,12,1,7,13,3,7,14,10,1,14,3,1,1,1,15,1,16,1,13,10,14,1,14,9,1,1,1,1,12,1,1,1,13,1,1,1,13,1,1,1,19,1,1,1,50,1,8,13,1,12,15,14,1,10,69,14,1,6,13,1,12,6,1,1,1,9,13,13,1,1,19,5,11,11,5,6,1,11,1,10,16,9,1,10,1,12,11,1,18,1,1,14,13,21,1,7,1,1,9,1,15,10,1,1,1,23,9,13,1,1,4,12,16,14,13,10,14,17,14,9,25,1,20,22,1,1,1,17,1,1,6,1,10,15,2,1,13,1,8,10,12,20,8,17,1,1,65,3,9,1,3,1,100,1,30,34,125,1,1,15,1,1,11,4,7,1,15,6,15,1,13,1,1,1,1,1,16,12,14,4,1,1,12,22,1,1,10,1,12,17,1,10,14,15,20,14,14,15,11,1,1,1,1,1,15,1,1,1,1,11,5,1,14,1,17,5,1,3,1,1,1,11,1,1,1,1,1,1,1,11,1,1,10,13,15,7,1,17,5,12,9,12,1,18,1,1,4,1,20,11,8,1,14,1,7,23,1,15,1,34,14,13,15,1,1,13,9,9,16,1,13,18,6,12,1,10,15,12,1,33,13,1,13,12,1,1,1,1,1,1,1,1,1,8,1,4,1,9,1,10,11,8,4,1,1,1,2,1,1,1,5,1,1,1,1,1,1,1,1,9,1,1,16,10,1,1,12,1,1,105,1,15,11,14,1,9,14,1,1,1,15,17,59,16,1,1,1,9,1,15,15,12,12,1,9,1,10,1,10,1,13,1,15,16,1,1,1,6,11,8,6,15,8,10,1,12,1,1,1,10,4,1,19,5,11,9,20,17,6,17,8,1,17,14,27,1,1,13,9,1,11,10,1,18,1,1,1,1,15,13,16,1,12,17,1,1,7,1,1,1,12,13,1,1,1,1,9,1,1,8,11,22,16,7,1,12,16,1,15,1,6,1,1,1,13,1,1,1,1,18,1,13,1,2,7,14,1,10,11,18,1,10,18,13,1,1,12,1,5,14,8,10,17,20,1,7,3,15,17,1,1,11,1,14,11,10,2,14,13,1,10,23,1,1,10,1,1,1,20,13,20,10,23,16,12,10,20,5,10,12,14,1,10,4,1,1,25,1,20,15,1,15,17,14,13,1,14,1,1,1,6,1,12,1,1,20,1,1,1,1,1,1,1,1,1,15,1,11,1,1,1,1,1,5,8,10,1,7,1,33,1,1,15,11,19,1,21,1,1,1,8,1,1,17,10,1,1,21,1,2,1,16,1,9,1,1,1,1,1,12,14,5,12,1,1,1,13,1,8,1,1,1,9,1,1,24,1,4,1,18,15,13,15,1,5,7,1,1,1,12,1,1,16,5,1,1,14,1,1,1,11,19,1,15,16,18,16,11,41,1,13,6,13,15,15,1,1,1,154,1,19,1,1,11,19,13,1,1,1,3,12,14,1,1,70,1,12,1,17,1,6,1,1,13,11,1,23,10,41,1,1,17,12,8,1,19,1,12,13,1,12,8,1,1,3,1,1,1,1,1,1,16,1,1,24,1,1,14,1,10,10,16,1,11,1,1,1,12,13,14,5,12,6,1,1,1,1,1,14,7,18,21,1,2,10,7,13,14,1,1,1,7,1,1,25,5,1,1,1,18,19,1,1,12,19,11,16,1,18,9,12,10,10,1,1,2,1,5,14,14,1,3659,8,1,7,14,1,13,11,8,12,1,9,1,1,11,1,8,12,5,410,1,16,12,24,1,8,14,12,11,15,22,1,1,13,1,13,14,22,10,12,16,12,21,1,1,11,11,1,1,1,15,11,1,10,1,1,14,11,1,9,16,1,1,1,1,1,1,11,22,1,17,3,22,10,12,16,1,26,1,14,1,1,1,23,1,1,1,22,80,1,6,15,1,1,1,15,1,12,1,9,1,1,2,34,1,12,1,5,1,11,10,14,1,15,1,18,1,9,15,14,3,2,1,20,1,1,16,1,8,1,1,1,1,9,1,1,1,1,1,1,1,13,1,7,1,1,16,1,1,13,1,1,1,4,1,1,1,1,2,1,13,1,17,1,25,11,1,17,3,2,25,1,9,24,8,2,13,1,12,1,9,2,8,15,10,1,13,1,1,1,1,1,7,13,8,1,10,7,17,18,7,1,1,6,7,1,12,13,11,1,1,1,18,1,2,14,1,7,12,8,11,1,1,1,8,1,18,1,1,13,1,1,13,3,1,1,1,1,8,1,10,1,19,2,1,1,1,1,1,31,14,19,12,9,18,18,1,12,1,14,14,11,1,17,1,17,5,1,9,14,1,1,1,1,1,1,12,1,1,12,2,1,1,1,15,8,1,1,7,1,1,1,17,15,1,1,11,1,13,1,1,10,7,1,1,1,6,15,10,1,11,12,1,12,7,1,1,12,1,1,1,10,10,1,1,9,15,1,1,17,1,31,15,6,1,1,1,11,5,1,14,12,38,1,1,14,1,1,1,19,2,12,14,18,7,11,18,1,15,11,70,1,1,6,1,2,12,9,1,19,17,20,1,1,13,1,1,11,16,9,1,1,1,11,4,13,1,16,13,1,1,1,9,1,11,1,12,9,1,1,11,7,6,3,1,1,33,1,11,21,50,1,6,1,14,9,9,1,13,16,20,11,1,1,23,10,1,31,1,16,8,1,1,12,1,1,5,17,1,230,12,18,18,16,15,11,13,15,1,18,1,66,16,1,1,8,11,12,13,2,1,13,5,1,1,29,13,1,27,5,1,23,1,14,2,1,1,14,2,1,13,9,58,23,1,6,1,1,6,14,1,13,13,1,15,1,1,1,17,1,5,1,12,1,1,1,1,1,14,1,1,1,20,4,1,1,3,1,11,1,12,1,14,1,8,1,1,1,1,8,1,7,17,20,1,12,1,22,1,7,1,8,1,1,14,7,1,1,15,14,15,11,1,87,8,18,10,1,10,21,1,8,9,1,9,17,11,1,1,13,11,25,13,9,10,1,10,1,4,1,11,1,1,1,8,6,6,1,5,14,1,14,1,1,15,14,1,1,1,9,5,13,1,10,1,1,11,1,1,8,10,1,20,15,7,17,1,16,10,1,1,12,1,1,12,1,1,13,1,20,1,14,12,1,1,16,17,1,9,1,1,1,1,1,1,1,12,9,8,1,1,1,1,1,19,1,1,1,1,1,11,10,1,13,11,1,1,1,41,5,1,1,1,1,25,1,23,15,16,18,1,1,8,15,1,14,9,1,1,1,17,9,9,3,14,9,9,1,2,14,1,13,1,1,1,8,13,15,12,17,1,6,2,16,1,1,1,16,14,10,10,1,1,11,15,10,1,8,1,1,1,14,10,1,1,1,14,6,1,12,12,71,7,9,18,1,1,1,1,1,1,8,4,1,12,6,3,1,1,1,14,17,12,9,1,10,15,1,11,1,12,10,1,9,1,7,1,1,10,1,1,1,1,1,1,9,217,1,1,1,1,16,11,10,21,1,16,1,1,5,13,2,12,1,1,17,13,1,10,1,1,1,9,10,1,1,5,16,19,1,1,1,34,18,13,1,1,28,1,12,1,3,1,8,1,10,14,1,14,125,14,13,1,1,16,2,1,1,18,1,1,13,1,12,57,6,15,1,11,14,1,1,19,17,1,1,10,15,12,5,1,1,1,1,8,1,1,1,5,13,1,18,2,28,1,16,7,16,1,1,1,22,1,1,1,1,1,1,1,1,14,16,1,1,1,1,3,2,1,1,17,1,1,14,1,1,16,32,12,1,1,7,1,1,18,1,2,1,3,8,16,1,11,1,18,12,8,1,12,12,1,1,1,5,1,1,17,38,13,18,1,2,4,10,1,1,10,5,3,15,1,1,1,1,21,6,1,9,1,1,1,1,1,20,3,1,1,1,11,1,1,18,3,1,12,10,1,9,13,1,1,1,12,1,15,10,1,1,1,1,1,21,1,1,16,5,2,1,1,8,7,11,13,7,1,11,15,1,7,4,1,1,1,11,1,1,1,1,70,1,1,14,20,9,1,9,17,18,11,20,21,1,14,7,1,9,21,12,11,5,1,1,1,16,16,14,1,9,2,1,1,1,6,3,6,11,1,10,11,6,10,9,1,1,1,11,1,1,13,10,13,9,1,1,21,16,1,1,1,16,1,11,13,1,4,15,9,1,12,1,4,1,15,6,11,17,1,1,1,1,14,9,1,26,1,1,15,6,15,7,1,1,8,11,10,1,12,1,13,2,1,1,1,1,17,24,1,1,1,1,7,1,1,17,9,1,1,9,18,20,1,1,5,1,1,7,15,15,1,1,13,1,13,1,12,23,13,11,1,2,13,1,1,1,1,11,12,1,2,1,9,1,77,5,13,1,1,1,1,1,1,19,1,1,15,16,18,1,1,1,9,1,1,12,5,16,1,13,12,1,1,11,13,17,9,1,20,8,1,6,6,26,7,2,13,1,1,12,1,1,9,1,17,1,1,1,13,4,1,28,5,1,1,1,1,1,9,1,11,1,13,7,8,1,1,20,16,1,1,23,20,9,1,58,1,13,4,3,1,10,8,1,28,1,1,1,2,1,1,12,1,10,1,16,25,14,13,7,15,14,55,9,1,1,24,1,10,16,1,1,6,1,1,13,7,2,1,15,6,15,1,7,9,18,1,18,1,52,1,1,1,1,1,5,1,1,14,1,7,1,7,1,1,1,1,1,1,1,1,17,2,2,1,14,1,2,5,14,19,12,17,8,10,1,1,13,56,10,6,27,16,14,1,1,19,1,1,20,15,17,6,17,8,1,25,1,12,1,1,7,6,10,5,10,16,9,9,13,1,1,1,1,8,1,1,1,2,1,1,1,12,9,1,15,1,1,1,12,12,1,1,8,1,1,1,1,4,1,52,1,1,10,6,12,1,10,14,8,1,8,1,26,4,1,1,1,12,1,77,11,20,9,17,11,1,10,1,13,1,8,10,15,1,23,4,18,2,19,1,13,20,1,1,9,1,1,13,1,9,16,1,1,15,12,14,19,1,19,1,1,1,1,1,1,1,1,1,14,1,1,1,14,1,12,1,1,9,14,1,6,1,14,10,23,1,1,1,1,1,1,9,1,17,20,1,14,1,1,15,1,11,17,80,7,1,6,60,18,1,15,14,14,1,1,1,11,1,1,9,1,2,1,1,12,14,3,24,1,15,1,1,15,4,9,16,1,1,1,1,1,10,1,11,1,7,1,1,1,17,14,60,12,1,10,1,12,12,20,1,1,1,28,4,1,1,1,16,1,4,1,16,9,11,11,1,1,1,1,1,15,1,14,15,9,15,5,12,1,1,10,1,17,17,1,14,1,1,1,24,1,9,1,1,1,9,17,1,1,10,11,1,1,1,66,1,7,2,1,1,1,1,1,13,5,26,12,11,9,1,1,1,9,10,8,1,1,4,15,5,6,1,9,12,9,18,14,26,4,1,1,1,8,19,12,1,13,1,1,1,1,13,11,1,17,16,1,1,13,1,17,1,10,1,1,4,21,1,7,1,1,1,1,14,18,1,20,14,11,1,12,1,3,16,16,24,72,1,32,1,450,1,1,15,1,1,1,1,1,10,10,2,1,1,11,3,1,45,3,1,21,3,18,12,1,1,9,30,12,14,1,1,1,6,1,15,1,12,1,1,1,1,10,12,1,1,1,10,19,1,1,1,1,10,16,9,12,20,1,6,2,13,1,1,1,15,1,1,1,1,1,1,11,24,1,1,1,1,1,1,1,10,1,2,1,15,1,13,14,1,1,11,1,17,9,8,1,1,11,1,11,2,11,8,8,1,1,1,1,10,1,30,1,1,18,13,2,1,8,5,64,17,19,14,10,17,20,11,32,1,1,1,1,21,1,1,10,1,1,25,1,1,14,7,16,15,19,33,4,7,1,1,3,1,1,10,12,15,1,9,11,1,1,3,8,1,15,13,1,1,6,2,2,15,1,32,18,1,1,16,1,15,6,3,1,12,1,8,19,1,57,2,23,1,1,7,11,16,1,1,11,1,8,11,1,1,1,9,10,1,12,12,16,12,1,11,1,1,12,1,10,1,1,7,11,14,1,3,2,1,12,13,16,14,13,15,1,14,14,1,1,13,14,1,1,1,26,1,1,10,1,15,12,23,1,14,8,13,12,1,7,1,1,1,28,1,5,1,7,18,1,1,10,4,1,11,1,1,1,1,60,11,1,14,1,16,1,5,10,1,10,1,3,1,14,1,7,6,1,6,16,10,1,1,10,10,1,1,1,10,1,2,9,1,3,11,14,1,1,1,7,10,1,9,1,8,26,11,1,1,1,21,92,94,114,11,1,11,1,21,10,1,1,1,15,1,1,6,16,1,2,4,1,12,16,1,1,1,1,1,30,1,8,9,1,1,1,1,18,1,1,11,16,1,16,9,1,1,1,1,2,1,1,1,1,12,1,1,1,3304,20,21,1,2,1,8,1,1,6,2,6,8,1,1,17,1,1,11,2,23,1,13,1,2,11,17,5,13,16,10,1,1,1,1,12,186,1,1,11,1,1,1,12,16,15,9,10,16,1,1,1,1,1,9,5,3,11,21,15,13,26,1,1,3,2,1,7,1,9,1,1,1,1,8,1,1,14,17,1,15,1,1,14,1,11,1,1,18,24,1,1,1,10,1,1,1,1,1,9,1,30,10,18,1,10,11,13,1,1,1,1,1,14,1,13,1,1,1,13,12,1,16,1,1,1,1,4,1,1,11,14,9,10,1,13,11,1,4,1,13,1,1,12,1,9,3,1,18,1,18,1,1,2,19,1,1,1,1,1,1,1,1,1,6,1,12,8,1,15,13,16,17,1,16,1,22,2,1,1,1,1,14,1,16,12,8,1,1,11,1,1,15,15,13,1,1,12,2,15,7,1,16,8,10,1,1,1,20,15,1,21,19,20,9,1,14,1,13,21,1,1,1,1,12,1,11,19,49,11,13,16,22,1,1,5,11,17,1,34,12,1,1,2,2,13,11,38,1,1,1,11,1,9,15,1,1,7,1,13,1,12,10,1,3,98,12,9,1,1,18,1,1,1,7,1,13,2,2,1,1,1,1,1,9,20,10,14,1,13,9,10,7,16,7,3,1,14,11,1,1,9,1,15,1,14,13,12,1,9,1,9,18,14,1,2,6,1,1,1,15,15,1,13,1,10,1,15,1,11,19,38,1,1,3,1,9,1,3,1,1,4,10,17,23,18,1,1,4,10,11,1,1,7,1,1,14,10,8,9,1,1,1,1,1,25,13,1,1,15,15,12,12,1,16,1,16,12,1,1,1,14,1,1,8,9,12,16,14,1,9,1,1,1,2,1,16,14,1,1,20,1,1,1,13,11,7,24,1,1,12,16,13,21,14,9,1,1,27,1,1,6,13,101,10,1,8,1,11,1,11,13,8,23,2,14,1,31,11,1,5,11,12,9,1,6,8,14,1,1,1,16,1,1,20,15,1,2,9,12,13,7,15,12,1,1,14,12,1,18,11,1,1,13,13,1,1,2,1,1,31,1,7,1,9,12,1,6,14,1,17,7,1,12,6,9,1,1,13,21,1,1,1,9,16,12,6,2,1,8,1,12,13,10,10,1,1,14,16,5,13,11,9,1,1,19,5,1,10,1,1,1,9,1,8,12,15,19,1,1,1,11,4,1,8,105,203,17,1,10,1,1,18,1,15,1,1,1,1,52,1,11,1,12,17,6,11,1,12,1,10,14,1,10,15,27,1,1,1,1,10,27,1,18,1,17,12,1,1,11,1,15,18,1,6,1,6,1,121,18,1,15,16,9,1,1,1,1,1,9,17,10,15,8,1,27,17,1,1,1,1,1,1,9,1,11,1,17,1,1,1,1,13,14,1,20,1,11,22,8,10,19,14,11,1,9,17,14,1,1,1,1,11,1,1,1,1,1,1,1,1,16,1,14,7,1,23,20,13,9,15,22,8,1,1,1,12,6,1,5,14,1,1,1,1,1,13,16,19,11,1,1,1,1,1,1,1,5,1,1,15,1,13,6,1,20,1,9,1,1,1,1,12,11,1,15,4,1,14,1,25,26,15,8,1,1,1,4,5,1,1,25,10,1,10,1,1,8,1,13,1,1,16,22,7,12,16,16,14,1,1,16,15,11,10,1,19,1,1,1,7,14,16,11,137,1,1,1,27,1,1,1,1,16,1,13,7,1,1,1,18,8,10,10,1,1,1,13,1,14,8,1,1,16,1,1,11,1,16,8,1,7,1,19,1,12,4,14,18,1,14,1,1,1,1,1,1,1,15,2,1,1,7,1,1,6,9,6,2,1,1,1,16,16,1,11,2,8,66,10,11,9,1,5,18,1,9,9,1,6,1,3,9,12,32,1,1,1,1,10,1,1,1,1,1,14,1,9,4,1,9,37,1,1,15,11,1,1,7,1,9,1,1,1,1,12,4,1,1,1,15,1,1,1,15,12,1,13,18,1,4,8,1,1,1,1,1,32,1,26,1,11,1,4,5,9,1,1,1,1,9,1,16,25,18,1,1,32,10,14,35,8,1,1,18,1,23,1,1,1,12,16,1,1,14,1,7,8,10,12,1,2,10,16,1,1,1,13,16,1,10,7,9,1,1,1,1,13,16,14,2,15,1,1,13,17,2,1,20,7,8,1,1,1,1,6,37,1,1,19,1,1,1,20,12,1,1,1,1,1,1,1,1,1,1,7,14,19,11,1,1,5,15,21,13,1,11,1,67,16,15,1,40,10,6,1,7,14,11,1,1,1,1,13,7,14,1,1,8,12,6,1,1,9,5,17,17,11,15,86,7,15,15,1,1,1,1,1,1,1,1,1,6,10,17,17,1,17,50,1,4,1,1,16,1,12,16,12,1,6,23,7,1,1,47,1,1,1,22,17,10,17,1,17,1,1,10,20,1,8,3,10,14,8,25,1,2,12,1,1,11,9,1,1,1,8,1,11,1,1,2,31,1,11,16,14,9,9,10,8,5,1,3,1,15,1,1,12,1,1,1,17,12,1,1,5,10,1,17,10,1,11,1,1,20,8,12,13,1,14,1,1,10,14,1,10,17,11,6,1,1,9,1,1,1,2,23,2,1,1,1,1,1,9,1,1,15,11,15,1,6,8,1,11,1,11,9,9,1,13,9,1,2,1,1,19,1,1,1,8,1,4,1,15,14,10,88,1,14,1,1,1,1,9,16,1,12,1,2,1,10,13,1,1,14,8,1,18,64,8,10,1,9,15,115,1,1,1,1,1,3,17,1,1,8,23,1,1,1,9,4,1,4,1,1,11,6,16,11,1,15,1,11,15,11,1,14,3,1,1,3,1,1,1,63,19,12,1,1,1,6,1,9,1,1,1,13,9,1,1,1,1,27,19,1,1,8,1,15,1,7,1,1,7,1,1,13,16,1,1,1,1,1,10,1,4,19,6,11,1,1,17,11,1,1,10,16,1,1,15,7,2,1,9,8,1,1,1,1,1,14,1,9,1,1,1,11,10,14,1,1,1,1,1,1,1,1,1,1,28,16,1,11,1,1,14,1,17,1,1,1,1,12,11,9,1,1,70,1,2,8,1,1,17,13,1,1,1,1,9,1,1,16,1,8,2,11,1,15,15,1,1,13,1,1,9,10,18,9,1,7,1,1,1,28,2,1,1,9,1,1,10,1,8,7,11,17,16,1,1,1,18,7,1,92,18,11,68,13,9,7,16,1,13,1,22,9,1,16,11,16,28,1,1,1,6,12,9,15,15,1,9,39,1,8,1,1,1,20,16,6,10,9,1,13,1,1,23,36,1,17,1,1,1,10,1,9,8,1,1,7,13,9,1,159,1,6,1,9,75,13,1,1,1,16,1,12,5,11,1,1,5,1,17,17,2,10,4,13,1,3,1,1,1,16,16,14,1,1,1,1,14,14,16,1,1,11,1,1,12,1,2,15,18,17,1,8,1,1,1,1,1,1,14,1,1,10,15,4,1,13,1,1,1,1,15,1,19,10,15,10,10,1,8,1,1,1,20,13,11,157,14,10,1,1,1,16,1,1,7,1,1,1,21,1,1,1,9,13,5,31,1,16,24,1,1,11,1,2,17,1,1,2,1,4,1,1,1,1,9,1,17,1,12,1,10,6,1,1,21,11,3,13,19,1,1,1,1,13,46,1,1,1,1,8,18,1,15,14,21,13,1,7,13,14,6,5,1,1,1,1,1,1,11,11,1,19,1,1,11,14,12,1,1,11,1,14,1,1,1,12,1,4,3,10,1,8,21,31,1,10,11,1,6,1,17,1,1,5,10,15,1,1,1,1,1,1,9,1,13,1,1,1,1,11,1,1,14,17,1,15,15,19,1,10,12,9,20,7,8,1,1,22,1,12,10,1,131,8,1,1,1,11,1,11,1,1,1,1,15,24,10,10,23,13,4,1,14,12,16,1,1,1,1,10,22,1,10,6,21,15,19,10,16,11,11,1,1,16,1,10,1,1,1,1,2,1,15,1,1,11,7,1,1,9,1,14,20,96,1,1,1,15,1,12,46,1,1,10,1,1,1,16,1,11,1,16,11,12,1,1,15,13,1,1,14,14,3,12,5,9,3,15,1,8,2,1,15,1,14,6,12,13,8,22,4,1,14,13,9,1,14,13,11,16,1,1,1,10,1,1,9,12,1,1,13,1,1,9,12,9,1,1,1,13,1,1,1,1,1,19,1,14,1,80,14,1,19,1,1,1,1,7,9,6,1,1,11,48,25,14,16,2,22,12,1,9,1,1,1,10,12,1,5,12,1,12,7,1,21,18,1,1,1,16,18,1,1,1,1,1,1,10,20,12,7,11,8,1,14,13,1,1,9,1,1,1,1,18,27,1,1,1,13,10,12,1,1,16,9,14,1,111,6,1,1,1,1,1,1,12,21,12,12,1,18,13,26,1,1,1,20,1,9,1,1,1,1,15,1,16,30,1,1,12,12,10,1,14,9,5,8,21,1,14,23,10,1,1,12,11,1,1,12,24,5,1,1,5,1,1,1,15,1,1,1,6,1,1,1,1,1,8,1,45,2,1,8,1,6,8,7,6,1,1,4,18,1,1,1,1,8,15,16,1,1,9,1,3,12,3,1,10,6,15,17,12,5,26,9,10,1,3,1,1,9,11,32,22,36,18,15,2,4,2,2,1,1,1,8,11,1,13,1,20,11,1,21,1,15,14,9,10,18,1,1,21,5,28,1,5,1,1,17,56,13,13,1,22,1,10,12,10,11,1,1,1,22,15,3,12,14,1,16,1,1,13,7,1,1,9,1,7,1,12,1,18,19,14,1,1,15,12,1,9,3,1,1,11,1,1,98,22,13,7,1,19,11,16,1,1,1,1,1,1,1,1,1,1,16,1,1,1,1,1,1,10,19,3,1,9,1,1,1,8,3,12,2,2,1,13,9,15,1,10,17,23,17,7,1,11,9,13,1,47,1,19,13,17,13,6,13,1,23,10,1,1,1,1,1,19,13,1,1,1,1,4,1,4,5,1,1,22,8,1,20,3,1,1,1,1,1,15,9,19,20,21,1,1,5,5,1,1,11,10,8,1,1,6,12,1,11,12,13,1,16,1,13,4,17,1,13,1,10,1,1,1,10,1,17,1,15,8,11,2,36,10,1,1,17,1,1,1,1,12,1,4,8,1,9,1,21,1,1,13,1,18,11,1,12,20,1,1,19,1,1,1,1,14,1,1,1,2,1,1,1,1,1,65,1,11,1,1,4,13,9,10,13,1,1,2,2,6,1,1,1,1,10,7,1,8,18,1,17,2,1,5,2,14,17,18,2,1,1,9,15,20,1,1,14,7,11,12,1,1,1,9,1,14,1,1,15,1,1,1,89,11,1,1,19,1,17,1,16,15,1,1,15,12,13,1,1,32,1,1,9,26,1,18,7,1,18,27,1,13,1,16,16,1,13,18,1,1,6,1,1,8,19,1,1,4,15,1,18,33,1,1,1,8,14,4,1,1,1,16,13,8,1,14,1,18,1,1,1,18,12,1,8,10,11,9,1,1,1,9,1,9,11,1,14,5,13,1,1,12,1,1,1,1,18,1,14,98,1,4,7,19,5,11,21,15,1,11,12,1,15,1,13,3,1,1,9,22,1,1,33,8,1,13,15,12,11,17,1,18,13,7,5,10,72,1,1,1,1,7,1,2,12,170,1,13,4,19,1,1,1,12,12,16,4,1,94,1,12,3,4,14,6,1,2,15,18,1,1,1,1,1,10,1,1,89,1,1,1,17,1,1,14,28,8,1,1,1,15,1,13,16,12,1,1,12,1,1,12,1,1,11,12,1,2,18,1,21,1,1,9,1,17,8,1,1,1,1,8,2,13,15,1,1,1,23,1,1,1,17,18,1,6,1,1,1,1,15,16,22,8,15,11,14,1,1,10,16,1,1,1,10,2,15,17,1,1,9,6,5,14,1,8,3,1,16,15,1,1,1,7,1,9,1,21,1,1,1,20,1,16,10,1,9,6,1,11,109,1,1,17,1,12,10,106,8,1,1,1,9,1,13,12,1,1,15,1,14,11,1,11,1,1,14,1,14,10,9,1,22,17,1,1,7,9,1,12,11,17,15,17,9,14,1,12,1,1,1,1,10,1,1,14,1,14,17,1,14,1,1,2,10,1,12,8,14,1,1,12,1,7,1,5,9,16,1,12,1,11,1,6,13,11,1,1,13,10,10,7,15,7,9,11,12,4,1,1,1,7,2,4,1,1,1,20,22,1,1,2,12,8,1,1,14,11,17,13,1,1,2,18,7,9,1,2,10,10,6,1,11,1,1,1,11,9,1,1,1,18,16,1,1,10,1,8,14,9,11,1,1,1,14,1,9,1,4,12,1,8,1,1,12,1,1,16,1,1,1,7,1,1,2,14,18,8,1,1,1,1,14,26,7,1,15,1,13,15,1,19,1,1,16,1,2,1,1,1,1,14,10,2,1,36,49,1,10,12,13,11,19,8,9,1,11,1,18,1,1,1,1,1,12,13,5,22,1,1,15,14,18,137,1,10,18,107,1,8,7,11,1,7,15,6,1,1,12,1,1,14,19,1,9,1,1,1,1,2,14,12,7,19,8,20,1,1,1,11,1,1,1,1,8,1,24,1,1,1,1,1,1,1,11,24,276,11,13,1,16,1,15,41,12,12,20,1,13,11,1,1,1,13,16,1,17,19,21,1,10,8,1,11,1,1,13,1,1,8,1,1,14,10,1,1,15,1,1,18,21,20,14,1,1,7,15,1,18,10,10,1,1,1,1,1,1,1,14,1,1,1,31,1,10,17,1,9,10,1,1,1,1,1,10,1,9,15,15,31,17,11,1,6,1,1,1,15,1,8,1,1,1,1,1,1,14,19,17,1,14,7,1,13,7,1,1,17,1,13,12,1,1,19,15,9,14,9,15,1,13,1,1,6,3,16,16,16,17,2,1,11,1,15,16,15,18,10,10,1,1,1,7,1,14,1,1,1,1,14,1,1,8,1,7,13,2,11,15,13,1,27,1,1,20,14,1,35,20,1,13,1,1,22,1,10,1,8,7,17,1,1,1,13,17,15,1,5,12,1,1,1,1,1,1,14,19,1451,6,1,14,2,12,1,7,13,10,18,1,1,16,11,1,16,1,22,12,9,1,13,1,1,2,1,2,1,1,1,1,1,1,11,8,11,10,1,1,1,5,1,1,11,1,1,16,23,12,19,101,9,1,1,1,16,11,1,1,1,55,5,14,15,16,1,1,10,19,19,1,1,10,9,1,21,12,1,16,8,1,1,1,1,1,20,8,2,1,11,1,6,1,3,21,15,1,1,13,15,12,1,1,1,1,1,1,11,15,17,9,1,1,1,1,1,23,83,10,12,1,1,13,1,21,9,1,18,1,1,1,3,71,7,15,1,1,1,12,7,1,18,12,16,1,137,1,1,21,1,1,1,9,1,1,7,9,1,1,2,6,11,1,2,8,14,1,10,10,14,1,1,1,10,1,14,13,1,14,1,5,10,1,13,19,15,7,2,10,2,4,15,11,17,32,1,1,13,13,1,1,17,5,1,1,1,14,14,1,13,1,12,1,1,18,1,1,1,1,1,14,25,12,10,15,5,1,1,14,18,7,1,1,1,12,17,1,1,12,5,1,18,1,1,1,15,1,1,1,4,14,1,19,1,9,1,1,16,1,2,23,1,4,6,1,1,12,14,1,9,1,1,1,1,1,1,13,1,1,1,22,1,1,8,13,1,1,1,9,1,1,1,8,17,16,26,1,1,1,6,1,1,1,12,13,1,14,3,14,1,1,7,10,1,1,1,15,1,1,1,12,84,11,13,1,1,10,1,1,1,18,12,1,1,15,20,1,18,2,1,13,9,1,15,10,2,6,5,795,1,20,1,1,18,1,13,8,9,1,20,17,21,6,1,1,9,1,1,1,1,1,1,1,1,1,11,15,1,1,14,1,1,1,13,1,14,1,1,12,6,14,7,1,8,11,1,1,21,13,21,16,6,1,10,1,1,1,1,13,1,13,4,1,6,1,13,1,5,9,1,18,1,1,10,10,12,1,1,7,13,13,1,1,1,10,10,1,13,4,9,13,10,1,1,1,42,1,1,29,1,1,13,14,9,1,19,18,11,16,2,1,18,1,8,7,11,1,8,12,12,22,1,1,1,1,13,10,3,83,8,1,1,1,17,13,1,12,11,14,1,34,1,1,1,14,8,6,1,1,20,10,18,1,1,14,1,7,1,1,13,11,13,1,10,7,1,1,2,5,6,20,10,12,11,1,13,5,1,14,10,2,16,7,1,1,1,9,17,1,9,1,11,1,8,1,15,19,1,1,17,13,1,1,11,12,1,8,20,1,21,13,1,1,1,15,35,13,13,1,13,1,20,1,19,13,15,1,1,1,1,7,1,1,1,10,12,1,1,31,8,19,13,12,18,1,7,1,17,23,5,1,12,25,11,1,10,1,451,1,12,10,1,1,14,12,8,9,18,1,1,1,21,1,16,1,1,9,8,12,10,1,12,1,1,20,7,9,29,11,9,12,10,18,1,1,6,7,14,1,1,4,10,13,7,14,1,9,8,15,15,1,5,1,1,22,12,10,28,9,12,17,17,17,1,1,1,1,1,1,22,1,13,10,9,19,17,1,1,1,8,19,9,1,1,5,1,1,1,5,29,33,8,1,1,18,12,1,16,2,2,23,1,1,1,1,13,1,12,14,1,1,1,11,28,1,12,1,12,1,5,24,1,16,1,1,12,1,1,8,1,1,1,1,1,6,20,3,1,1,5,11,25,23,1,25,1,15,1,1,15,1,1,7,1,1,1,1,1,9,15,14,1,8,1,1,1,1,11,9,1,1,16,1,1,1,1,1,17,1,7,15,13,1,27,19,1,1,1,24,9,1,1,1,22,12,1,13,1,11,1,20,13,12,1,15,105,3,1,1,11,13,1,1,1,15,1,1,1,12,7,10,1,9,10,10,14,1,1,90,19,23,1,14,16,11,16,1,1,1,19,1,10,1,2,1,20,54,19,14,1,17,33,1,13,6,1,1,1,10,21,7,15,1,7,29,2,1,16,1,17,10,1,11,1,13,14,13,1,1,1,1,20,2,13,1,13,1,1,1,1,19,1,1,1,1,12,11,1,11,1,8,16,1,1,15,30,1,7,17,1,22,21,1,17,1,1,9,1,1,1,1,13,12,1,17,1,1,1,9,1,4,18,1,1,1,1,17,7,2,14,1,8,13,1,1,23,1,1,1,1,17,1,1,2,20,14,15,1,1,1,1,1,56,1,11,12,18,1,1,25,15,13,1,1,1,16,9,1,6,7,1,1,1,1,2,14,1,1,15,1,1,1,11,1,4,2,1,72,1,1,10,1,1,1,8,12,23,1,13,16,1,1,10,18,5,16,15,8,12,1,12,1,19,1,4,1,7,6,1,7,1,4,10,1,15,13,1,1,1,1,1,1,5,12,11,8,1,15,16,1,15,15,1,1,16,1,1,3,1,12,1,54,1,1,1,1,10,8,1,1,10,1,10,22,7,1,1,1,5,8,10,1,3,1,13,7,1,1,8,15,1,2,1,1,1,1,1,17,1,18,2,19,1,1,1,7,9,10,1,1,1,18,16,1,15,15,1,1,7,1,15,20,13,1,17,6,77,7,13,13,1,1,1,14,1,1,6,12,12,11,23,2,1,1,1,1,1,15,7,93,15,13,12,16,10,1,12,1,11,5,2,2,18,1,11,14,17,24,1,1,8,1,2,1,1,1,18,9,1,11,4,1,60,1,1,1,12,1,14,14,15,12,11,1,15,1,1,1,9,1,17,5,1,10,13,8,81,1,1,10,11,1,10,1,1,11,1,11,9,1,1,130,13,1,8,1,10,1,19,1,1,6,14,16,20,12,7,1,21,70,14,7,8,2,1,1,1,13,7,1,1,1,8,3,12,1,11,1,1,1,1,1,9,9,19,11,1,22,12,1,1,11,1,12,11,19,3,1,13,982,8,1,12,1,1,1,13,1,16,8,1,1,1,16,20,1,10,1,1,5,1,1,5,1,9,1,1,1,16,1,8,1,25,1,1,14,15,1,1,1,11,1,1,1,1,8,21,74,1,14,1,1,18,3,1,1,1,19,1,39,3,9,1,98,14,8,14,1,14,1,3,9,18,11,22,1,11,11,1,11,30,1,4,15,1,15,12,1,21,1,1,1,16,20,8,1,19,1,1,1,8,10,8,17,1,13,11,2,1,12,11,1,16,6,12,7,19,13,1,13,1,11,12,1,1,25,5,6,1,1,6,1,1,21,1,1,18,13,16,1,7,1,2,1,1,1,1,1,1,10,1,1,16,7,1,9,17,1,1,2,19,7,8,14,10,2,25,16,10,1,1,5,12,19,1,1,3,1,1,22,1,11,13,1,19,2,15,12,1,16,1,1,8,14,1,1,13,1,1,4,9,14,1,10,1,17,3,5,2,1,1,18,1,11,16,2,4,1,13,12,8,13,73,18,1,12,4,12,1,11,14,10,1,10,1,1,14,10,15,17,1,10,9,36,15,5,1,12,1,1,3,27,24,1,10,1,6,4,9,1,12,16,1,1,7,1,12,1,1,1,10,1,1,1,16,8,1,8,18,1,14,21,18,11,4,11,1,1,1,12,10,1,1,1,12,1,6,17,9,11,1,27,1,5,19,26,4,1,1,11,9,1,1,13,1,9,1,13,1,1,8,12,9,1,8,1,1,1,12,1,1,1,1,12,12,1,14,19,1,6,18,1,12,1,22,1,1,15,15,17,9,1,14,13,10,2,1,26,3,1,15,14,1,7,11,1,13,1,1,10,12,1,22,1,2,1,13,1,15,15,1,1,2,20,1,5,8,17,12,1,1,9,1,1,17,1,19,1,9,12,1,1,5,12,14,1,15,1,1,1,1,31,1,12,1,16,1,8,1,1,2,1,1,16,1,22,8,15,21,12,14,4,16,5,1,1,17,1,17,1,9,1,26,19,9,1,1,1,8,12,2,3,1,12,1,15,1,8,1,7,15,1,7,4,12,16,8,1,17,17,21,11,8,1,11,3,24,5,1,1,1,1,1,1,9,16,1,1,1,12,1,1,1,9,1,1,12,11,1,1,17,9,1,13,6,15,1,14,10,1,11,1,1,1,1,1,1,1,1,1,17,1,1,1,1,10,1,14,12,1,15,1,10,5,1,1,1,3,9,10,1,44,1,1,11,1,1,1,1,1,1,12,1,1,1,1,1,1,17,10,1,9,1,10,8,11,9,15,1,1,10,2,8,1,8,1,7,4,4,1,4,8,8,1,1,9,16,1,13,474,1,18,13,2,6,20,13,14,15,1,1,13,9,9,1,1,1,3,1,12,1,9,1,1,8,8,1,14,11,14,1,16,1,13,8,1,1,11,13,1,1,1,14,11,10,1,1,1,18,7,1,1,2,9,1,1,4,12,1,9,1,7,19,1,9,10,9,1,8,15,9,1,14,16,13,21,23,11,6,5,1,9,19,1,30,14,1,1,10,1,1,17,9,15,1,14,1,1,5,1,1,1,1,3,18,1,1,17,1,1,17,25,1,1,1,19,16,11,18,15,1,1,1,23,5,12,1,6,1,18,1,12,1,19,6,1,1,29,1,36,2,1,1,6,1,12,1,18,18,1,1,32,15,1,19,1,2,1,9,12,19,1,6,12,8,10,1,23,15,11,1,21,1,1,20,1,18,1,11,1,11,11,11,1,6,11,1,2,9,1,1,1,1,1,12,1,1,4,15,1,1,11,1,9,22,4,1,10,19,1,1,1,1,1,13,11,1,1,1,1,13,1,15,1,10,11,15,17,47,1,14,1,1,2,1,12,1,2,1,15,8,15,1,8,7,19,10,16,1,1,1,1,9,1,21,1,6,22,1,12,13,1,9,22,1,9,1,1,4,16,1,1,13,16,14,1,1,3,11,13,10,1,1,8,11,1,7,14,12,1,2,1,3,4,14,7,2,1,1,9,1,1,15,10,18,1,1,1,4,1,8,1,15,14,1,1,1,1,1,1,1,10,11,1,1,7,1,11,1,1,11,1,1,12,1,18,1,1,6,10,1,5,1,9,17,14,1,1,1,1,12,9,1,1,1,1,24,10,13,1,1,1,1,3,15,1,1,1,8,1,1,11,1,10,1,1,1,1,21,20,15,11,17,14,32,1,1,1,1,1,5,1,1,1,1,6,16,12,1,1,11,6,1,13,9,1,1,1,1,10,1,16,9,14,12,1,5,25,1,1,15,13,2,1,1,12,1,1,1,1,6,8,1,26,10,12,25,1,1,8,3,1,1,1,15,23,11,11,1,1,11,1,1,10,12,17,15,14,10,1,8,12,3,8,5,1,11,13,1,6,4,13,1,1,1,1,14,1,6,1,1,1,1,3,1,18,1,5,1,11,1,15,1,1,15,6,1,11,8,12,1,14,11,1,9,1,1,1,10,1,1,5,12,3,9,10,1,1,14,1,3,1,13,9,1,1,13,10,1,1,1,17,12,1,628,13,1,20,1,1,8,1,19,1,1,17,7,1,1,13,130,71,1,9,1,8,6,54,12,10,14,19,1,20,1,7,22,16,12,1,13,12,1,10,2,1,1,1,1,1,12,4,1,1,1,15,14,1,1,1,13,9,1,1,9,21,1,1,1,14,10,4,1,1,1,10,8,1,1,8,34,9,1,1,1,1,1,22,1,1,1,1,8,7,17,4,15,6,23,11,20,1,1,1,13,1,1,8,19,1,1,12,8,20,12,1,1,1,13,7,12,1,116,1,10,1,1,1,15,1,10,21,1,16,1,1,19,13,1,23,1,6,1,15,7,12,12,1,17,1,6,1,1,13,1,1,1,1,7,1,1,11,1,1,10,1,13,1,1,6,1,8,3,17,1,19,13,6,23,7,2,12,1,1,1,1,3,1,1,1,1,14,1,1,1,1,1,5,1,1,1,1,10,12,1,1,16,1,1,10,1,16,18,1,1,1,14,1,5,10,13,9,1,1,18,1,1,1,6,1,1,1,1,9,12,21,1,6,15,1,8,14,10,1,6,1,16,23,1,3,13,11,22,1,1,1,1,18,14,1,1,1,1,10,8,5,1,14,9,1,5,1,13,15,1,18,3,1,12,16,1,11,10,1,1,1,8,13,1,13,1,13,3,3,1,22,1,4,17,1,5,8,1,1,1,13,20,1,9,1,1,1,12,7,5,17,1,1,1,14,1,13,14,9,1,14,1,1,15,15,1,4,1,1,1,1,10,18,7,1,14,10,1,1,21,9,16,11,1,11,1,1,10,16,10,14,1,1,1,1,10,11,4,10,1,1,9,6,11,1,1,16,13,1,16,1,16,10,4,1,1,1,5,1,1,1,1,15,7,1,1,3,12,1,10,11,15,58,6,1,19,1,1,11,1,2,1,1,15,1,1,1,1,22,15,1,12,1,8,1,8,1,2,4,8,1,15,1,15,18,13,18,1,5,1,1,5,12,1,13,10,1,15,1,1,35,6,1,14,1,1,18,1,15,1,1,10,1,10,9,1,1,3,5,11,11,1,13,1,30,13,10,7,1,2,2,1,16,16,1,1,1,23,15,12,1,6,22,13,1,1,1,14,20,14,7,12,1,1,6,10,1,1,17,1,22,1,1,1,1,7,1,14,1,16,14,9,1,1,2,1,1,15,1,1,1,7,1,23,9,1,1,1,1,1,1,1,16,1,12,1,1,13,1,9,19,21,18,1,9,6,1,1,1,2,1,1,1,11,1,4,1,1,12,15,1,1,14,1,11,19,1,1,1,3,1,16,12,15,1,1,1,16,10,8,5,1,7,10,18,61,21,10,14,11,1,1,16,14,11,17,16,1,28,1,21,2,15,12,8,13,1,1,1,10,11,17,1,1,1,15,10,10,1,18,1,1,2,6,10,18,34,9,9,1,20,1,17,1,7,2,8,15,1,1,13,4,13,10,1,10,1,1,11,19,18,11,1,15,17,14,15,1,13,1,1,1,1,1,1,15,2,1,1,14,1,1,4,1,1,8,1,1,7,1,11,1,1,6,1,13,22,1,18,1,9,1,1,8,9,1,12,1,47,1,1,1,1,1,7,10,1,1,1,3,16,1,1,5,11,1,1,13,9,12,1,12,17,11,1,1,1,15,1,10,1,17,3,8,15,1,1,7,1,7,12,12,1,5,11,7,1,1,1,3,1,14,12,3,1,11,1,13,1,1,1,10,1,9,1,12,12,1,5,3,1,9,1,1,1,1,10,10,4,1,1,1,1,8,1,1,1,1,1,20,9,1,8,10,1,14,20,1,1,1,13,1,1,12,1,1,14,7,1,18,11,13,1,10,1,16,9,14,7,1,1,15,11,1,1,1,18,1,1,3,1,1,15,1,1,14,21,1,1,5,7,1,1,1,18,4,1,14,1,1,14,10,1,21,7,1,17,1,13,1,24,1,108,1,2,11,1,12,1,5,1,22,10,37,1,1,1,1,8,1,1,11,1,1,1,1,20,125,12,1,12,1,12,2,12,12,15,8,1,6,8,1,15,7,2,1,156,1,6,1,5,11,1,1,20,1,18,1,12,15,1,11,15,1,1,1,20,1,103,1,17,17,1,12,1,16,1,8,13,1,1,1,1,20,13,1,1,13,1,4,9,1,1,22,1,1,1,1,1,8,1,16,6,1,2,1,11,11,1,11,19,8,13,8,16,1,1,17,1,1,1,19,6,1,1,30,13,14,13,1,1,9,13,1,1,1,23,12,13,1,12,1,8,1,8,1,8,8,1,5,12,19,1,1,1,1,11,10,1,12,15,20,1,12,1,1,73,1,1,1,1,12,13,1,1,17,1,1,8,8,1,14,1,12,5,6,11,1,13,1,5,1,12,11,12,1,1,13,13,13,6,11,14,1,5,1,19,1,104,18,17,4,12,12,3,12,8,11,1,13,11,16,1,21,13,14,17,12,10,1,9,232,2,1,15,1,1,1,8,13,1,11,1,7,18,11,1,1,1,11,7,1,1,1,1,6,1,1,9,18,12,12,16,15,1,1,1,24,2,1,7,14,1,20,1,24,16,1,1,1,18,7,10,11,25,1,4,1,1,1,5,12,1,1,1,1,1,1,1,21,14,9,1,11,1,8,7,13,1,1,1,2,1,1,1,1,1,15,11,1,10,1,10,3,5,1,1,1,13,2,1,7,1,20,1,11,1,21,1,1,1,19,3,2225,14,8,19,1,1,8,31,12,1,1,26,1,16,1,2,1,1,7,1,8,9,5,16,19,16,11,13,7,21,1,1,1,8,1,7,1,53,23,1,1,11,15,16,1,1,11,2,1,7,11,5,11,1,1,6,12,13,1,9,20,1,8,17,1,16,1,5,12,16,1,12,1,1,1,1,1,1,10,12,15,9,17,1,1,1,8,14,16,1,1,10,1,1,1,1,1,1,17,1,4,9,1,4,1,1,1,14,1,11,8,21,2,1,61,1,15,12,16,1,14,1,1,1,1,1,1,1,21,13,1,1,1,1,23,1,1,1,1,1,16,1,1,1,6,16,13,8,4,1,1,10,10,1,1,14,14,14,1,13,16,8,35,14,1,1,13,1,1,14,5,1,1,8,1,14,1,1,13,11,12,8,2,10,1,11,1,14,1,1,7,1,1,8,10,1,5,1,1,2,1,4,8,8,14,1,1,7,2,1,1,1,13,49,14,15,1,1,1,1,1,9,11,18,12,1,18,1,22,15,1,10,12,8,12,1,7,12,9,1,4,1,6,1,15,84,1,1,13,17,1,1,19,1,1,17,13,14,1,6,1,12,13,23,14,14,8,1,2,1,10,1,1,11,15,8,1,1,1,1,1,1,11,1,5,15,1,4,13,1,1,7,16,6,12,1,9,8,1,9,1,35,11,1,10,1,1,9,39,14,16,1,1,1,14,1,1,1,1,8,1,4,1,11,1,1,8,17,3,1,11,18,1,15,9,17,17,1,1,14,1,13,1,2,16,1,23,3,7,1,21,18,12,1,1,1,1,16,10,18,15,14,5,1,103,1,20,10,20,1,5,16,13,1,7,1,1,10,1,7,1,3,1,1,12,1,1,12,2,11,15,5,1,4,1,1,1,1,12,1,1,12,10,15,10,1,1,1,15,5,6,1,1,1,14,1,22,1,19,1,14,1,12,1,1,3,1,12,16,1,17,1,16,1,1,10,19,6,12,13,1,2,1,1,1,2,24,1,1,1,8,19,11,8,18,8,8,1,1,14,1,1,20,1,25,1,14,1,9,1,2,1,1,1,83,1,16,8,10,1,1,1,1,13,1,22,1,1,1,6,7,1,12,1,16,20,1,14,1,1,7,1,10,10,4,1,1,13,17,1,1,2,12,1,12,1,10,33,1,10,9,1,13,18,1,11,1,18,13,18,12,1,1,1,1,1,1,1,9,14,9,1,2,1,1,19,20,1,24,1,9,9,1,1,1,4,7,1,7,1,1,1,12,9,19,10,22,1,1,1,1,11,1,13,1,8,23,1,1,1,1,1,1,11,1,2,18,1,2,1,1,7,1,14,12,1,11,1,15,1,11,10,1,1,15,14,12,2,1,1,1,12,14,1,1,1,11,1,1,18,98,17,1,1,17,1,1,15,1,11,1,14,1,11,7,10,16,14,1,10,3,13,1,1,8,1,1,5,1,17,15,12,16,1,1,11,1,11,13,3,1,1,12,1,1,10,6,1,1,1,1,1,1,14,10,1,1,1,1,5,20,1,1,1,1,1,8,2,1,9,18,1,1,1,1,1,1,8,8,1,23,17,11,1,6,1,1,1,1,16,1,10,1,14,2,24,1,1,12,1,12,7,1,14,1,6,1,9,1,1,1,11,1,1,1,9,1,5,14,1,1,1,14,1,1,1,1,13,1,1,32,11,12,7,17,1,15,5,101,1,9,13,17,13,1,1,13,8,1,15,19,1,19,1,1,11,1,12,1,26,1,1,11,23,1,1,1,12,1,1,1,1,1,10,10,1,11,15,1,98,14,25,1,5,11,22,1,13,1,1,11,13,15,1,6,1,4,1,1,9,13,1,1,1,13,21,1,14,1,11,8,10,10,23,16,20,2,1,16,1,10,12,9,1,1,7,17,5,17,1,9,14,10,11,16,19,17,1,4,1,9,6,1,11,10,1,1,10,7,8,16,11,1,14,1,12,11,1,12,15,1,12,1,96,10,1,20,10,1,10,1,1,11,1,11,12,9,1,1,9,1,1,1,35,2,16,1,5,1,220,15,1,24,13,1,46,1,1,10,5,12,15,15,1,15,3,12,1,9,16,1,2,1,1,10,15,13,11,1,1,14,1,15,1,9,1,1,10,16,1,12,1,1,1,30,1,1,1,13,7,10,8,16,8,13,11,23,7,12,10,11,1,4,9,9,6,16,18,1,1,5,3,12,1,1,1,17,1,1,8,15,12,1,5,20,14,1,14,1,11,1,39,1,1,1,14,9,1,17,19,66,7,1,1,9,14,17,1,12,1,1,11,21,1,1,1,14,16,21,17,1,7,11,8,22,1,15,8,1,1,1,14,1,13,8,18,10,28,1,2,1,10,20,1,1,16,6,107,4,8,1,1,18,8,9,1,1,1,1,1,1,12,8,1,1,16,1,18,8,12,8,1,23,6,10,10,11,13,1,1,1,1,13,19,13,1,1,1,1,80,22,1,1,1,1,13,8,2,1,21,12,1,18,1,1,10,1,1,1,11,13,4,23,12,1,11,6,13,1,1,10,1,12,9,1,1,1,12,17,7,12,1,1,11,2,1,1,1,8,19,72,1,1,13,13,17,1,1,1,1,1,13,102,1,1,5,1,1,4,11,6,71,1,4,1,9,39,12,15,1,1,1,1,7,1,16,1,1,16,10,21,1,10,10,14,1,1,9,20,1,1,16,3,1,4,7,18,11,1,11,10,64,1,1,1,1,17,10,1,6,1,1,1,1,9,1,21,7,1,1,14,9,9,1,1,1,1,38,19,16,1,2,14,1,19,9,1,1,11,8,1,1,2,27,1,10,9,8,9,1,8,14,1,1,1,1,1,1,1,11,10,21,1,18,14,1,1,14,7,1,10,17,15,11,8,14,11,1,18,6,9,8,1,8,1,1,5,13,4,1,11,15,1,1,1,24,51,15,1,1,1,8,1,14,1,1,12,15,1,13,17,1,1,1,1,1,6,2,5,24,6,1,1,10,10,1,16,1,1,8,11,2,9,9,11,1,1,14,1,1,18,10,5,6,1,24,10,1,8,1,1,10,1,1,13,24,1,2,10,1,1,1,15,11,2,15,1,11,1,11,1,1,8,10,17,18,7,14,10,1,14,2,1,12,14,1,10,1,15,1,4,3,15,1,11,21,1,6,1,13,8,24,13,5,1,15,1,17,1,1,1,1,1,11,1,15,1,108,1,1,16,1,1,1,1,1,8,1,1,12,1,1,18,1,15,1,15,1,1,8,1,1,1,1,17,6,1,10,1,1,2,1,1,1,8,10,1,1,1,29,1,1,1,12,8,1,17,1,1,11,13,9,16,8,4,15,13,1,7,1,1,22,12,10,1,17,24,19,11,1,13,13,15,10,3,1,16,13,15,1,8,1,1,12,3,11,1,3,1,5,1,14,22,20,16,44,1,1,1,1,1,15,11,1,8,14,3,13,2,1,12,9,1,1,9,1,1,83,8,10,19,1,16,22,18,12,1,6,8,1,1,20,12,5,1,16,18,1,11,1,11,1,1,10,1,1,1,11,7,1,1,10,6,1,10,2,1,1,21,1,1,14,1,17,1,1,1,8,9,19,13,29,1,10,1,1,12,1,9,1,16,1,18,6,1,21,9,1,15,8,1,6,1,12,16,10,9,8,17,24,11,13,1,6,10,3,19,1,5,1,10,9,9,16,15,1,12,1,1,8,10,1,1,11,24,1,1,9,1,1,1,1,1,1,5,18,11,1,14,9,11,18,15,10,1,1,8,1,1,1,1,2,1,1,1,16,18,14,19,7,18,5,17,21,1,1,1,1,9,9,1,20,16,1,19,1,8,1,1,1,1,1,1,1,12,14,9,12,10,1,1,19,19,13,1,1,6,1,1,10,12,14,1,1,14,17,9,1,11,15,13,6,7,1,1,13,1,1,16,1,1,6,98,11,8,14,3,10,1,1,11,13,21,1,1,13,5,8,1,9,1,1,4,1,1,7,1,1,10,1,1,1,1,11,11,1,4,1,20,5,22,28,1,1,23,1,1,23,11,13,1,1,12,15,10,17,1,9,14,20,1,1,1,16,16,1,9,6,21,14,1,1,16,8,1,1,11,1,10,19,1,15,1,1,14,10,12,1,1,1,7,16,20,1,1,7,16,10,1,1,14,1,1,16,1,23,1,1,3,1,7,1,1,4,1,1,1,16,11,1,15,14,1,1,14,12,1,21,12,1,12,6,9,13,10,9,1,16,1,1,10,7,8,13,21,1,1,12,1,1,1,14,9,21,1,1,1,12,1,15,1,12,19,1,1,12,12,1,1,19,13,20,1,1,21,8,1,1,1,12,1,1,1,1,10,1,1,1,1,12,14,1,15,1,11,1,12,1,13,4,6,1,15,12,1,6,2,12,15,12,2,19,12,1,15,1,1,1,1,14,18,1,11,9,1,11,1,1,10,1,1,13,13,1,14,13,15,7,13,9,2,16,1,10,1,1,11,1,10,3,14,1,7,1,1,5,1,12,15,1,36,1,1,1,10,7,1,1,1,11,8,19,1,1,1,1,1,1,10,15,1,15,12,15,1,4,10,4,16,11,13,9,1,1,20,1,15,1,1,1,19,1,9,21,1,1,6,13,3,8,12,12,1,5,12,1,1,1,2,8,1,14,1,1,12,11,5,8,20,1,22,13,3,11,21,13,2,1,14,19,10,1,1,9,8,1,18,11,1,18,30,1,10,8,11,1,11,1,1,1,7,1,12,7,7,18,1,19,4,28,9,6,9,15,1,1,1,1,1,1,1,1,14,12,11,12,1,14,1,1,17,1,12,1,15,1,1,19,1,1,12,1,15,8,1,10,1,19,38,11,1,1,480,15,1,9,12,1,21,381,8,1,1,1,9,1,1,13,22,10,6,1,15,1,1,13,10,9,6,1,1,1,433,1,6,1,15,5,1,13,1,1,52,1,17,1,1,5,10,1,1,15,13,17,11,1,17,1,1,10,1,1,1,9,1,1,16,1,7,5,3,4,15,8,17,17,10,10,13,1,10,14,1,6,8,17,1,10,15,1,1,1,15,1,1,20,1,1,1,1,9,7,11,1,1,10,33,6,1,19,1,18,1,1,1,1,1,1,2,1,27,1,1,15,15,6,1,1,1,14,3,11,1,25,16,1,1,1,1,22,14,11,10,1,1,1,1,1,156,16,16,17,10,1,1,11,9,20,1,10,14,11,18,1,2,23,14,12,1,12,1,1,1,1,1,10,8,9,11,14,12,5,1,1,1,19,17,6,18,18,7,9,1,13,1,10,1,9,13,10,27,1,1,1,1,1,6,18,4,3,1,1,13,11,1,11,16,1,5,9,2,5,1,1,1,1,1,10,1,13,11,15,10,1,1,13,17,1,1,1,19,58,1,14,12,18,11,1,1,8,9,1,1,1,15,12,1,1,1,1,1,1,5,1,9,10,1,20,1,15,1,1,1,1,1,1,1,1,14,1,16,1,9,1,507,1,17,5,145,11,1,1,4,1,9,1,1,13,16,13,5,13,12,10,1,1,17,15,20,1,1,1,13,25,11,15,12,42,1,9,14,19,18,9,1,13,2,1,8,8,1,1,1,13,10,1,13,16,1,13,1,1,1,1,1,1,1,1,9,12,7,1,11,2,1,1,13,1,1,12,16,1,1,1,13,1,12,12,1,1,22,9,1,1,16,1,21,1,1,1,1,12,1,16,1,2,17,6,26,9,1,1,17,1,1,6,1,11,1,17,10,12,1,15,23,1,1,1,1,1,1,1,1,1,10,1,1,9,46,10,33,19,1,1,1,15,11,13,11,1,1,9,1,17,1,1,112,1,2,1,13,1,13,13,2,28,1,1,11,1,19,1,13,1,11,43,6,1,1,3,1,1,1,1,18,2,9,12,9,1,7,1,1,1,1,21,16,12,3,5,1,7,12,1,1,1,1,1,12,15,5,1,13,15,7,9,1,17,6,10,1,12,12,1,1,1,17,14,1,24,1,1,1,12,21,1,9,1,3,1,20,18,13,4,7,15,12,8,11,1,1,11,10,14,11,1,14,14,1,17,15,12,19,1,1,2,10,1,1,1,15,1,1,9,1,7,4,1,1,13,10,1,1,1,1,1,1,1,1,13,1,16,1,17,1,1,1,11,24,1,1,1,1,14,22,18,8,1,8,18,1,25,10,1,1,1,1,10,1,2,12,10,1,2,19,55,14,1,1,15,1,1,1,33,10,1,21,1,1,1,3,1,12,1,10,9,12,17,11,1,15,1,1,16,1,1,14,1,20,1,1,5,2,1,1,14,7,18,1,1,12,1,5,6,13,1,24,19,12,15,1,1,1,23,1,11,1,11,1,21,12,17,1,2,1,10,14,15,1,1,71,5,11,1,1,1,1,1,1,1,11,32,12,15,13,1,15,20,17,6,1,1,9,14,8,3,8,10,12,1,1,9,1,10,9,1,8,1,1,1,13,8,13,1,1,1,14,1,1,1,1,13,1,1,11,11,1,7,1,13,117,14,6,11,1,8,19,7,11,1,1,13,108,10,9,1,1,12,2,16,8,13,11,11,1,1,1,1,18,16,13,1,15,1,10,1,1,1,1,18,1,1,11,11,9,1,1,1,1,1,7,1,24,11,1,14,14,1,18,17,1,16,13,1,1,1,1,9,1,28,21,1,16,1,7,1,1,1,1,12,1,1,1,1,14,9,1,16,1,1,15,1,1,1,1,1,1,16,1,11,18,16,14,1,15,8,1,11,1,1,1,1,1,1,1,1,27,19,10,1,4,1,19,1,10,13,1,7,12,15,1,17,11,2,1,5,16,1,1,13,1,12,1,20,7,6,10,1,1,43,10,15,6,15,1,1,5,1,4,1,18,22,1,1,1,1,1,1041,10,1,10,1,1,9,8,1,13,6,13,1,1,1,1,1,15,2,1,85,16,14,28,6,12,1,15,10,1,9,12,1,1,1,1,90,1,1,8,1,1,18,11,15,1,1,12,18,109,15,1,1,13,13,1,1,1,19,9,1,14,6,5,1,5,1,1,11,1,44,1,9,14,1,11,11,1,1,23,14,1,11,1,17,7,163,4,6,12,2,21,14,5,13,1,1,2,1,1,1,9,2,10,12,7,11,1,1,1,11,1,10,1,1,1,18,1,1,1,2,9,14,1,6,16,19,1,1,10,1,1,1,15,10,17,1,16,10,13,16,1,10,12,10,1,12,1,1,1,1,12,1,12,6,13,1,1,3,4,1,10,1,1,1,1,11,9,1,6,37,6,20,1,28,19,3,15,17,7,14,10,1,1,18,1,13,18,1,6,10,14,1,1,1,11,1,13,12,8,1,14,1,4,13,23,1,16,6,1,16,1,1,1,8,13,1,17,1,1,6,16,14,6,1,10,1,17,1,27,1,14,11,11,22,4,1,1,14,12,1,2,1,1,1,1,1,11,11,4,30,1,1,12,14,12,1,2,1,9,11,1,1,12,1,21,1,1,1,1,1,96,1,12,1,1,13,7,1,18,2,12,10,1,15,7,20,9,1,1,1,1,9,1,1,20,1,1,5,16,1,1,7,1,22,1,9,1,12,2,1,1,12,1,1,1,1,4,20,1,8,15,13,13,21,1,10,16,1,14,1,17,6,1,1,10,7,10,13,1,9,12,1,24,1,1,1,1,1,1,10,1,11,1,11,1,22,20,1,1,9,6,1,13,1,9,12,16,14,14,1,10,21,13,42,11,1,1,1,5,12,1,1,104,12,1,1,1,14,15,1,1,1,16,18,1,1,1,1,1,1,9,1,10,4,1,1,7,16,7,1,16,1,18,1,1,8,1,9,17,1,1,17,1,15,11,6,1,1,16,1,1,25,13,13,9,4,1,1,1,1,2,1,12,12,10,1,13,26,1,1,19,11,13,50,1,1,12,1,1,1,1,1,17,20,1,22,1,2,1,17,1,1,17,1,1,15,11,8,1,1,21,6,17,12,1,96,1,1,12,9,6,47,1,1,15,15,15,1,17,1,12,17,1,6,3,14,1,1,28,6,2,1,1,8,11,1,2,92,9,1,16,10,1,1,1,1,1,15,14,1,1,12,1,1,1,1,21,6,1,1,14,22,1,1,1,1,14,10,16,1,12,12,1,2,11,1,1,1,4,1,1,16,7,3,1,1,15,10,12,1,4,1,10,1,1,1,16,1,13,12,10,13,9,1,1,8,1,1,17,1,1,8,18,16,8,20,1,20,17,1,1,20,1,11,1,1,18,1,8,10,10,11,1,11,1,9,1,8,1,23,13,1,13,7,1,15,1,1,11,12,1,11,1,1,9,1,1,11,9,1,17,17,16,1,14,17,1,6,3,1,18,1,15,14,1,1,12,1,9,4,12,7,1,1,3,12,8,23,7,1,1,11,13,13,1,1,1,1,1,1,15,15,2,7,11,1,40,1,1,1,14,20,20,5,14,12,5,6,19,10,13,4,15,1,1,1,1,1,8,1,1,1,11,1,1,10,10,30,7,1,2,8,9,23,11,1,3,4,1,1,10,23,1,5,15,12,11,1,1,1,1,1,15,1,1,1,23,33,1,18,8,13,7,1,1,10,15,1,1,8,13,1,11,9,12,1,14,4,1,1,1,4,33,1,1,14,5,9,1,6,15,1,19,20,9,11,2,5,11,18,1,9,13,13,17,1,1,16,8,13,1,12,1,1,8,14,12,6,1,1,11,1,1,1,1,7,1,1,1,1,18,12,1,1,1,14,10,21,19,2,13,1,15,31,5,1,10,1,11,1,1,1,1,1,1,15,1,6,11,1,27,12,13,1,9,8,1,1,9,12,5,26,1,12,1,13,10,89,12,1,1,14,18,1,9,6,14,21,1,14,10,1,15,1,1,1,1,1,15,10,11,1,1,1,1,17,12,1,1,1,1,10,1,12,7,6,1,11,14,1,1,1,1,17,17,1,1,1,3,13,17,1,1,12,20,12,1,1,11,1,6,2,3,20,6,1,1,1,13,1,1,1,17,1,10,14,24,1,14,1,19,1,1,1,1,1,8,10,1,18,1,1,1,2,13,1,1,1,1,1,1,1,7,11,1,10,1,1,10,11,13,1,14,13,1,1,1,17,18,1,1,1,11,1,8,11,3,21,1,12,1,6,2,21,34,1,1,12,1,1,1,1,13,1,21,21,18,14,13,16,1,1,9,1,1,34,1,1,8,14,21,3,12,1,1,1,1,1,1,19,1,25,1,10,7,1,1,13,1,17,1,61,1,1,18,1,11,28,9,12,1,1,21,1,17,1,15,3,10,6,1,20,1,15,1,12,1,20,1,5,1,21,14,1,1,7,1,8,19,14,1,1,1,1,8,78,15,1,1,1,1,8,12,6,1,6,1,9,14,1,11,1,1,11,5,11,16,22,14,1,1,1,1,17,15,1,2,9,5,8,5,1,1,1,26,1,1,8,1,1,13,8,29,8,1,12,1,8,10,19,10,1,1,23,1,11,1,1,18,1,16,1,11,12,1,1,1,1,1,1,1,1,16,1,1,4,1,2,3,1,11,1,1,10,1,1,13,1,11,14,1,7,1,8,1,1,1,10,1,12,1,35,19,1,18,1,25,1,1,1,11,2,16,1,6,12,12,8,1,1,1,12,13,7,2,3,69,1,8,1,2,13,1,1,16,17,1,1,1,8,16,1,21,8,14,1,13,16,1,14,1,9,26,1,1,17,1,16,1,1,1,1,119,1,16,1,1,1,10,14,16,1,20,24,1,14,13,16,19,13,8,22,14,1,1,8,1,1,1,1,1,1,11,2,12,13,1,1,1,1,10,6,1,1,1,17,22,12,15,14,10,1,1,14,1,1,1,11,1,1,1,1,13,8,1,15,1,14,1,9,1,2,12,1,16,12,12,16,1,1,1,1,10,1,1,11,1,1,1,16,1,14,1,14,1,1,1,1,1,2,1,10,1,1,7,16,1,1,93,12,7,17,14,1,10,22,7,1,8,1,16,20,6,12,1,1,4,17,1,1,1,1,1,20,21,5,6,1,49,14,10,1,9,1,9,1,1,1,10,16,12,1,1,6,17,1,17,1,1,21,1,286,1,1,1,6,2,7,1,1,10,1,1,10,16,1,1,3,1,1,23,13,34,2,12,1,2,1,9,4,1,1,1,13,1,14,1,1,17,1,15,1,1,1,15,11,1,2,15,1,1,1,13,35,1,11,3,10,1,11,8,3,1,1,14,11,1,1,22,7,1,1,1,20,1,1,12,1,6,1,15,1,7,9,1,1,1,10,1,18,8,10,16,1,1,1,12,1,1,1,14,1,16,1,1,11,1,14,3,1,6,18,8,8,1,4,9,17,17,1,1,1,1,1,10,14,1,13,14,11,16,1,1,1,1,18,23,9,1,18,1,12,6,1,1,13,8,24,1,1,34,14,3,15,9,1,1,1,6,17,2,1,14,1,14,1,4,1,5,4,20,10,1,1,12,16,1,8,11,11,8,2,1,1,1,10,1,12,1,1,1,81,18,1,9,1,1,16,70,16,16,1,1,12,49,23,14,7,11,12,1,10,1,1,1,8,1,12,11,1,20,1,1,15,2,8,1,1,13,11,13,1,1,12,2,15,1,7,1,1,12,1,1,1,9,1,9,5,17,12,1,9,1,10,1,1,1,1,1,11,11,21,6,16,1,12,8,1,1,1,17,1,8,13,13,1,1,1,18,1,10,1,8,1,13,14,1,15,5,8,1,1,1,9,11,37,1,1,13,5,15,7,8,1,1,1,1,1,5,3,14,1,12,8,10,10,1,12,8,14,15,10,6,18,1,11,1,10,117,1,1,1,1,10,1,1,1,8,11,9,1,6,1,12,1,20,14,1,18,9,14,13,20,1,1,1,25,16,7,1,1,1,10,1,1,1,1,16,1,1,1,1,1,7,1,2,10,6,1,2,16,11,8,8,1,14,13,1,1,9,1,1,5,23,1,1,1,14,9,1,7,6,1,1,13,13,1,1,1,17,9,1,1,7,7,16,1,309,1,1,7,12,10,3,5,12,1,17,1,6,1,1,1,14,1,14,1,20,1,1,1,16,6,19,18,15,1,1,2,12,1,11,10,1,1,14,1,13,16,8,11,15,15,1,1,1,1,11,1,20,1,1,21,1,1,13,33,1,17,13,1,14,15,1,1,1,1,1,8,1,39,1,9,1,4,8,1,1,10,11,22,18,19,5,1,1,8,13,8,1,10,23,1,11,1,7,1,11,1,1,18,21,9,1,1,2,14,8,15,10,1,1,16,1,13,11,1,8,16,9,2,1,2,12,21,7,1,13,14,1,12,16,1,6,9,28,12,6,1,1,6,15,1,6,9,20,1,16,22,7,12,9,11,1,16,1,5,1,1,1,10,8,16,1,10,1,1,1560,11,1,1,10,8,1,17,1,16,1,8,11,15,1,1,14,1,20,14,6,17,1,1,20,1,1,10,6,10,1,9,14,19,8,1,4,1,19,1,12,8,13,1,1,26,1,1,1,1,16,1,1,10,13,1,1,1,1,1,1,13,1,12,1,1,1,12,1,9,1,1,18,1,11,24,13,14,1,1,1,9,1,8,1,1,1,1,10,14,1,1,14,1,4,19,1,1,1,5,10,9,1,1,1,1,10,1,19,1,1,6,1,12,8,1,9,11,14,7,1,1,1,10,1,1,1,1,1,1,16,22,1,1,1,2,12,17,1,1,35,1,1,11,9,15,1,22,1,23,1,14,1,46,1,1,1,1,1,7,7,1,1,14,1,1,13,1,1,8,1,1,1,7,1,10,1,1,1,11,10,1,4,1,15,11,158,1,21,1,1,12,1,1,1,8,1,10,8,11,1,10,1,1,1,1,1,1,1,1,18,1,14,1,1,2,1,1,1,18,1,1,10,10,1,8,23,12,14,11,1,1,1,10,1,7,9,10,1,1,1,1,1,8,8,1,13,1,1,1,17,9,1,1,12,17,20,1,61,11,1,1,12,14,16,14,16,7,17,11,1,1,16,1,1,10,7,13,1,16,5,1,14,1,1,1,21,12,1,6,16,45,16,5,21,1,1,1,12,6,1,1,13,1,10,1,1,1,1,13,7,1,11,10,9,8,1,8,1,1,8,4,1,85,14,15,7,28,1,8,12,1,1,8,1,1,102,1,10,1,17,14,1,11,17,1,1,1,1,13,1,2,16,1,9,1,11,8,13,9,15,9,14,10,1,1,10,1,16,1,1,16,1,1,1,10,11,14,1,1,1,1,1,16,4,1,1,1,3,1,1,1,10,2,15,6,15,1,19,14,1,1,13,13,1,14,1,1,13,13,12,1,8,1,1,1,1,11,12,1,1,8,1,1,11,12,13,1,22,1,10,13,82,12,1,1,1,1,11,1,1,1,1,1,1,16,1,1,17,1,5,4,11,9,82,1,1,1,15,1,1,1,9,1,1,8,9,16,1,1,9,1,1,11,4,4,34,5,1,16,1,1,1,1,1,1,12,20,1,1,4,13,6,1,1,1,1,8,1,12,1,1,2,1,2,1,29,1,1,18,9,6,12,18,1,3,1,14,20,1,10,15,22,1,13,15,9,19,1,16,10,6,1,1,11,1,8,1,1,72,8,1,1,5,18,1,1,16,10,11,7,17,1,2,10,16,1,88,15,11,1,7,1,7,1,14,1,1,12,69,1,1,19,11,1,12,1,1,1,8,3,9,13,34,17,5,1,10,59,2,15,17,14,1,1,1,1,12,9,16,20,12,1,1,2,1,5,15,7,14,1,1,1,14,1,14,1,16,22,12,11,13,8,1,1,1,7,11,1,12,1,13,1,5,1,1,18,1,1,13,1,13,11,17,1,10,1,17,10,1,13,19,3,1,1,13,1,4,17,18,14,1,7,63,1,11,15,13,1,1,13,1,1,11,13,1,1,5,1,1,14,1,13,1,1,1,1,16,7,10,17,1,1,17,1,17,1,10,12,12,1,1,1,1,2,6,14,1,7,13,16,10,1,2,1,5,12,1,12,1,1,217,1,5,1,1,1,9,9,1,1,1,16,10,13,7,15,1,1,10,80,8,10,1,12,1,7,16,6,1,1,10,1,19,90,1,12,13,1,1,9,1,1,1,6,13,8,1,18,2,1,1,15,1,1,6,21,5,1,1,1,13,8,1,2,1,80,7,15,1,3,7,9,17,10,4,1,1,1,1,1,15,14,18,1,1,1,11,1,7,5,1,1,1,16,14,1,1,11,6,1,20,1,14,1,1,1,16,1,10,10,11,11,15,16,6,18,15,16,1,1,11,1,9,21,1,8,34,1,1,1,10,4,1,14,1,12,8,8,1,1,12,1,1,1,1,6,1,9,1,15,8,1,1,16,11,1,15,1,1,1,13,10,1,1,12,10,9,1,17,1,1,1,46,1,2,13,16,1,1,10,1,6,1,18,31,17,17,1,3,1,16,7,1,18,1,17,1,22,1,1,6,11,10,13,1,20,7,12,1,1,4,1,1,1,1,9,1,10,10,1,5,13,1,1,20,22,8,1,20,1,9,15,12,5,8,13,17,4,1,1,1,19,11,14,11,1,1,24,15,9,18,9,1,5,1,9,16,9,1,9,19,10,4,2,13,1,1,13,9,11,1,17,1,2,5,1,8,4,1,13,1,1,1,14,10,1,9,6,13,18,19,18,21,10,21,1,1,8,1,10,1,20,15,1,28,10,13,2,8,10,10,1,10,1,1,9,12,1,1,1,1,18,22,1,14,1,12,1,1,8,15,21,27,1,1,6,1,8,13,1,1,2,15,10,1,13,19,1,7,9,1,34,1,11,9,7,12,1,13,9,1,39,1,1,1,15,11,12,1,8,15,14,18,10,14,1,1,12,83,20,1,10,7,1,1,16,1,11,1,12,12,13,8,1,1,1,1,1,1,1,1,13,1,1,1,9,19,2,13,1,1,1,88,1,13,1,1,2,1,18,23,12,4,1,13,13,8,9,1,15,16,6,8,1,1,18,1,7,1,1,1,17,7,11,9,14,14,14,11,29,10,1,4,1,9,1,1,13,1,2,15,1,1,12,15,3,7,2,1,1,6,1,1,1,14,15,16,1,1,1,1,1,21,1,17,12,19,12,20,1,10,1,1,1,1,14,1,10,21,1,1,10,20,1,4,2,10,1,1,13,1,10,1,16,11,13,1,26,8,1,12,13,1,1,1,9,1,17,13,7,12,1,1,15,1,1,1,10,13,12,11,1,1,1,1,1,20,14,1,1,1,12,3,15,13,1,11,9,1,1,3,4,17,1,12,1,1,17,1,10,16,6,1,12,5,1,1,14,24,25,15,1,1,1,1,17,11,1,11,1,16,2,2,1,1,10,1,1,12,10,11,11,1,1,1,38,9,1,1,11,24,17,1,8,18,11,8,8,12,1,7,1,1,1,4,11,1,18,1,1,1,1,9,11,1,9,5,17,1,1,1,5,1,20,14,9,10,11,31,11,1,15,2,10,1,18,9,1,1,23,1,7,1,22,18,1,1,19,16,1,11,14,1,1,1,34,1,10,1,10,10,11,12,10,18,1,15,8,1,1,1,12,1,31,11,7,1,15,10,13,26,14,14,14,1,1,11,1,39,12,1,6,1,12,1,16,11,19,1,1,8,14,1,1,1,1,13,13,1,14,1,1,11,6,1,1,1,1,14,8,8,7,20,5,11,7,1,11,1,5,7,10,1,1,1,21,9,5,141,13,1,2,2,1,15,10,11,11,13,1,1,1,14,1,1,23,15,1,11,13,24,1,7,1,15,1,15,15,1,20,11,4,14,10,16,15,1,1,9,1,21,5,11,7,14,4,15,35,1,9,1,1,15,12,1,1,1,18,1,27,8,15,13,1,15,13,1,8,1,1,3,14,1,17,1,1,1,1,10,1,1,1,1,7,9,1,1,1,1,1,1,10,12,1,16,1,1,13,9,11,1,1,1,1,9,20,12,1,1,1,1,1,6,1,1,10,19,12,20,6,15,10,1,13,14,8,13,1,8,1,1,14,1,11,1,1,12,1,11,6,1,1,1,1,14,20,15,1,33,1,1,19,1,9,14,1,1,1,1,7,12,23,11,1,15,1,31,19,1,9,1,1,1,8,20,17,16,14,12,12,1,2,12,2,1,12,1,1,9,1,1,1,3,1,14,6,88,8,13,17,13,8,15,20,11,18,2,9,19,19,5,1,20,1,1,5,16,19,30,4,1,1,1,1,12,11,1,1,1,61,6,9,10,17,1,9,9,7,1,9,1,18,1,1,1,8,7,6,1,16,15,1,15,14,1,1,1,15,6,1,1,13,12,1,1,15,13,12,11,1,3,1,9,12,1,1,1,1,1,1,1,1,2,1,12,7,12,11,1,1,3,14,23,17,11,1,20,1,15,8,15,11,1,16,1,2,12,8,1,1,1,1,4,1,1,6,9,1,14,1,1,11,9,1,1,1,39,1,1,8,15,5,1,1,1,8,9,1,1,17,4,1,15,17,1,14,12,1,11,1,1,1,15,1,1,1,13,1,1,1,6,11,1,3,1,17,17,15,9,17,13,7,1,22,1,1,6,12,13,1,1,1,16,10,1,12,1,16,1,12,38,15,1,15,12,21,1,10,14,11,15,14,1,27,1,1,23,1,1,1,1,1,1,1,4,9,1,20,1,4,8,9,1,2,1,15,9,5,18,28,1,1,7,1,1,1,3,1,14,1,1,1,1,10,1,5,23,14,7,1,1,1,10,1,2,1,12,2,1,13,18,1,1,9,16,6,1,10,1,13,1,13,14,14,15,12,2,1,11,1,23,1,1,11,103,14,1,20,1,18,14,17,2,14,1,4,1,4,13,1,1,9,9,1,24,4,9,1,12,21,1,1,10,1,2,1,2,9,1,1,1,6,2,1,1,22,7,12,11,17,16,1,10,1,1,11,1,1,8,46,1,20,46,6,9,1,1,7,1,1,10,1,10,1,1,8,1,1,1,1,14,1,1,1,7,13,6,13,17,47,17,7,7,1,1,1,15,14,11,1,1,1,6,1,17,10,13,12,19,6,1,1,22,1,10,1,14,1,4,5,1,16,11,16,1,1,1,1,1,4,16,2,9,1,18,2,1,7,4,1,12,17,7,1,4,10,17,1,10,1,1,1,1,11,1,9,1,8,11,21,18,15,1,1,23,24,1,10,10,13,10,19,1,10,8,11,15,37,1,10,11,15,6,1,17,21,3,1,1,13,23,15,1,16,15,1,5,1,1,7,1,11,1,1,1,8,10,1,2,1,12,1,1,1,1,13,5,1,15,14,18,13,1,9,1,1,8,2,1,1,1,1,1,8,1,19,19,1,17,1,18,1,1,1,1,1,1,1,1,14,71,1,2,1,1,1,27,14,1,1,15,7,12,1,26,8,14,1,1,1,1,1,1,1,1,1,6,14,2,1,7,1,1,1,17,1,17,1,1,9,13,15,13,24,1,11,10,16,9,1,12,11,15,1,11,10,26,14,1,2,1,15,1,1,12,8,12,1,15,7,1,18,1,4,2,13,25,1,1,34,14,12,15,5,1,11,12,1,12,16,32,2,14,9,10,18,9,9,1,14,1,11,17,1,29,1,6,11,1,14,12,1,1,12,2,1,27,1,1,6,1,1,9,8,1,14,12,1,1,1,19,11,2,13,1,16,1,19,1,1,1,20,12,1,1,16,1,10,1,14,11,20,1,1,17,1,1,8,1,1,1,1,1,1,1,21,12,1,14,1,18,1,1,1,1,10,17,12,12,22,1,1,7,1,16,10,11,1,1,9,1,1,7,1,8,18,1,22,1,18,12,17,1,16,7,13,1,12,1,9,1,9,1,23,17,14,18,1,11,14,7,9,1,13,1,1,24,18,1,6,11,1,1,1,14,1,2,1,13,1,1,1,1,8,1,7,6,1,1,18,5,1,19,1,1,15,1,1,17,1,1,1,13,1,35,1,1,1,12,1,1,11,23,1,1,84,12,1,1,6,1,15,7,1,1,11,1,1,1,1,13,1,1,9,12,11,10,15,6,10,9,1,12,1,1,14,1,13,14,5,9,11,4,11,12,15,1,1,1,12,8,11,1,8,1,7,1,9,2,8,20,1,8,1,15,1,1,1,19,1,1,1,1,1,21,1,8,14,18,12,8,1,460,1,1,2,13,1,3,1,1,5,1,1,1,1,1,9,1,1,18,19,1,1,13,10,1,11,11,1,1,19,9,13,2,1,10,1,1,1,2,17,1,7,1,9,1,1,1,1,1,7,1,1,12,12,1,1,28,1,10,1,1,1,30,1,1,10,1,1,15,18,19,1,9,2,11,13,11,16,1,6,14,1,6,10,11,1,1,12,1,9,13,1,1,1,1,17,14,1,15,1,1,17,1,2,17,9,19,1,8,21,1,13,1,18,14,6,16,22,1,12,1,1,10,18,2,1,18,1,1,1,1,9,13,2,1,1,1,1,10,17,17,1,9,9,1,11,8,1,1,1,17,1,1,15,19,1,8,1,9,13,13,5,1,11,1,14,1,25,1,13,1,1,1,1,2,1,1,13,15,9,15,11,1,17,1,5,12,1,10,9,24,1,1,1,1,1,1,16,12,14,1,1,1,1,1,13,13,1,9,19,7,11,13,7,19,11,1,1,13,8,15,1,1,23,1,22,18,1,11,1,9,6,13,1,9,1,1,83,1,9,9,1,1,6,19,13,1,1,1,13,1,16,14,2,1,9,16,1,1,1,1,1,1,1,271,6,7,15,16,15,1,1,9,1,7,1,13,1,1,11,1,1,21,16,1,1,3,40,1,12,1,1,1,10,1,1,21,1,2,9,1,1,11,8,1,3,1,16,1,22,2,11,8,10,1,1,1,108,1,1,1,10,1,1,17,10,1,13,1,9,18,11,1,1,14,9,21,12,1,2,1,15,1,1,23,2,18,1,1,12,1,1,1,1,55,15,24,1,1,17,8,1,9,17,15,1,1,1,17,1,1,6,1,1,7,1,8,1,5,10,2,13,15,1,13,1,1,10,1,1,1,12,1,15,15,1,13,36,8,1,29,1,14,1,1,1,1,1,22,1,15,1,6,1,18,11,9,9,1,1,1,1,1,1,8,15,1,1,15,18,1,13,1,1,22,1,1,13,11,12,1,1,1,1,14,1,1,1,11,1,9,10,1,1,3,26,1,1,1,11,12,13,17,4,1,3,4,1,7,1,1,1,1,1,17,28,1,1,97,1,9,14,16,1,1,8,1,12,10,1,15,67,12,11,1,15,1,11,1,1,9,2,7,16,11,1,13,19,1,14,16,1,6,8,15,1,1,1,1,1,11,1,1,8,1,1,1,1,15,12,1,1,17,10,13,28,15,22,11,1,1,8,1,1,1,23,1,1,21,1,1,9,1,1,1,10,10,10,1,1,1,1,9,10,12,1,1,1,1,1,1,1,20,13,1,1,21,26,14,9,1,13,11,1,1,5,1,14,11,1,16,1,14,16,1,14,1,9,1,1,1,15,9,19,1,10,1,1,1,12,7,1,1,15,2,15,7,1,1,1,1,1,6,13,24,1,14,1,5,18,1,1,6,5,1,1,10,1,1,1,1,1,22,10,1,12,1,11,6,13,4,11,8,7,19,8,1,7,8,1,1,1,9,9,18,7,1,1,12,1,11,1,16,1,1,1,1,2,9,10,1,12,1,1,1,16,18,1,1,17,1,1,1,1,1,18,1,1,2,1,12,1,18,4,2,7,1,18,9,1,1,1,1,9,2,1,12,30,1,1,1,10,5,1,1,1,1,1,20,1,1,1,11,9,2,2,1,17,1,9,15,19,1,1,15,1,1,14,1,14,1,1,14,14,7,1,18,11,2,16,6,5,11,1,13,11,15,1,1,10,1,1,8,2,1,1,1,14,16,6,1,1,13,4,2,21,10,1,13,13,12,1,10,5,19,1,1,1,1,1,5,1,22,1,13,11,7,1,2,1,10,1,4,1,1,1,2,2,3,3,1,14,22,19,14,7,1,15,1,9,1,16,12,1,1,8,1,1,1,14,1,11,15,16,1,1,9,3,1,11,1,11,1,1,3,22,2,1,1,1,1,1,1,1,1,11,1,2,1,18,5,1,1,17,14,1,9,12,14,5,16,1,14,1,1,1,1,16,1,1,9,1,1,2,9,26,1,1,12,14,1,8,13,16,29,1,17,18,22,1,1,20,1,1,1,1,12,13,1,12,1,1,13,1,1,20,1,129,15,1,9,12,13,1,8,1,1,1,6,10,1,9,1,1,1,11,9,1,15,9,1,15,1,1,16,11,20,20,18,1,14,1,5,10,11,1,14,8,10,5,1,19,23,9,15,11,21,1,11,15,2,20,23,18,1,1,18,1,1,15,5,18,1,1,23,1,1,7,10,1,1,11,238,1,1,1,1,1,14,1,1,17,1,1,1,1,15,18,1,1,1,1,1,10,1,12,6,2,1,1,9,1,1,1,13,1,11,10,10,1,1,82,12,106,16,8,1,1,16,8,1,1,1,12,10,1,1,1,1,3,16,11,13,17,1,5,1,1,11,10,1,2,10,1,16,12,8,1,23,1,1,12,16,16,11,16,1,1,11,2,13,1,1,15,10,8,21,1,5,1,16,1,1,1,92,62,1,1,14,10,13,1,1,7,1,8,1,1,22,23,1,1,1,1,1,11,1,1,19,1,2,1,1,1,1,15,1,16,11,1,17,1,1,10,9,14,19,1,1,4,1,1,6,1,7,10,1,7,1,9,9,1,1,1,14,1,18,13,1,8,1,1,1,13,14,23,1,10,17,1,107,1,1,1,12,17,9,1,1,1,1,1,18,1,1,28,1,1,9,1,1,1,13,1,1,1,2,1,1,19,1,9,21,1,1,18,1,1,1,9,10,1,16,17,1,1,25,1,13,1,1,5,1,1,1,83,1,5,1,24,1,1,1,1,1,11,16,1,1,14,14,11,2,1,7,1,12,3,1,9,2,1,1,1,6,16,9,18,1,1,1,13,11,8,1,1,1,76,18,10,12,2,1,1,1,1,2,1,1,8,8,15,5,14,10,10,19,1,1,1,19,12,1,9,5,1,1,1,16,1,1,13,16,1,8,1,1,13,2,2,11,1,6,1,1,1,17,2,7,23,1,11,11,16,1,29,10,1,8,10,1,1,1,1,1,7,1,13,1,1,15,62,1,12,10,40,9,1,1,1,1,14,2,1,2,7,14,26,12,1,23,1,1,1,6,10,6,1,1,57,13,1,12,17,1,19,8,2,10,1,11,3,1,6,2,9,18,11,1,1,13,25,15,1,7,35,1,10,1,14,15,10,1,1,15,17,1,1,11,4,16,13,15,1,16,10,20,9,6,7,5,1,1,1,1,10,1,16,8,1,7,1,1,1,1,21,1,1,9,1,6,14,1,9,10,10,14,1,1,1,4,1,1,2,15,9,11,13,19,3,1,1,1,1,9,1,5,2,21,22,1,9,19,1,1,4,2,13,1,1,1,3,11,1,1,1,8,9,1,1,7,20,1,1,1,12,1,12,18,32,1,18,12,20,8,1,7,37,9,1,1,1,7,10,1,15,9,9,1,1,1,1,7,11,22,1,31,1,17,1,1,1,11,13,1,7,1,10,1,18,1,1,12,21,24,1,1,1,1,1,19,14,12,17,1,7,1,1,12,11,15,1,13,12,2,17,1,1,1,12,1,6,25,12,14,1,9,19,9,1,14,11,1,1,1,1,7,13,1,11,18,11,1,1,13,8,1,16,1,12,9,20,17,14,15,1,1,28,1,11,8,1,15,8,18,9,1,6,1,1,1,24,1,9,11,1,44,1,17,1,1,16,12,8,16,1,1,10,14,1,8,1,5,5,15,1,13,1,15,4,1,6,18,1,11,22,2,2,10,13,12,1,17,16,16,1,16,5,1,1,1,12,1,34,1,1,9,8,5,1,1,1,1,3,6,1,1,13,86,1,1,17,1,1,182,1,12,14,13,21,4,15,14,9,13,12,11,19,1,1,7,9,1,1,15,12,9,1,10,1,13,1,5,1,20,1,13,17,16,1,12,27,1,2,6,1,1,8,1,1,5,1,2,1,5,1,1,2,9,1,9,1,16,1,1,11,14,15,17,16,10,2,1,11,1,1,1,7,14,1,103,16,1,17,1,1,64,1,1,10,1,26,11,1,2,10,1,32,23,9,1,1,1,10,6,1,3,1,1,1,1,1,1,9,1,1,15,1,10,1,16,17,2,1,13,1,1,22,1,3,10,7,15,5,1,1,1,1,4,1,5,1,14,1,13,7,9,1,7,15,3,11,1,10,17,6,26,1,10,9,9,11,1,1,7,1,1,1,13,17,1,1,12,1,1,1,1,17,39,14,1,1,12,12,32,1,13,2,1,1,8,1,28,15,10,10,8,20,17,11,1,13,1,10,13,3,1,9,1,1,18,8,11,14,9,11,9,1,19,1,1,1,13,1,1,10,1,16,1,16,5,9,14,12,14,1,15,1,6,20,1,9,11,1,7,1,15,20,15,10,1,1,1,23,3,26,1,1,16,7,17,10,1,20,12,7,1,16,1,6,1,7,1,1,1,1,1,11,1,9,1,16,6,9,2,8,1,3,5,5,1,1,1,1,1,1,1,50,1,1,4,15,13,1,1,19,1,1,9,16,1,12,15,1,2,1,1,1,1,1,25,1,2,11,1,1,2,1,19,12,5,5,15,1,13,5,1,12,13,15,1,5,10,1,18,10,1,1,9,11,17,16,17,1,1,1,8,15,11,17,10,1,1,1,1,14,1,1,1,1,10,11,18,1,1,14,1,11,1,1,13,6,1,1,16,1,1,6,19,8,1,2,18,1,1,1,16,15,1,26,1,1,18,14,1,17,15,11,6,1,1,1,13,7,1,11,1,1,26,15,1,14,12,11,10,1,11,26,8,1,10,1,6,19,1,1,1,1,6,3,7,1,5,1,19,1,10,2,1,1,12,14,4,1,1,1,1,11,14,8,10,16,1,2,1,1,12,1,4,3,16,9,1,9,2203,9,12,1,8,1,11,6,22,12,28,5,1,18,17,1,11,24,1,7,1,1,2,1,1,14,15,1,1,1,3,1,2,20,1,5,4,17,1,1,6,10,1,1,9,1,1,11,10,1,12,13,12,1,1,1,11,14,1,17,13,10,10,7,5,2,1,1,19,1,1,1,13,1,16,15,5,1,1,21,12,14,11,9,7,1,4,6,9,14,1,6,3,1,1,5,9,20,1,1,1,10,19,1,19,9,1,1,1,1,16,12,10,1,1,7,1,11,10,1,1,14,15,20,1,20,1,1,12,1,13,1,1,1,16,13,15,13,1,11,35,14,1,16,16,1,12,14,10,2,4,6,1,1,13,1,1,1,10,17,1,1,8,1,4,1,1,9,16,1,2,12,1,14,15,1,1,1,5,1,1,1,21,1,1,1,1,12,6,1,1,1,1,1,12,8,1,1,1,1,16,1,1,1,12,8,1,13,1,1,2,1,1,1,1,1,1,1,1,1,1,10,14,12,1,1,11,1,1,11,10,1,1,11,9,1,1,14,1,101,1,1,1,13,1,1,1,1,1,1,1,20,26,30,10,12,13,11,11,1,11,12,13,9,7,1,1,1,1,1,35,3,1,18,1,1,1,1,1,1,10,1,13,1,1,15,14,17,9,8,14,1,1,15,1,20,1,23,1,16,14,1,12,1,1,18,1,2,10,1,14,1,7,1,1,10,19,1,9,15,1,1,1,1,15,26,7,1,1,13,11,1,30,2,12,24,1,7,78,12,12,1,1,1,8,11,16,1,1,1,3,1,1,15,1,1,1,1,17,1,1,20,18,12,17,1,1,1,7,2,4,1,11,1,1,1,1,13,1,14,1,1,1,1,11,1,1,16,19,1,2,8,8,12,1,21,20,11,1,1,1,1,1,2,16,1,1,4,1,15,1,1,1,1,13,1,16,1,1,1,1,6,17,25,1,1,8,7,7,9,9,13,1,6,2,13,12,7,1,17,1,1,1,6,1,1,1,1,1,13,12,9,15,2,10,7,18,11,17,11,18,12,1,1,4,1,1,1,11,1,20,1,1,15,1,88,11,19,16,1,1,1,1,1,19,1,1,1,1,1,49,9,1,1,11,1,1,2,23,12,33,24,15,15,1,1,14,5,1,10,19,1,1,1,1,8,1,9,1,16,7,1,14,1,1,1,1,1,1,9,1,1,1,1,17,1,1,1,11,5,1,1,1,12,19,1,1,17,1,8,23,13,1,1,1,26,20,15,1,1,1,15,8,1,10,1,1,14,1,19,27,12,4,12,1,6,2,1,2,1,23,1,16,1,1,3,9,1,1,8,22,1,1,1,18,1,2,13,10,1,15,1,10,2,13,1,1,1,17,1,2,1,182,16,1,1,5,20,1,10,1,1,16,1,1,1,14,27,1,11,1,11,8,16,18,1,14,1,12,15,16,1,1,1,20,1,10,1,1,1,4,15,4,14,1,10,12,13,12,1,1,1,12,15,12,1,19,4,10,1,1,1,11,15,5,19,12,8,86,1,1,15,13,13,1,10,1,14,6,1,1,1,12,1,21,13,11,9,16,1,10,1,1,11,13,12,11,1,1,13,13,8,1,1,13,11,14,1,20,1,1,1,1,9,1,24,14,1,9,7,1,1,1,6,12,14,1,9,9,11,1,19,1,1,9,14,7,1,11,10,9,6,1,13,13,29,9,16,9,16,1,13,10,15,17,15,8,2,1,13,6,1,6,1,1,1,7,14,9,14,1,1,1,9,16,19,1,1,25,1,1,18,2,1,10,4,8,1,1,12,1,1,1,1,12,1,1,1,7,1,1,5,18,10,1,1,62,7,1,4,9,14,9,12,15,1,1,4,15,1,1,16,9,1,1,12,1,7,16,1,11,8,12,16,1,15,12,1,1,10,16,1,1,1,12,12,1,1,90,2,7,7,1,1,15,1,1,38,22,12,1,27,8,1,1,15,11,1,24,1,1,1,1,1,20,12,1,22,1,2,1,1,13,1,1,6,9,18,1,1,1,17,9,5,1,12,12,1,8,1,1,9,12,1,1,1,6,1,16,1,1,7,1,2,12,1,16,1,10,1,1,1,14,2,10,9,1,1,16,10,1,1,1,11,1,5,18,1,11,1,1,1,7,15,1,12,9,1,15,15,1,3,1,1,11,13,1,12,11,9,18,1,68,4,1,10,1,1,1,15,1,13,11,1,14,17,6,4,1,12,8,5,3,121,11,23,1,5,1,1,11,10,1,1,19,8,16,1,1,1,4,13,1,14,11,1,11,1,1,1,1,1,18,10,1,23,8,2,1,12,17,12,1,6,1,21,1,9,14,1,11,1,7,11,127,15,1,1,7,1,9,13,1,13,16,2,1,1,1,14,1,19,24,1,1,1,1,1,2,19,13,1,1,13,1,6,1,1,8,8,1,1,21,1,1,1,22,1,15,1,1,3,1,1,1,1,16,12,9,1,1,17,1,1,14,5,1,57,1,19,47,16,7,15,1,9,1,23,17,8,13,16,1,6,3,3,1,17,11,14,18,14,27,8,10,7,9,1,1,1,1,1,15,1,15,1,19,1,9,1,11,1,16,1,27,1,1,14,12,19,1,108,11,20,13,1,16,12,1,1,1,1,2,1,1,1,15,3,1,17,17,1,1,11,8,1,20,1,1,1,1,1,4,1,1,1,8,16,1,1,1,18,20,16,7,8,12,13,26,1,1,1,1,11,16,77,1,13,1,8,6,1,7,15,1,14,1,1,1,18,1,14,6,1,8,1,1,12,1,1,12,1,4,13,1,1,9,9,14,3,1,12,14,19,14,1,1,1,1,2,12,1,1,14,11,1,1,12,1,1,1,1,1,1,1,11,13,12,1,1,10,1,1,12,16,13,9,1,4,11,11,16,6,1,6,5,13,1,10,4,11,19,1,1,7,1,1,1,1,22,1,1,11,20,1,1,1,8,1,1,1,15,8,1,1,11,1,1,17,20,1,16,1,1,48,1,8,1,1,1,10,19,1,1,19,1,1,15,21,1,1,1,1,15,7,9,3,11,1,10,4,18,12,17,1,1,16,12,18,41,6,34,1,2,7,1,15,1,16,14,14,16,18,1,1,1,10,1,1,5,10,9,17,14,2,1,1,13,1,1,1,1,11,1,15,16,21,1,16,1,2,1,10,73,9,1,1,12,12,1,1,1,10,14,1,24,13,1,1,1,14,13,1,3,1,1,9,14,1,12,15,1,1,13,14,1,12,1,1,1,13,37,1,1,1,15,1,15,1,12,1,1,1,1,9,1,18,1,3,28,1,9,1,1,1,1,1,9,9,9,10,13,14,8,13,12,20,14,1,7,4,1,1,1,1,1,1,1,8,1,10,1,1,7,1,1,1,8,8,1,11,25,33,6,1,1,11,1,2,1,10,21,17,14,19,1,1,23,23,1,27,1,1,1,15,11,1,1,1,1,1,9,6,12,1,7,1,12,13,12,8,1,1,10,9,5,1,11,10,12,11,1,1,1,13,16,11,17,1,7,10,1,13,13,15,1,8,13,1,16,10,5,14,1,18,1,12,1,1,1,17,13,7,33,16,1,1,1,1,1,1,14,8,1,13,11,54,1,1,7,1,16,13,1,17,1,1,1,1,8,1,2,25,17,18,12,12,1,1,1,17,65,13,20,1,6,14,12,6,1,1,1,7,9,29,1,6,10,10,1,1,11,1,8,1,2,1,12,13,1,1,7,14,13,2,1,13,1,18,15,1,1,8,2,1,17,1,1,1,1,1,1,13,98,11,1,6,16,1,1,1,9,1,66,1,4,1,1,1,1,1,1,1,1,1,9,1,13,1,14,16,1,1,8,1,14,1,1,12,1,1,1,1,1,10,1,24,1,1,9,9,1,17,11,13,8,13,1,1,8,1,1,1,15,1,10,14,7,3,1,16,1,1,10,1,68,14,1,1,20,1,1,1,1,1,13,1,1,8,1,1,1,17,1,15,13,1,15,13,1,1,5,1,1,1,1,10,1,8,1,1,12,1,1,9,10,9,16,13,11,1,13,12,16,1,19,4,1,12,12,1,1,14,18,1,13,14,1,96,1,15,22,1,9,1,1,1,2,18,1,16,13,1,1,7,1,1,1,1,1,1,12,1,20,9,19,1,1,2,13,1,10,6,6,2,1,1,1,22,1,1,1,12,1,1,12,1,3,1,2,1,15,3,1,1,1,1,12,16,1,1,1,1,10,1,14,12,1,1,9,1,1,15,14,1,1,11,1,1,17,1,12,24,22,1,1,8,1,1,11,1,1,1,2,1,13,1,1,17,19,10,1,15,14,1,1,1,1,71,8,23,1,9,1,14,1,14,8,1,1,5,17,1,1,1,4,8,13,1,2,12,1,5,24,11,13,11,8,1,37,1,15,14,1,1,1,18,11,1,12,1,33,18,10,20,2,1,1,65,12,6,1,1,1,7,20,16,1,12,1,10,21,1,1,1,16,1,1,99,10,1,1,21,15,11,1,13,1,10,1,1,1,1,15,8,11,12,17,1,1,13,18,1,8,1,3,1,19,1,12,1,27,1,12,10,1,35,17,1,1,11,1,1,13,1,1,1,1,4,15,3,15,8,12,1,1,5,1,11,12,8,1,1,1,1,13,19,8,1,1,1,8,1,14,8,15,88,16,1,14,1,1,1,1,1,1,1,7,1,19,1,4,11,1,31,1,1,20,1,2,21,1,1,1,1,2,11,18,1,1,16,1,17,14,1,1,12,7,9,1,16,64,9,10,1,1,1,5,1,1,38,1,9,15,1,1,1,1,1,21,1,1,1,1,32,19,1,1,3,1,1,1,16,1,18,1,13,13,1,16,1,1,1,1,18,7,1,18,1,7,1,1,1,7,3,1,1,1,1,5,14,1,1,17,6,8,1,1,11,1,14,17,1,1,12,16,1,5,1,1,9,1,13,1,1,1,7,14,16,1,1,23,13,1,1,14,10,14,11,1,1,1,6,16,1,1,15,1,7,11,1,7,1,1,1,3,1,1,12,1,13,3,13,14,98,15,1,1,1,19,55,1,13,1,9,14,17,1,10,18,1,1,4,1,1,11,13,1,1,1,1,28,1,1,1,1,1,14,1,1,1,1,1,21,12,1,13,4,10,11,26,30,1,1,22,1,1,18,1,1,1,14,20,19,1,1,9,1,1,1,1,11,13,1,9,1,14,1,1,1,17,3,1,10,15,1,9,9,15,1,1,1,1,1,6,11,8,12,10,10,1,1,1,13,1,18,17,8,14,1,13,15,8,11,1,9,14,8,11,1,1,1,14,11,14,4,1,26,18,1,13,19,1,1,13,20,1,1,10,1,19,12,1,1,1,14,1,1,1,13,26,15,12,1,1,1,9,15,1,14,20,1,1,1,1,22,16,1,1,13,12,1,1,12,1,11,2,1,8,13,11,1,6,9,1,1,1,13,15,17,10,1,1,1,10,15,11,1,8,1,1,1,6,1,2,29,1,1,1,1,14,1,14,1,22,14,1,12,1,1,1,1,15,1,1,1,16,10,2,10,12,1,1,8,9,15,9,24,5,1,8,1,1,14,1,3,16,32,16,11,12,1,11,10,16,1,18,9,1,1,1,19,55,1,1,1,15,1,1,1,17,28,1,15,2,12,16,1,1,8,17,8,1,12,13,1,1,1,1,1,2,1,8,1,1,1,1,12,1,1,1,1,24,12,1,1,11,1,22,16,62,11,23,7,6,2,2,1,24,1,1,6,1,1,13,15,1,1,1,2,9,1,1,12,16,12,12,14,19,1,3,16,1,8,1,17,1,10,10,13,9,1,2,1,9,69,2,1,1,1,1,1,12,13,17,2,12,3,15,1,1,1,15,23,8,9,22,1,12,11,1,1,7,1,1,1,9,1,1,4,12,1,15,12,1,13,12,3400,15,1,1,1,8,34,12,8,1,1,8,1,1,1,1,1,1,1,12,2,1,1,1,1,1,1,1,8,18,3,13,2,1,14,17,17,1,1,15,3,1,2,17,1,16,1,22,1,1,13,1,1,13,1,1,10,1,1,16,1,10,1,4,7,14,1,5,15,1,18,1,1,8,15,24,11,18,3,15,1,11,1,13,1,8,1,1,1,11,1,17,1,17,15,1,14,1,1,1,15,16,1,13,9,21,11,9,1,1,8,1,1,8,19,12,18,24,12,9,1,1,10,1,1,12,14,1,1,17,14,8,14,1,1,1,11,1,5,12,21,9,16,3,1,17,30,1,13,1,10,5,1,10,18,1,1,2,19,2,15,1,13,1,1,13,17,1,1,12,1,1,1,12,1,4,1,1,4,10,6,1,1,1,18,15,23,14,7,1,1,6,2,15,17,1,13,13,1,12,10,1,1,16,1,11,1,1,20,15,12,1,12,1,1,11,25,8,10,1,16,26,1,2,15,1,20,1,10,15,18,1,26,1,11,1,1,1,1,1,14,10,15,9,1,34,1,1,1,1,1,1,1,1,12,1,1,12,9,13,135,12,1,1,1,1,1,1,1,22,1,19,1,51,1,1,1,1,12,2,1,1,1,1,12,23,1,24,1,23,1,13,8,1,12,7,11,12,1,2,1,4,8,29,1,1,1,12,7,19,14,1,77,1,10,1,22,11,114,1,1,15,1,13,60,1,14,12,1,13,1,20,1,1,23,20,1,7,1,18,1,1,13,2,1,1,15,4,1,10,9,23,1,20,16,11,1,1,18,7,12,1,1,9,10,1,1,16,7,1,1,1,11,1,1,1,13,1,21,1,15,13,12,1,1,1,1,14,11,11,1,9,20,7,1,11,1,24,1,1,10,12,10,12,1,1,18,13,1,1,5,1,18,8,29,17,37,1,33,11,1,1,1,19,19,15,24,1,12,1,1,2,1,7,6,1,1,1,3,17,1,30,8,7,13,20,6,1,1,1,23,2,1,13,1,1,14,1,13,13,10,9,1,1,1,25,15,8,8,3,12,8,1,2,20,17,4,16,21,1,12,16,13,1,3,1,2,1,16,16,1,13,15,21,11,1,1,11,5,12,8,1,15,1,15,8,1,15,1,7,16,16,1,1,8,7,1,1,1,1,1,1,1,11,12,1,1,11,6,15,14,7,4,13,8,10,1,45,1,1,1,12,1,1,10,1,1,13,1,16,1,4,16,1,2,12,19,1,16,1,7,15,1,1,18,1,1,16,14,1,9,14,1,1,1,1,13,1,1,11,16,1,1,1,16,1,1,1,16,10,1,10,10,9,1,1,6,314,1,1,9,12,1,1,3,11,1,15,1,1,12,13,1,11,1,38,1,16,16,10,19,1,1,1,17,1,16,1,18,23,1,1,11,7,1,16,7,1,4,18,12,1,1,15,6,3,1,13,1,1,1,6,1,1,1,18,1,13,1,2,1,17,1,13,14,18,2,1,1,17,1,1,7,11,6,12,1,1,28,1,13,1,14,9,1,1,17,1,1,1,10,1,6,10,1,8,1,15,1,1,2,1,14,6,1,13,12,1,10,12,1,1,13,3,14,1,1,1,8,16,1,6,14,1,1,6,1,9,7,2,17,16,9,1,12,1,1,18,1,1,11,2,8,1,1,9,1,1,14,5,1,1,1,1,1,1,1,5,15,2,5,1,13,1,22,1,1,31,1,1,1,9,1,27,6,10,9,1,15,1,1,20,9,1,1,1,70,1,1,1,7,12,13,1,9,1,1,16,14,13,2,1,1,19,1,1,7,1,1,1,1,3,16,1,1,12,22,9,1,9,9,1,6,1,5,7,14,1,2,1,13,7,11,8,1,12,1,1,6,6,1,6,1,18,1,11,16,1,1,20,1,1,1,1,1,2,1,15,1,13,1,22,1,1,18,7,1,6,1,1,1,15,1,8,8,19,28,1,1,1,13,2,1,11,11,8,8,105,1,8,1,9,14,12,1,1,12,1,11,1,15,1,15,17,10,20,13,1,2,7,1,16,13,5,6,104,3,16,1,7,17,1,1,7,1,11,1,15,1,12,20,1,1,1,1,13,29,13,7,14,14,9,8,15,18,11,15,1,1,1,6,1,1,1,6,16,6,16,9,1,11,13,14,1,1,7,16,18,9,1,1,8,1,1,20,1,1,29,1,1,1,1,20,13,7,1,10,1,1,1,1,9,1,1,8,1,11,15,1,20,1,12,1,8,1,1,7,1,11,1,18,13,1,5,1,1,1,21,1,12,19,1,1,9,1,18,1,8,1,14,16,3,7,14,1,12,1,12,1,1,5,1,13,11,1,1,22,1,1,1,13,11,1,17,16,16,5,32,11,9,22,9,7,15,11,19,1,1,1,1,13,7,1,1,7,5,12,8,1,1,3,14,11,20,1,31,1,1,21,16,17,7,6,3,6,1,119,7,1,12,1,18,1,9,16,1,1,14,1,10,1,1,1,17,1,11,15,1,13,17,1,9,1,1,1,1,5,1,2,1,1,2,7,9,1,1,1,1,3,9,8,1,15,1,1,23,7,9,1,10,2,17,1,1,11,11,1,1,1,7,14,14,6,6,1,16,1,14,1,1,23,16,17,1,13,9,1,1,1,10,13,13,302,18,1,1,17,1,13,12,16,9,1,1,1,12,2,1,1,12,16,12,1,13,15,1,14,1,1,100,1,9,1,1,9,16,15,1,1,1,8,12,1,1,10,10,1,1,1,1,1,1,22,1,6,1,7,14,27,1,19,1,16,11,16,11,9,3,1,12,1,1,13,1,1,20,5,1,14,12,10,15,20,1,1,2,6,2,1,1,1,1,8,8,5,1,1,2,1,1,17,15,1,1,1,1,4,1,4,1,1,1,1,13,1,1,9,33,1,5,1,7,9,52,1,1,19,18,11,11,16,19,16,11,13,1,69,15,16,16,10,3,7,1,16,1,23,8,16,19,15,10,5,49,12,18,274,1,32,12,1,11,17,7,17,1,1,1,6,1,19,7,8,1,1,1,1,1,10,5,1,9,1,1,1,6,1,1,1,16,20,13,1,1,1,1,1,15,23,1,1,18,13,10,1,1,6,1,1,1,1,1,10,10,1,20,1,1,12,13,11,1,1,12,1,12,1,10,1,7,1,1,1,15,16,1,41,1,1,1,1,1,1,1,12,1,5,1,20,1,11,10,3,10,1,14,11,15,13,12,1,11,1,33,1,1,1,1,1,26,1,7,10,12,1,16,12,24,13,1,1,1,1,15,12,9,9,4,1,1,9,14,8,1,12,14,19,8,1,1,1,1,1,1,1,1,1,1,1,14,18,1,1,1,15,1,1,1,1,8,1,1,14,17,20,7,1,6,1,15,1,8,1,17,1,1,1,4,1,6,10,4,10,2,1,9,8,7,1,7,9,10,1,1,7,1,1,5,1,18,9,10,1,9,21,1,1,1,13,1,12,4,25,10,1,1,16,1,1,1,8,7,21,14,1,1,1,1,1,11,17,8,1,1,1,16,10,13,12,14,1,19,12,1,23,2,1,1,1,2,17,9,7,2,1,1,1,1,1,1,1,1,20,16,7,16,18,6,14,1,11,8,1,13,25,19,1,13,18,1,39,10,20,1,21,21,1,1,14,17,1,12,7,14,21,6,1,1,10,1,9,10,1,1,1,12,1,1,1,1,14,1,1,18,6,11,1,11,10,1,1,1,1,1,1,10,12,1,1,13,1,6,1,12,13,9,1,1,8,20,1,15,18,171,7,5,1,12,1,15,8,17,1,1,1,1,1,12,13,12,10,16,1,12,1,16,1,17,8,9,1,1,18,13,16,1,1,16,2,12,1,1,13,1,137,17,15,11,1,9,7,1,1,10,1,16,40,14,10,1,18,1,1,1,1,4,3,11,8,11,1,1,16,1,14,1,1,1,1,10,1,12,15,1,1,1,4,15,2,2,10,1,1,18,1,21,11,10,7,15,11,6,19,7,5,1,63,1,1,22,11,4,1,1,1,1,10,1,1,1,1,5,1,1,1,13,15,9,33,14,1,15,1,10,9,1,1,1,1,1,1,14,1,1,1,2,15,10,1,11,1,1,1,1,11,6,8,1,4,1,1,1,15,15,1,16,1,1,1,2,12,15,9,21,13,13,8,17,1,25,1,3,1,1,1,9,10,7,1,11,9,1,16,10,18,1,13,7,17,12,1,1,5,1,1,1,1,1,2,13,14,1,1,1,11,7,20,11,1,1,1,13,1,14,1,12,11,1,1,1,8,8,14,1,1,42,12,3,1,14,1,13,1,1,18,1,1,4,1,10,5,1,6,1,15,30,1,1,1,12,7,11,7,18,9,1,11,1,1,5,13,1,1,17,15,1,12,22,12,1,1,23,7,9,1,13,17,1,1,1,1,1,15,1,1,11,21,1,10,1,10,1,1,1,1,1,1,8,12,4,1,7,1,16,14,16,1,1,1,1,2,1,13,8,3,8,1,11,1,1,1,1,1,1,1,1,12,9,1,16,1,16,13,8,1,1,10,1,1,1,18,9,10,16,1,12,1,1,2,17,17,13,8,11,10,15,5,11,69,12,1,1,1,18,16,1,1,20,1,26,8,1,1,18,7,1,15,1,14,12,11,9,1,11,4,2,14,17,1,8,18,7,9,14,10,10,1,15,1,10,13,9,12,1,14,14,21,1,1,11,1,1,4,9,13,1,11,1,6,1,11,1,12,18,9,1,1,16,15,1,1,1,1,8,1,1,1,10,1,1,12,1,1,1,6,2,1,4,1,13,16,1,1,1,14,8,1,1,5,18,13,15,8,24,9,13,1,12,1,12,1,9,13,1,22,1,1,11,1,8,6,9,1,15,7,15,12,2,13,13,16,9,9,1,7,1,1,11,13,12,1,7,12,1,17,1,11,19,11,18,7,1,7,78,13,1,1,16,1,6,8,11,16,9,1,24,1,1,10,1,1,1,15,6,1,1,11,1,1,12,14,1,1,1,8,11,19,12,1,1,10,1,13,2,18,1,1,6,1,16,1,17,1,1,12,17,11,1,14,1,1,1,12,14,1,1,11,12,1,18,1,14,1,13,1,9,1,1,19,1,8,15,1,28,1,1,1,1,6,15,20,17,16,1,19,17,1,10,12,5,16,2,7,18,1,23,1,1,1,17,10,7,12,1,1,11,1,1,1,1,1,1,1,2,12,1,1,17,21,11,1,15,1,11,7,13,1,1,1,1,1,7,1,1,9,1,15,11,2,15,1,1,3,13,2,15,15,1,14,1,1,15,11,8,1,8,1,1,1,18,4,10,2,1,1,1,1,1,1,4,1,12,1,9,10,1,9,2,1,4,1,1,1,15,2,1,17,15,1,18,18,1,1,1,1,1,1,1,7,1,1,18,1,1,15,19,24,7,7,1,12,10,14,1,1,1,1,1,1,1,11,1,11,16,16,16,10,1,9,1,10,1,1,15,26,1,20,1,1,1,14,6,6,90,17,17,1,1,13,8,12,19,14,12,11,10,96,14,1,13,1,26,15,6,1,12,1,1,18,7,1,1,1,10,7,14,9,9,3,6,1,11,1,15,1,13,12,1,1,10,33,1,1,1,1,1,17,14,11,11,7,1,12,17,1,1,1,8,1,10,1,11,25,1,4,1,1,1,14,7,1,13,13,11,9,1,15,6,7,1,1,10,13,1,1,1,1,1,10,14,12,14,17,1,1,14,11,5,3,7,1,11,14,1,1,1,1,10,1,1,1,1,12,1,8,15,13,1,23,5,1,2,1,6,17,20,1,1,27,10,9,1,2,1,5,1,1,18,8,47,1,1,13,1,20,1,19,10,1,14,1,6,6,2,1,9,42,13,1,1,5,1,14,1,2,13,17,1,9,1,5,1,7,8,7,8,24,23,13,1,1,10,11,1,1,11,11,9,1,6,1,15,1,28,15,8,21,14,12,1,14,8,14,9,8,1,1,7,1,1,1,1,1,8,1,1,11,11,1,1,22,2,8,10,1,12,14,14,1,12,62,7,1,12,1,16,4,9,1,1,5,1,1,19,1,1,1,11,7,30,3,1,8,1,1,12,1,8,1,1,9,18,12,15,1,16,9,2,28,1,1,1,9,1,1,1,22,1,20,1,1,1,1,1,1,16,1,2,1,17,10,1,10,8,1,1,1,1,10,17,15,9,14,8,11,1,12,9,20,16,11,1,8,12,14,12,18,10,1,10,12,1,1,3,11,1,1,7,1,1,9,7,17,1,1,14,12,9,13,2,1,18,21,6,4,16,1,1,1,1,8,1,1,1,7,4,1,1,22,32,10,1,1,7,115,9,18,1,5,16,31,1,20,1,1,1,1,17,1,1,17,14,10,1,9,18,1,1,1,1,6,16,1,10,13,1,14,7,71,16,1,1,7,1,13,1,1,1,3,23,1,1,4,15,5,1,18,1,10,1,1,17,18,1,1,2,18,1,15,1,9,1,1,1,13,1,13,1,43,1,1,1,1,6,1,1,1,1,13,1,1,1,11,1,1,3,19,17,1,15,1,12,1,13,9,11,1,1,1,1,8,35,11,1,1,5,1,2,1,1,6,1,1,16,5,2,13,14,13,1,1,14,16,1,1,12,2,9,1,1,1,1,11,19,9,2,1,14,1,100,1,1,1,15,1,17,1,1,1,1,8,1,19,1,12,19,1,25,11,17,1,11,22,1,1,12,1,1,12,9,16,17,11,1,11,4,8,1,6,1,15,16,1,14,1,1,1,13,14,1,15,10,15,48,12,1,1,16,10,10,1,14,12,4,7,22,1,1,1,4,2,1,75,14,12,10,21,10,10,19,3,17,22,1,12,1,8,1,18,1,1,1,1,6,1,2,1,17,9,4,9,14,6,15,9,10,10,1,1,1,17,13,1,1,1,4,7,1,1,1,3,1,3,13,1,12,5,1,1,1,21,49,1,6,13,1,1,16,1,1,8,15,1,1,1,17,1,1,7,14,1,6,17,1,1,6,11,13,1,8,2,12,1,17,2,1,1,1,1,1,1,19,7,1,5,11,8,1,26,12,1,1,7,1,1,13,11,1,16,1,1,1,22,12,36,26,1,1,1,14,10,1,1,7,1,9,13,16,6,11,2,1,1,16,1,1,1,1,2,1,33,13,9,1,14,1,12,133,11,11,1,1,1,1,15,1,17,1,1,1,1,1,1,1,1,19,1,17,8,1,1,1,1,1,1,1,17,1,16,1,1,8,11,9,12,12,8,6,1,16,13,9,8,1,1,24,14,1,1,11,17,1,1,9,12,1,5,7,1,1,14,10,1,1,16,1,1,1,13,1,1,10,1,1,1,19,22,1,7,10,1,1,12,5,12,1,1,1,12,1,14,17,1,1,8,1,1,11,1,13,1,16,1,11,20,1,6,1,9,1,20,21,19,24,14,14,1,1,20,5,1,1,1,11,17,8,1,1,17,1,11,10,1,1,5,21,15,1,13,7,11,1,1,1,10,13,11,14,1,20,24,1,12,20,1,4,14,15,7,9,1,3,12,15,1,1,15,1,11,1,9,3,11,1,4,1,15,1,5,21,1,1,13,11,16,27,1,1,1,11,1,10,20,10,1,1,1,1,1,15,1,1,1,1,1,5,13,21,1,17,12,1,14,13,1,13,1,14,1,14,1,6,1,7,1,1,8,1,33,7,1,11,13,11,1,16,13,1,19,5,1,18,12,1,14,9,19,21,1,1,19,1,1,1,1,14,5,21,1,12,1,1,1,11,19,1,13,8,1,16,1,10,1,1,11,1,1,16,1,1,9,1,10,1,12,4,4,1,1,12,11,14,6,21,14,1,5,1,1,13,10,1,1,1,6,12,12,1,21,6,9,3,1,17,1,12,1,1,1,1,1,1,32,13,15,1,20,11,1,1,2,13,7,1,8,1,14,15,13,1,1,1,1,1,1,1,11,13,9,32,9,11,1,60,1,6,5,1,12,1,1,1,1,1,1,1,10,19,12,9,14,1,1,1,1,1,3,8,1,13,17,11,1,1,1,4,4,4,11,9,4,1,5,1,18,2,18,19,1,6,20,16,1,1,12,1,1,10,19,17,1,1,1,7,13,10,1,1,1,11,1,10,16,1,1,1,1,18,1,11,12,4,1,10,11,1,1,1,1,1,11,1,13,15,1,1,1,11,1,1,21,94,1,1,1,11,10,1,17,1,1,14,1,6,7,27,1,1,1,16,14,5,1,1,1,1,12,10,1,13,1,1,1,14,1,1,18,1,1,10,16,1,12,3,1,12,10,1,1,1,8,2,1,10,1,11,7,16,1,14,13,8,1,7,13,8,13,1,13,11,12,1,12,1,12,18,10,1,16,17,1,1,13,7,1,1,1,21,1,1,16,1,15,17,1,71,20,12,1,1,1,13,8,12,1,11,8,1,1,13,1,1,1,1,20,8,1,6,1,3,9,17,13,1,1,1,20,1,10,34,16,1,13,15,18,29,1,3,1,17,1,1,1,13,8,1,7,1,1,17,14,12,18,9,1,4,10,1,1,12,11,1,15,1,5,1,14,13,1,1,1,16,23,1,16,1,15,18,14,25,1,12,2,1,12,1,1,1,20,14,21,1,1,1,12,11,21,9,19,7,13,1,1,16,5,1,22,4,5,10,7,22,1,21,17,13,1,11,6,1,1,12,20,10,14,1,1,1,1,1,12,71,2,13,1,1,1,14,1,11,1,8,8,1,19,1,20,8,14,12,1,17,1,1,10,3,13,6,1,1,10,10,22,1,21,1,2,1,1,1,1,1,9,1,31,12,1,1,1,2,11,2,1,12,1,1,5,1,1,1,1,1,1,7,13,1,15,6,1,1,1,10,1,1,1,4,1,1,1,9,18,1,1,12,1,1,1,5,5,5,1,1,12,1,1,1,1,18,15,1,1,32,1,1,1,1,23,9,7,2,4,1,24,1,8,14,14,10,11,1,18,11,1,1,9,1,12,7,1,6,1,13,26,1,16,10,2,1,1,1,13,1,1,13,1,11,6,8,6,3,27,1,22,18,6,12,18,1,13,6,4,1,1,12,1,14,1,1,1,1,1,1,1,7,12,6,9,1,8,2,1,10,15,21,14,18,1,12,94,11,14,1,1,1,4,7,13,34,1,10,1,1,5,10,1,1,9,5,15,1,1,12,1,1,1,1,18,1,15,16,1,1,1,10,11,9,1,1,123,12,14,1,1,13,19,10,11,2,1,12,13,1,13,1,1,1,1,1,3,1,13,1,17,13,15,1,13,1,7,16,18,1,21,1,1,8,10,12,1,9,1,11,1,22,1,1,1,1,9,1,10,1,1,13,1,1,16,2,1,5,2,1,19,13,9,7,16,1,1,9,1,8,1,22,1,17,16,1,10,14,9,22,8,11,239,14,16,96,1,1,14,12,1,15,1,1,15,13,14,8,1,1,12,1,13,1,7,13,12,6,15,104,1,12,11,1,3,15,1,12,1,1,1,12,13,9,1,25,11,1,15,20,17,1,6,1,16,1,1,6,13,1,23,14,9,1,1,1,12,1,1,14,1,1,3,1,1,1,1,17,3,1,1,11,13,1,1,13,1,16,5,25,16,1,1,1,1,1,1,1,1,15,11,14,1,1,18,5,1,22,2,8,10,9,13,14,9,12,1,1,1,11,19,1,1,17,1,15,1,17,20,1,14,13,16,7,7,7,17,1,1,1,1,1,11,13,7,8,1,1,15,1,1,11,14,11,14,1,17,1,11,12,8,1,14,1,1,1,1,11,2,10,1,11,1,1,59,2,14,8,6,1,35,14,1,7,1,1,12,1,11,1,1,1,1,1,1,1,1,11,4,1,13,6,2,1,9,17,13,1,1,48,1,4,17,61,1,11,7,20,3,1,20,1,14,1,19,16,9,1,11,17,1,1,5,1,1,1,4,13,14,1,5,17,14,14,1,1,1,16,2,14,3,10,1,1,13,15,14,8,1,16,11,1,14,1,1,14,1,7,30,13,14,3,14,12,1,62,1,1,10,1,23,12,1,12,17,12,1,3,1,1,9,18,20,1,3,17,10,1,4,13,1,11,1,18,19,6,9,1,9,17,3,66,2,1,1,1,1,16,1,1,13,1,12,1,16,10,15,19,1,10,1,1,23,6,14,14,1,18,1,1,17,1,473,1,18,9,13,1,1,13,1,4,12,9,1,1,15,13,1,15,1,14,1,71,2,1,11,10,1,21,1,1,3,1,11,1,10,10,15,1,1,1,17,14,8,5,14,12,12,15,1,1,1,11,12,14,12,12,14,13,1,1,8,1,1,3,8,14,10,12,1,1,1,24,10,16,1,7,16,1,19,1,10,16,11,12,1,17,14,1,1,11,17,5,8,9,1,1,8,1,10,11,1,17,1,1,11,16,17,1,14,1,1,1,1,1,55,15,1,15,12,1,1,86,1,1,16,1,12,1,8,1,28,1,1,15,1,1,1,12,14,20,1,1,9,2,5,1,1,1,1,15,1,1,11,8,1,1,20,12,1,14,1,12,1,1,10,1,8,1,11,27,11,1,24,1,19,15,1,1,1,1,7,10,1,4,8,16,1,18,1,1,1,1,1,6,15,1,1,15,7,1,22,1,20,1,2,1,1,6,1,4,1,13,8,1,1,2,1,1,4,6,1,23,13,1,13,1,1,15,21,1,1,11,9,16,2,12,1,14,8,19,1,1,1,1,15,3,1,1,13,15,1,10,26,14,10,1,1,28,12,3,1,17,8,1,1,1,1,13,12,10,7,25,14,15,2,2,1,30,1,1,31,13,1,1,2,11,1,1,1,1,8,27,7,1,6,1,1,21,1,1,1,22,1,1,12,1,12,1,1,1,1,1,1,17,1,13,1,1,1,1,1,6,15,1,51,12,2,15,9,13,11,1,18,12,1,20,1,1,18,1,1,1,19,1,7,11,17,8,17,1,25,1,5,1,11,17,20,9,8,1,1,11,6,1,1,1,1,5,17,9,19,1,1,1,11,11,1,1,16,1,10,18,10,1,1,1,3,1,1,3,28,1,12,19,1,1,1,20,1,19,13,9,1,1,11,10,1,1,5,12,1,1,7,5,2,1,1,1,8,12,1,17,1,24,15,10,1,1,1,22,1,1,11,1,9,13,9,12,7,2,6,1,9,1,15,1,26,1,1,8,9,1,25,1,1,1,13,21,1,1,2,5,17,17,1,1,10,14,12,14,21,1,1,1,15,17,1,1,1,1,11,1,19,1,10,14,1,5,1,1,12,1,14,11,1,12,15,13,22,13,12,1,1,1,7,9,2,15,1,1,1,1,17,1,11,1,1,69,1,13,13,1,1,1,1,1,1,4,1,27,24,1,11,1,14,10,8,1,1,1,11,1,11,12,1,1,1,9,10,13,1,9,1,12,6,1,1,1,2,3,11,18,2,20,1,7,1,13,7,1,6,1,1,1,1,1,12,1,11,1,1,1,14,1,1,25,1,1,12,1,15,1,14,1,1,1,1,16,15,1,1,6,1,4,21,19,1,17,10,1,1,1,1,16,22,1,6,9,12,8,1,1,1,1,13,1,1,1,5,24,25,1,1,19,13,15,1,4,14,1,1,5,1,1,1,1,1,1,1,1,15,14,1,1,8,12,17,1,8,17,10,1,16,16,22,9,1,1,21,17,9,11,15,13,1,1,1,1,1,1,1,1,1,8,1,1,1,13,1,1,1,10,13,28,18,16,5,1,8,1,8,12,15,1,2,13,1,13,1,1,12,1,11,1,1,17,1,1,1,1,1,15,1,1,11,1,1,10,1,1,5,1,19,1,11,14,1,9,16,1,2,1,38,1,6,1,1,8,9,1,1,12,16,16,18,7,11,11,1,1,10,1,19,1,20,12,11,8,8,1,107,15,13,17,1,20,1,60,1,1,1,1,9,4,1,3,1,20,16,1,1,3,1,11,1,2,16,1,1,1,9,1,17,1,17,17,6,1,26,1,12,8,11,20,2,1,1,15,1,8,1,16,17,13,2,1,14,1,15,14,1,1,1,16,1,1,1,15,15,11,10,12,2,1,16,13,1,1,78,9,10,1,16,16,1,12,15,1,12,1,7,23,13,1,15,1,10,1,1,1,18,1,12,8,1,1,23,1,1,11,18,9,14,10,16,1,1,11,7,3,1,11,15,1,7,5,12,1,13,1,20,12,13,10,4,1,9,15,18,9,21,1,1,1,1,15,1,1,13,1,6,17,19,13,1,18,1,1,1,11,1,1,1,1,1,1,1,1,1,10,9,9,2,23,1,17,1,1,7,9,24,1,1,10,3,19,1,1,1,59,8,8,6,1,1,1,1,1,13,1,1,12,19,1,1,13,1,13,16,19,1,10,11,18,1,1,9,1,20,11,8,1,1,2,1,8,14,13,1,12,1,5,14,10,1,14,1,19,7,15,1,1,1,9,9,12,9,10,6,1,17,1,81,1,1,1,11,1,1,19,1,1,1,17,15,14,13,16,1,1,13,3,1,17,9,10,21,10,1,13,1,2,8,1,6,1,9,5,19,9,11,1,14,2,14,1,1,12,1,6,1,1,18,1,1,6,1,13,15,14,1,12,8,14,11,1,1,1,216,1,13,7,1,12,16,1,16,1,8,3,18,18,1,1,9,1,7,1,1,1,1,23,1,5,9,1,4,41,17,10,1,1,9,5,14,1,53,1,1,1,1,1,12,1,1,1,7,18,9,14,20,12,13,10,9,1,5,10,18,6,8,17,11,1,9,1,1,11,1,1,8,1,1,1,1,7,1,14,11,1,3,11,1,1,13,1,12,15,16,11,17,12,10,15,1,1,14,1,10,7,17,19,10,9,3,8,1,11,1,1,1,17,1,3,1,18,14,1,1,15,11,12,1,14,1,17,1,1,11,4,18,9,1,1,1,1,13,12,1,1,1,7,1,1,1,10,17,18,1,72,12,14,24,19,26,9,6,1,1,10,1,15,4,1,7,9,1,3,1,7,13,15,45,1,7,10,10,1,1,11,22,1,8,1,11,10,1,21,1,16,1,12,1,11,1,16,1,1,17,11,1,12,1,1,1,11,7,1,10,1,1,1,8,1,11,1,1,15,2,13,2,11,7,10,9,1,1,1,122,1,1,20,1,1,11,1,15,6,1,3,1,21,1,19,1,1,11,1,17,2,8,1,18,1,1,104,12,1,11,10,1,1,1,9,3,1,1,12,1,1,10,1,1,16,1,20,14,12,8,9,5,26,1,15,1,1,8,9,12,5,1,1,12,4,1,1,16,12,1,1,1,1,1,12,1,17,12,2,17,13,1,33,1,11,1,1,1,1,1,1,1,1,1,11,94,22,1,1,12,5,12,9,18,1,1,11,6,1,16,14,1,1,11,1,2,1,15,16,1,13,7,13,14,13,1,19,1,18,1,7,1,1,1,14,16,1,9,5,14,16,13,1,15,1,1,12,1,1,1,1,13,13,11,1,15,1,6,1,1,1,10,11,1,1,11,1,1,1,13,6,10,1,1,1,1,10,13,1,17,1,5,1,10,10,13,3,1,18,11,15,26,1,1,1,7,1,1,17,1,1,18,21,1,1,18,1,13,1,1,12,14,1,1618,7,1,5,15,1,13,15,1,4,1,1,1,1,1,18,11,1,1,1,10,1,1,25,5,1,9,15,11,1,8,2,1,12,1,22,137,1,5,14,1,20,13,1,12,1,10,1,1,1,6,13,1,1,1,1,2,2,1,7,1,7,1,1,19,1,12,17,1,1,11,4,13,1,18,1,10,1,1,1,1,11,7,5,1,16,1,2,7,15,1,10,17,26,1,10,1,1,12,1,15,14,14,16,12,16,1,1,1,13,2,13,12,15,4,1,9,16,1,22,1,20,1,11,1,1,1,1,1,9,1,2,13,1,1,1,3,6,16,8,18,1,1,7,1,7,22,18,18,1,1,1,12,13,7,18,1,21,1,15,9,1,13,1,3,16,1,18,13,17,16,1,9,1,11,1,29,9,1,1,1,11,17,17,1,1,1,1,4,9,1,1,1,1,1,15,18,1,1,11,120,1,1,1,10,1,1,14,1,3,1,19,1,9,2,11,1,12,11,1,15,1,1,1,6,15,8,18,1,2,1,1,12,16,16,1,16,20,15,4,1,17,6,1,14,11,1,17,23,1,9,1,9,12,1,7,1,19,11,2,15,1,20,18,5,15,17,1,1,1,1,1,1,3,23,1,1,1,24,17,10,1,1,17,19,1,18,11,1,11,15,1,17,13,2,1,1,1,6,1,9,1,1,14,13,20,1,1,13,17,17,17,16,1,3,3,7,1,12,13,1,1,1,23,14,1,15,1,8,10,15,9,2,1,1,10,22,1,9,2,1,8,5,17,1,14,1,1,12,1,1,1,1,5,2,14,8,11,10,1,1,1,1,1,1,1,1,1,10,1,20,11,2,13,1,16,23,1,10,23,1,1,1,12,1,1,1,1,21,15,18,10,13,1,1,6,1,12,1,1,1,1,98,15,1,1,1,16,1,1,2,7,19,13,8,9,1,1,13,1,1,1,2,12,1,52,97,9,1,14,18,1,14,10,1,8,17,1,1,2,1,15,2,32,1,2,1,1,1,5,1,8,1,1,16,11,23,1,10,15,1,8,1,15,17,13,16,17,15,6,7,88,8,1,1,13,1,1,11,5,11,13,1,9,10,1,16,9,1,1,29,1,1,14,14,1,14,1,16,9,16,17,1,1,8,1,1,13,17,8,1,14,8,1,16,1,7,2,20,16,1,1,1,1,1,12,1,8,1,1,1,11,11,14,9,9,1,16,6,15,9,1,14,1,12,18,1,4,1,12,1,1,22,10,16,1,1,8,2,1,13,10,9,14,10,19,9,13,13,10,1,1,21,1,15,21,12,10,1,9,12,1,11,12,19,1,13,1,1,11,1,1,1,17,4,6,1,1,1,13,1,1,6,9,1,6,10,8,11,5,12,9,3,6,18,1,1,3,1,6,11,14,10,9,1,2,1,1,4,6,9,9,1,1,1,19,1,1,1,7,12,11,1,1,1,1,1,1,26,1,1,10,1,9,5,1,2,16,10,1,1,1,15,2,1,1,17,1,1,1,1,25,1,13,15,11,8,9,9,23,1,19,10,14,2,1,8,10,1,1,1,1,1,14,1,17,15,1,1,26,12,4,1,4,10,1,10,5,1,10,19,1,13,10,9,1,17,15,12,16,19,9,19,13,1,19,2,1,15,15,3,11,1,14,1,17,18,1,1,1,16,5,14,2,11,8,7,15,10,13,3,1,1,1,15,1,5,15,11,10,11,1,16,1,1,1,11,1,1,14,3,1,9,1,6,17,12,1,12,6,14,1,12,14,1,12,36,5,9,6,12,1,1,1,1,1,2,10,1,1,8,2,1,1,9,20,1,1,1,12,3,1,11,9,13,8,1,1,1,21,8,12,17,10,7,1,1,16,1,22,1,1,4,1,1,21,13,1,15,1,28,1,13,13,12,1,10,1,55,1,1,1,1,1,27,1,15,1,1,1,3,6,12,11,16,2,15,1,12,1,1,1,7,1,1,21,14,1,14,14,3,1,10,11,1,12,14,1,16,4,1,4,12,10,10,1,8,9,1,1,3,1,14,1,13,1,1,1,1,1,1,1,1,11,7,1,1,3,7,8,19,15,14,1,9,9,7,1,10,1,1,8,1,6,1,10,14,1,1,8,14,2,1,19,1,1,1,11,12,1,14,12,11,12,1,1,1,9,14,1,8,1,1,1,13,16,1,12,1,1,1,1,12,7,7,1,15,2,1,10,1,12,1,1,3,1,5,1,1,1,1,1,2,12,18,1,1,11,4,4,1,1,1,20,3,1,1,20,1,1,1,17,13,6,8,9,1,1,8,1,1,1,1,1,11,16,12,1,12,15,1,1,7,17,1,1,1,16,1,1,8,1,2,1,15,1,10,9,1,1,10,1,1,15,4,1,1,1,1,9,11,11,1,1,1,7,9,1,1,24,20,17,1,1,3,14,1,1,1,13,15,20,11,13,4,13,11,19,12,2,1,12,15,14,13,4,44,1,14,1,1,1,7,1,1,5,1,31,8,1,1,1,1,5,13,1,1,1,1,1,18,7,1,1,10,1,12,2,1,1,19,9,1,1,14,12,1,1,25,1,1,7,1,1,1,16,1,6,1,1,1,6,81,7,14,15,23,12,10,6,1,1,11,5,16,13,1,1,1,7,11,1,5,6,1,14,12,1,1,15,22,9,11,1,34,10,1,16,1,16,1,16,14,12,12,1,1,1,9,11,16,13,6,5,1,1,1,1,1,11,4,8,13,10,1,1,18,10,10,1,7,5,16,31,8,1,10,1,5,1,15,14,15,21,1,14,3,2,2,1,12,22,1,2,12,1,1,11,13,1,7,12,18,1,23,1,3,1,20,7,1,2,17,1,1,1,1,7,16,1,13,15,1,9,1,10,15,1,1,1,8,20,1,1,1,25,4,1,1,8,1,18,6,1,1,1,69,10,3,1,1,1,9,1,15,16,12,1,1,1,24,13,6,13,1,1,16,11,1,20,1,13,1,1,9,20,24,9,11,10,11,1,1,8,1,1,1,19,10,12,13,1,1,11,12,18,25,1,13,1,11,27,11,1,49,17,1,17,1,12,1,9,2,6,8,18,13,49,4,10,1,15,24,1,1,1,9,10,4,1,10,1,16,9,1,1,96,1,1,1,1,3,1,22,15,1,1,1,1,12,1,13,1,13,1,16,1,20,6,1,1,11,11,1,1,1,7,15,1,16,1,14,1,13,13,2,2,14,1,5,1,2,1,14,30,7,1,4,1,9,1,10,13,24,35,1,14,1,13,1,9,22,1,1,1,1,1,7,16,1,17,9,1,13,9,1,21,1,1,1,4,12,1,12,12,1,5,12,1,1,1,10,1,11,1,1,1,21,10,10,4,11,39,9,19,3,1,15,15,17,10,5,1,10,16,14,1,13,1,8,7,7,14,1,9,1,1,1,1,1,11,798,14,1,1,2,1,12,10,1,1,15,1,1,2,20,1,8,1,2,1,2,12,1,2,1,1,12,1,13,12,1,12,1,1,17,1,11,7,13,9,1,18,13,1,11,1,1,1,1,4,4,1,1,1,1,18,10,1,1,1,1,1,1,14,4,13,1,1,10,12,1,24,1,9,1,12,16,1,1,1,26,1,1,1,29,14,1,1,1,9,1,1,2,16,1,15,13,1,12,1,1,6,1,1,1,33,2,14,3,1,8,11,10,1,1,1,19,1,1,1,1,18,3,18,1,1,8,6,1,13,1,24,10,1,1,1,18,2,1,10,1,1,1,13,17,1,5,16,10,10,1,7,14,1,1,1,1,1,18,1,9,22,6,1,12,1,16,1,1,12,1,15,1,17,1,13,1,1,1,21,8,14,18,9,1,5,1,1,17,19,14,1,1,1,20,13,19,1,1,16,1,10,7,10,119,1,14,1,1,13,1,26,1,1,13,6,1,1,1,1,12,1,1,1,1,41,1,16,1,12,23,1,1,1,11,1,2,1,1,8,1,1,1,1,9,1,1,1,10,2,4,27,1,14,2,12,4,17,1,1,1,4587,5,1,16,11,1,1,15,19,1,8,1,9,15,14,9,129,1,15,3,13,1,8,10,1,18,2,1,1,16,16,14,12,6,6,11,1,1,10,1,22,17,12,7,11,10,15,1,12,1,1,1,50,13,15,20,1,12,1,6,1,1,1,1,1,1,1,1,1,10,1,1,19,8,2,17,15,15,13,15,68,14,14,13,22,1,12,1,3,13,14,15,1,11,30,1,1,1,4,9,1,1,15,17,12,12,1,16,1,1,18,1,1,1,14,1,1,5,1,1,1,1,1,10,13,19,18,10,15,1,2,11,1,6,7,1,1,1,1,6,17,16,1,1,7,1,12,1,10,1,5,16,14,1,1,1,1,1,1,5,19,1,1,16,5,19,1,9,5,10,12,1,1,14,9,6,7,15,17,1,1,1,14,1,8,6,1,14,1,1,5,1,1,1,10,1,1,15,15,12,31,1,1,1,11,1,1,1,11,1,12,1,1,12,1,1,1,25,8,10,20,14,1,1,1,1,1,1,10,6,2,1,12,1,6,9,1,10,2,11,1,1,1,1,9,22,1,1,9,6,1,1,12,17,8,1,1,12,7,10,12,12,1,19,1,1,14,3,21,1,9,1,24,1,1,1,15,1,8,1,11,17,12,14,10,1,1,16,1,2,6,11,13,1,11,1,1,18,1,1,20,14,7,15,1,1,18,13,1,1,5,1,6,1,1,19,26,1,1,1,1,67,19,1,1,10,12,1,1,1,1,2,1,1,9,1,12,11,1,1,1,2,15,1,18,11,24,16,1,14,39,1,1,13,1,1,19,11,1,16,1,1,1,1,13,14,2,11,1,1,18,1,12,14,8,23,1,20,18,1,10,1,9,1,54,1,1,16,1,11,11,1,1,5,1,1,1,1,16,1,1,1,12,13,1,1,1,1,1,1,17,13,1,8,18,1,8,16,10,1,21,1,11,1,1,2,1,1,17,1,13,13,15,1,1,15,1,13,1,2,1,12,11,8,11,18,1,8,14,14,1,18,17,4,1,8,1,1,1,54,14,12,9,14,17,1,1,1,1,11,13,1,11,10,18,23,12,1,1,12,1,6,1,9,2,17,14,14,9,2,11,1,11,5,1,10,1,1,10,7,1,15,14,1,1,7,1,12,10,7,1,49,257,19,1,9,1,5,1,7,4,1,136,17,8,12,25,1,1,23,12,14,16,7,1,1,21,1,1,11,16,13,16,77,5,1,7,10,1,8,6,1,6,1,6,1,34,15,1,1,12,12,1,9,1,11,7,1,7,1,15,7,1,1,1,14,1,1,1,16,5,1,1,1,1,1,8,1,1,29,2,8,10,1,1,1,1,6,5,10,1,1,1,1,21,7,19,1,1,1,19,1,16,9,12,1,10,18,4,1,17,1,1,4,12,11,29,1,1,1,1,12,17,18,1,10,1,4,1,17,1,14,1,1,1,13,15,4,12,1,9,12,4,1,21,1,1,1,12,1,11,1,1,2,1,15,1,8,12,1,1,5,24,14,1,6,1,1,1,16,22,10,1,19,1,10,1,1,32,1,40,1,16,11,11,1,1,1,1,1,1,14,1,1,1,1,1,22,10,10,1,13,38,1,1,2,8,15,1,11,4,11,22,16,1,4,17,9,1,1,4,10,1,1,9,8,7,4,15,1,1,1,15,12,1,12,1,1,1,1,11,15,8,1,1,1,1,12,1,9,11,12,1,1,1,1,4,1,216,18,11,1,1,18,1,1,1,1,1,1,9,1,1,1,14,15,10,9,18,11,14,10,17,13,12,15,1,17,19,1,1,4,1,14,1,20,12,1,10,9,37,17,5,14,1,1,1,5,1,2,9,17,1,8,1,1,12,19,10,8,12,28,17,19,1,1,1,1,32,1,9,1,13,13,1,1,1,1,1,5,1,8,15,1,11,1,11,12,1,1,1,1,10,1,21,1,13,1,11,1,11,16,20,11,18,16,7,9,1,21,7,14,10,9,1,13,7,12,8,1,1,1,1,1,17,13,1,1,1,1,1,9,1,1,36,113,1,1,6,2,1,15,7,8,1,1,1,7,1,1,9,1,1,19,1,1,1,1,1,4,6,1,1,1,11,1,14,1,14,10,24,10,12,1,1,1,1,1,1,1,10,11,9,5,14,9,15,16,1,9,15,1,2,12,1,29,1,15,9,1,11,1,1,18,1,1,24,1,1,20,3,16,1,1,1,22,1,15,1,1,11,11,1,1,1,1,17,1,9,11,8,1,11,1,1,1,1,1,12,1,1,1,3,10,4,12,7,13,1,1,17,1,1,3,1,15,1,1,1,15,1,2,7,1,1,1,18,1,1,11,1,6,5,1,14,2,1,1,1,1,1,2,17,1,1,1,47,8,1,1,5,1,1,1,7,2,12,8,1,1,17,1,1,1,20,1,16,1,14,14,1,1,15,1,17,26,19,1,10,1,1,1,1,1,13,11,20,1,1,16,24,1,1,2,1,9,1,15,15,1,1,10,1,22,1,1,1,1,15,2,17,1,1,12,15,15,1,11,1,1,25,8,11,1,4,11,2,13,1,11,1,5,1,8,1,1,15,1,15,20,15,8,26,4,10,1,1,12,1,15,2,12,9,10,2,7,7,16,1,13,7,8,1,1,1,2,14,1,12,1,1,19,15,12,5,1,1,1,7,1,1,11,1,1,1,1,11,9,1,1,1,1,11,1,1,1,14,8,1,1,18,7,1,3,12,12,1,1,1,1,9,1,10,7,1,10,11,1,1,1,1,1,1,11,16,9,5,19,13,1,13,1,13,1,5,1,1,3,1,1,8,5,18,2,1,1,15,1,7,1,18,1,15,18,10,9,1,1,17,9,12,1,15,1,20,1,5,1,12,1,1,11,18,1,2,12,20,1,1,1,1,8,1,13,1,6,5,11,16,1,24,15,1,18,1,2,1,1,1,1,1,1,1,18,1,18,9,13,1,1,1,2,1,1,1,1,1,1,1,1,13,1,6,9,1,1,8,1,24,1,1,3,7,10,8,7,2,15,1,11,1,15,6,1,1,1,11,8,1,8,11,11,1,13,12,11,1,1,13,2,1,13,1,11,10,10,5,8,10,1,1,1,15,12,10,1,10,1,1,10,1,1,1,8,12,1,18,1,1,1,13,15,1,1,1,23,1,13,1,8,6,57,1,8,9,14,1,16,8,1,12,1,6,9,7,1,8,12,16,18,12,16,1,15,1,52,1,6,11,1,6,10,1,13,1,10,1,1,1,5,18,16,1,1,18,1,1,13,1,4,14,9,1,13,8,1,14,8,7,1,10,1,1,1,18,1,1,14,1,1,6,1,6,19,17,10,2,1,3,27,18,1,20,16,1,1,2,13,1,7,21,1,14,1,1,16,6,111,1,1,12,13,17,5,1,1,5,19,1,16,13,2,5,1,12,9,1,1,12,1,12,1,1,1,9,1,11,1,1,1,13,1,1,5,5,1,1,14,1,1,1,1,26,1,17,20,12,1,2,18,18,13,1,1,10,14,1,11,13,20,16,4,15,1,1,15,14,8,11,1,1,1,10,15,1,5,2,1,13,1,1,1,1,1,15,6,13,16,91,9,10,1,72,12,1,1,12,1,18,10,1,1,15,6,16,1,28,9,1,1,11,15,20,13,1,15,1,1,1,8,10,1,1,1,11,1,13,1,13,12,2,1,1,1,1,35,1,1,1,1,1,1,15,12,12,8,1,11,13,25,41,39,16,13,1,1,1,13,1,15,5,1,1,8,18,1,15,1,10,4,1,1,15,1,14,1,1,10,10,1,10,1,1,13,12,7,14,16,7,11,1,1,1,1,5,15,1,12,7,16,1,7,13,9,1,10,2,1,3,97,10,14,1,9,18,13,11,1,17,18,2,6,18,9,11,15,17,1,1,1,20,1,2,12,10,1,11,1,1,13,5,1,5,10,18,14,5,15,13,1,11,12,14,1,18,1,1,1,15,1,12,3,17,1,26,13,1,13,10,1,11,12,1,11,9,1,1,15,1,1,7,1,40,21,8,13,9,48,1,16,16,1,1,1,1,9,1,14,15,1,12,20,15,1,5,14,1,9,1,1,7,1,12,1,1,5,38,12,6,1,11,18,4,8,1,1,1,3,1,1,1,13,1,1,10,1,1,9,6,18,1,1,1,1,10,1,11,10,11,1,7,1,8,1,12,14,8,1,1,1,15,1,1,21,23,8,7,1,1,1,10,1,1,18,1,1,1,23,13,1,13,1,15,15,9,1,1,1,4,19,15,8,10,17,2,1,16,1,11,6,1,1,9,1,11,6,1,15,1,1,1,1,1,12,1,1,24,1,17,9,17,1,1,1,1,1,1,10,1,1,8,8,12,13,9,1,40,28,6,1,18,16,12,20,12,18,5,18,1,1,7,1,1,1,6,1,11,1,14,2,9,10,12,6,1,9,4,1,1,1,2,1,1,19,1,11,1,23,1,16,3,12,14,7,12,2,1,1,1,15,1,11,1,7,1,6,1,1,1,13,1,1,24,8,1,1,12,6,1,16,26,9,1,1,1,1,1,1,15,10,7,7,20,1,1,1,14,6,12,15,7,1,1,11,1,1,1,1,11,16,20,22,1,1,8,12,7,15,4,1,11,1,1,1,1,204,17,1,1,1,1,1,1,16,11,14,1,1,1,12,14,1,14,10,17,1,1,1,1,10,12,18,1,15,1,1,1,1,1,2,1,1,1,1,106,18,1,13,6,331,1,4,1,1,1,6,3,1,22,9,13,14,1,20,1,1,6,10,19,6,1,18,20,1,18,1,18,10,6,14,1,15,1,1,7,14,1,6,9,1,1,1,19,1,1,12,1,12,13,1,1,16,1,16,6,14,7,5,1,1,22,16,1,2,1,1,9,13,1,1,17,1,13,8,1,1,1,45,21,15,10,1,8,12,1,1,1,11,11,17,13,1,17,1,1,1,1,1,1,1,15,10,7,20,19,17,5,3,1,1,1,1,1,20,3,1,1,11,1,1,1,1,1,12,1,12,9,1,19,22,9,20,1,1,11,16,8,9,10,12,17,21,17,13,20,8,23,12,1,1,1,1,7,1,5,1,16,9,12,8,1,1,1,1,1,8,10,1,4,2,11,19,1,14,12,1,19,11,1,7,1,12,13,7,1,12,18,13,1,11,18,14,1,14,1,1,14,1,1,13,16,1,1,7,9,6,10,7,5,120,15,23,1,1,13,15,1,1,1,10,8,1,1,1,51,19,11,1,3,1,12,1,10,1,1,12,17,1,15,1,1,17,5,16,89,3,19,7,23,1,1,15,1,12,1,1,6,33,1,1,1,12,2,9,1,1,1,1,1,9,13,16,14,1,15,15,11,13,1,1,1,19,8,1,1,1,1,15,1,5,1,1,3,1,1,1,17,17,1,13,1,11,7,1,1,1,28,24,8,9,12,1,9,14,1,1,15,15,20,1,1,14,14,1,10,43,1,1,9,15,10,1,1,14,1,11,1,15,13,1,1,1,12,16,6,16,8,1,1,1,1,11,14,1,1,1,1,1,1,1,15,1,1,13,1,18,2,6,11,13,6,15,1,15,1,1,29,1,12,1,11,7,13,9,1,19,1,11,14,1,6,13,5,22,1,11,1,1,1,6,1,1,1,16,1,10,1,1,6,1,13,1,2,23,1,15,17,1,14,1,17,73,1,15,1,173,1,1,1,1,1,10,15,1,20,17,15,1,1,16,1,1,1,1,1,1,1,1,1,1,8,1,1,1,7,1,19,14,8,1,1,1,15,12,10,24,20,12,10,13,1,1,1,12,5,26,1,1,2,26,1,8,1,19,1,14,1,14,1,13,1,13,21,25,1,1,1,1,11,12,2,9,4,1,7,11,1,8,1,1,12,10,16,22,14,1,1,1,1,11,1,1,1,1,1,22,83,1,9,1,20,11,19,9,7,1,1,15,1,11,13,1,1,1,16,9,1,8,8,17,10,1,1,1,9,6,1,5,1,1,1,1,7,1,1,1,14,1,19,9,1,1,1,1,1,1,1,1,1,7,8,15,1,25,12,6,93,1,3,1,17,13,1,9,14,12,16,2,1,9,1,1,77,10,1,1,1,1,1,12,15,1,7,1,3,1,17,13,1,7,12,14,1,1,13,11,1,1,1,1,9,1,12,1,20,28,8,17,1,13,1,8,19,1,16,22,1,1,15,12,1,1,17,1,1,1,23,12,1,9,1,18,16,68,1,1,95,19,11,1,13,4,15,18,1,17,1,14,7,7,12,1,1,1,1,1,10,1,1,1,17,19,2,21,1,1,10,9,1,3,1,12,12,1,1,1,14,14,20,1,11,9,1,1,15,1,1,1,14,1,14,8,1,14,2,8,1,1,1,1,1,20,7,8,15,13,1,21,10,7,10,18,9,3,20,7,1,1,4,20,1,22,5,8,1,1,22,15,1,1,13,5,1,1,1,19,1,14,1,9,22,1,19,12,1,1,11,1,1,1,1,18,9,1,1,1,10,1,1,1,1,10,16,1,1,11,6,1,10,1,1,9,17,14,1,8,1,6,16,1,1,1,16,12,2,12,1,1,1,12,1,1,1,1,15,1,2,6,10,1,1,1,9,1,1,1,11,3,2,1,3,30,1,2,1,2,4,1,1,7,1,1,13,9,10,30,26,11,1,3,12,2,10,3,1,1,8,1,1,18,8,9,1,19,16,1,1,17,1,22,1,1,2,11,15,1,16,5,8,14,1,11,12,17,16,102,1,12,1,9,1,2,13,13,6,11,12,23,1,13,1,9,44,15,1,2,9,17,1,7,1,1,10,1,13,1,1,1,1,1,9,13,1,14,2,13,1,1,1,9,9,12,18,1,1,9,11,12,1,13,19,1,1,3,1,1,1,1,1,10,15,15,10,1,1,27,9,11,9,1,1,5,16,1,1,1,11,14,4,1,1,1,1,8,11,1,11,8,1,1,11,1,1,15,9,1,13,5,1,8,15,1,12,5,10,11,14,1,1,7,1,1,1,1,1,5,14,1,1,13,1,1,1,7,1,1,1,11,20,1,1,1,1,22,1,1,8,1,1,1,1,1,15,1,6,1,1,1,1,11,1,1,1,12,10,12,3,1,12,16,16,2,15,1,1,18,81,18,1,13,32,1,1,1,13,1,15,1,1,1,13,1,1,16,8,1,51,2,1,1,11,1,1,9,17,20,17,21,1,10,9,1,1,7,16,13,10,10,45,13,11,9,1,1,1,16,23,2,1,20,6,1,6,2,1,15,2,17,18,16,13,7,1,1,1,2,1,13,15,1,18,14,1,1,12,13,9,1,1,12,1,1,6,10,64,18,1,1,1,1,6,1,1,1,13,1,1,16,1,6,12,11,1,16,1,9,10,1,10,1,12,1,12,9,1,1,1,1,1,3,4,7,9,4,7,11,13,17,1,2,10,1,1,1,1,1,15,18,13,12,1,1,9,18,1,15,13,1,12,14,1,12,9,1,1,8,10,13,20,1,14,1,2,17,1,16,1,1,14,1,17,1,7,1,1,31,1,11,13,1,7,1,4,1,1,32,9,2,1,9,14,1,1,1,1,12,1,1,26,1,21,1,1,1,2,1,5,1,11,1,11,1,4,1,16,9,1,9,1,1,1,1,1,12,4,1,70,1,1,23,1,16,22,1,16,1,14,13,12,12,34,14,1,7,11,1,957,1,18,4,1,1,1,1,1,1,1,8,1,19,18,1,1,1,14,12,11,1,1,6,19,1,15,1,1,1,1,11,1,13,10,11,10,9,6,6,1,1,18,11,1,6,17,1,11,1,1,2,1,1,11,26,12,1,1,1,1,1,1,1,4,1,1,1,1,3,3,1,23,1,1,1,1,10,14,1,10,1,1,1,3,15,2,1,1,11,15,13,15,19,20,8,14,1,14,3,1,1,17,22,5,13,16,1,1,3,13,1,1,1,12,1,1,13,1,5,1,1,1,11,1,10,1,13,1,1,11,1,1,1,1,1,1,1,14,1,35,14,17,17,8,1,20,2,16,1,18,16,1,9,1,1,1,1,3,10,1,17,1,1,1,1,15,15,1,1,13,1,1,1,1,1,19,1,3,1,2,1,6,1,10,10,3,38,1,1,10,15,1,8,1,79,4,12,15,6,2,1,1,45,1,1,11,14,16,19,1,1,17,12,11,18,15,15,1,13,8,1,2,1,1,13,1,28,8,13,1,1,10,23,1,1,10,1,12,1,15,26,18,1,12,1,1,5,19,14,1,1,1,6,15,1,1,1,1,1,12,1,1,1,1,14,1,1,16,5,1,8,2,1,6,1,16,11,1,2,5,1,13,1,1,11,12,1,6,1,32,1,10,10,19,14,1,13,5,85,1,7,10,1,8,10,12,11,14,1,1,1,1,10,6,16,12,9,23,1,6,14,28,22,1,1,1,1,1,19,6,1,1,11,13,1,1,1,1,1,1,13,9,14,14,1,2,19,19,17,9,11,1,1,1,14,1,1,1,10,1,1,1,9,6,10,1,15,14,1,13,1,19,1,14,1,21,22,9,1,9,10,1,1,13,1,4,1,19,1,17,15,1,1,16,21,1,14,1,10,1,13,1,1,1,1,2,8,15,13,1,2,1,1,57,2,16,16,1,1,2,1,1,1,2,1,5,8,1,16,7,7,1,1,1,8,1,20,11,1,14,30,1,1,1,198,1,6,1,1,1,11,16,1,1,11,1,10,19,5,22,1,16,13,1,12,22,20,1,10,3,11,1,1,10,1,1,1,1,1,1,14,1,25,11,1,1,10,1,6,17,24,2,1,5,9,31,1,1,12,2,1,1,15,10,11,8,1,1,9,13,8,1,1,3,20,6,9,1,1,1,32,10,23,2,2,1,4,9,3,17,16,19,1,1,9,10,1,16,2,1,43,10,17,1,6,1,1,1,1,10,1,15,31,1,12,9,14,1,1,18,1,1,18,8,1,1,1,18,1,12,1,10,24,1,1,5,13,1,1,1,1,1,15,12,1,7,1,1,10,1,11,7,9,4,1,16,3,16,1,13,1,10498,14,18,1,1,17,1,16,8,8,18,1,1,1,1,10,1,1,1,9,1,4,7,1,12,9,1,6,1,1,4,1,13,24,16,13,1,1,1,1,16,13,10,1,1,11,8,26,1,34,1,1,11,1,20,2,1,11,1,1,1,1,1,22,17,17,72,10,20,4,1,9,10,9,1,1,1,1,1,15,14,13,6,1,19,1,15,1,15,1,14,30,1,15,10,1,11,1,1,9,1,1,17,6,17,16,1,6,23,6,12,10,1,1,16,15,1,1,1,1,17,17,1,1,1,1,1,1,1,1,1,1,14,1,1,11,16,25,1,11,1,20,1,11,1,14,9,1,1,1,1,15,1,1,1,8,1,1,4,13,9,1,8,1,1,1,1,1,13,18,14,72,26,1,1,15,1,1,1,9,1,15,1,1,76,1,17,1,14,1,269,16,13,12,2,15,1,13,2,1,7,15,10,1,1,14,54,1,14,3,5,15,11,11,9,10,17,5,9,10,1,11,11,13,8,12,14,10,1,1,20,1,10,1,1,11,1,1,8,10,8,18,20,12,7,1,1,12,15,9,1,15,12,9,1,22,1,11,5,13,1,4,12,1,14,15,1,1,10,18,12,1,17,10,14,11,1,1,11,1,9,13,1,1,8,11,5,1,14,12,21,20,4,1,11,1,16,1,20,1,11,18,8,14,1,10,1,15,3,17,1,1,7,4,1,1,1,78,1,12,1,1,2,11,1,10,7,10,1,15,1,11,5,1,21,9,1,1,2,1,30,1,9,1,6,13,1,11,1,1,3,88,1,37,9,1,4,20,13,1,16,1,1,12,12,1,1,7,10,1,1,1,56,1,1,12,114,11,1,1,1,7,11,1,7,11,11,15,1,6,1,11,1,1,3,9,16,6,22,3,1,12,1,21,1,12,1,7,17,1,1,1,14,7,12,1,1,4,18,9,1,25,1,19,9,10,12,1,1,1,1,1162,12,1,15,18,1,14,1,9,10,11,18,12,13,1,1,1,7,14,27,1,1,13,1,77,7,11,1,13,15,1,14,14,13,16,10,18,7,11,1,11,7,12,1,10,2,1,1,11,17,1,1,19,1,10,9,1,1,1,19,9,1,16,1,1,74,10,1,1,1,1,1,1,1,14,16,2,12,1,11,17,13,11,19,9,1,12,20,20,1,15,1,1,1,17,1,14,10,1,1,1,1,1,23,1,13,1,1,1,1,1,16,1,12,10,13,19,1,1,1,1,1,1,10,24,20,1,1,12,17,1,1,17,1,17,1,15,10,1,1,22,11,7,18,1,1,1,1,11,1,1,1,14,1,18,1,1,1,11,12,4,31,18,23,7,1,4,1,10,1,1,17,15,1,1,18,1,10,1,1,1,10,1,19,1,1,1,405,4,1,1,1,11,1,128,1,7,1,1,10,9,9,1,14,1,11,11,16,8,16,1,1,10,14,1,15,11,9,15,1,1,11,14,19,7,1,2,14,1,1,1,1,1,10,1,1,1,1,9,1,9,18,2,1,1,12,1,9,10,9,16,6,1,11,7,16,1,14,1,8,1,1,1,14,15,1,1,15,10,9,17,36,1,1,7,1,1,5,18,1,1,7,1,13,17,9,1,109,19,1,1,255,1,1,13,6,10,1,2,1,34,1,12,1,2,1,1,15,98,1,13,9,15,1,1,1,1,11,18,72,1,16,18,1,1,1,50,13,1,19,14,14,13,7,11,1,14,1,1,1,9,1,14,1,2,15,1,7,7,10,21,1,2,7,1,1,1,1,4,12,1,1,1,22,1,1,11,1,1,11,9,1,1,6,3,1,4,1,1,1,16,12,16,12,1,13,12,19,7,16,1,1,4,9,1,1,9,11,1,11,7,1,14,1,14,14,15,1,1,3,1,19,1,3,1,1,9,6,1,1,28,16,6,1,1,8,16,11,8,7,11,1,1,1,1,1,10,1,2,1,11,9,1,11,1,1,1,1,1,13,1,1,42,15,4,1,2,8,1,1,1,13,1,10,14,13,10,1,1,1,1,1,7,1,17,1,5,1,1,1,12,11,1,1,11,10,20,1,12,1,15,1,1,1,1,14,1,21,14,13,28,16,1,4,18,1,4,1,1,17,1,13,11,1,1,16,1,8,11,1,13,6,25,1,1,10,12,6,18,1,1,10,1,1,10,20,3,1,1,14,15,15,1,15,10,1,6,12,1,9,1,15,13,1,14,2,12,14,11,14,11,1,1,9,1,20,11,1,96,1,1,14,1,9,1,1,9,13,14,1,1,12,9,1,15,1,1,1,10,11,1,1,1,1,1,12,26,1,14,37,1,1,12,1,19,1,10,26,11,15,1,12,9,39,15,1,1,12,4,1,1,1,1,1,11,1,12,21,1,21,15,18,5,13,1,20,1,1,16,12,17,1,1,1,1,1,8,19,1,4,1,1,9,9,1,4,1,1,1,6,1,2,1,18,19,12,1,1,16,9,23,17,12,16,7,21,12,1,7,17,1,1,1,1,11,1,1,1,21,1,7,1,8,14,11,1,8,1,10,11,20,17,3,8,1,12,5,6,1,1,17,27,2,5,1,2,2,15,1,17,1,1,1,24,3,1,1,1,60,19,1,25,17,1,1,13,11,1,2,1,1,1,13,14,14,13,1,1,38,12,12,12,1,2,1,1,11,12,13,11,1,5,12,1,15,1,1,9,10,11,1,1,1,11,17,11,14,1,14,1,3,1,1,18,1,1,1,12,1,1,1,9,15,1,1,1,10,10,10,1,1,1,8,14,1,16,17,1,1,11,1,50,1,1,14,2,3,1,9,1,1,1,1,1,13,1,6,1,10,20,14,11,1,1,1,10,1,1,26,1,1,1,21,16,1,1,52,8,6,8,9,9,9,7,2,11,11,1,11,16,6,7,6,14,41,1,1,1,15,7,1,12,1,18,15,1,3,2,1,13,1,6,13,8,1,9,11,1,1,15,17,1,1,11,1,1,12,23,10,1,6,10,1,15,4,12,17,1,293,1,22,1,15,13,1,9,16,2,3,12,10,11,13,1,1,13,12,1,2,13,1,9,1,19,7,12,1,1,11,5,69,34,10,1,1,1,1,1,7,19,1,1,1,4,1,20,1,3,10,1,1,1,8,1,1,1,13,8,88,21,1,1,1,1,3,1,18,1,1,1,1,1,5,8,1,1,15,11,1,7,1,6,1,1,5,5,1,1,7,13,12,18,1,1,22,14,17,22,1,1,12,16,1,1,1,1,1,1,1,13,1,1,13,1,1,1,1,1,18,9,1,1,9,22,49,1,16,1,1,20,1,1,1,1,17,23,1,11,17,1,1,3,1,1,9,1,14,1,1,10,8,4,1,1,16,1,30,1,14,17,11,1,1,1,1,8,1,64,10,11,16,1,12,1,1,1,1,1,16,10,1,8,1,12,1,1,1,1,1,1,1,1,4,9,1,1,6,1,1,64,6,6,1,1,1,1,1,21,1,1,15,4,1,24,1,14,1,1,1,1,1,1,12,1,11,10,1,16,1,16,48,13,1,10,10,12,2,9,13,1,11,12,1,1,13,1,12,1,1,1620,8,1,1,1,1,1,1,4,15,4,1,6,13,19,11,1,1,1,9,1,1,1,1,18,1,8,1,11,6,14,1,77,14,18,10,21,5,1,1,24,14,19,11,15,15,1,15,6,1,14,12,9,9,1,13,1,12,1,1,1,8,13,1,10,1,7,1,1,1,1,1,9,1,8,13,13,18,2,21,13,19,1,1,1,1,21,18,17,1,10,4,8,1,1,1,1,1,13,13,1,13,11,6,15,1,1,1,10,1,22,22,1,9,1,15,1,1,1,8,1,10,1,9,10,1,6,1,1,1,11,1,14,25,13,11,14,1,1,7,1,3,9,13,45,8,12,14,18,1,1,1,15,11,1,1,8,1,1,1,1,1,11,1,1,11,1,1,10,13,4,20,17,1,1,11,1,10,1,8,10,18,10,1,11,2,1,7,8,11,14,1,1,12,1,1,12,15,1,1,1,8,1,1,19,10,1,34,8,1,5,1,14,13,23,1,1,11,15,1,11,15,1,17,10,1,1,16,1,1,1,12,1,2,1,15,1,1,1,1,16,1,9,1,1,18,6,1,1,1,11,11,1,1,11,2,11,20,1,1,8,11,1,1,16,1,7,6,30,11,1,16,1,1,23,12,10,1,18,8,28,10,8,1,11,1,14,11,9,1,13,1,1,2,1,1,6,4,12,7,1,1,13,13,1,7,1,1,6,1,1,1,18,1,1,13,10,1,1,1,1,11,19,5,10,1,19,1,21,6,1,6,1,7,24,9,1,10,14,14,16,12,1,1,1,1,1,1,1,1,14,1,1,13,8,11,1,1,1,1,1,1,12,1,1,1,1,1,12,10,8,1,1,12,1,1,1,16,12,2,11,27,1,12,3,15,1,1,1,1,1,6,1,1,1,2,9,1,12,30,2,1,1,16,8,1,13,1,8,1,1,1,1,2,16,11,1,1,1,1,1,12,1,11,10,19,1,20,12,1,1,1,10,1,1,14,1,1,14,12,1,1,12,13,1,16,12,1,11,1,83,10,1,4,10,9,9,1,13,1,8,11,16,1,8,1,1,1,1,15,1,15,1,7,13,1,1,1,12,22,1,12,15,1,1,1,5,1,1,8,10,9,1,1,1,1,20,114,2,9,1,5,1,1,1,11,1,1,1,13,1,14,10,9,10,1,8,13,12,1,19,24,17,6,2,107,1,16,7,1,1,1,8,1,16,2,1,1,1,18,1,1,29,1,12,1,9,1,1,16,8,23,12,1,1,1,1,19,19,1,1,1,1,1,1,1,1,1,17,20,1,13,16,19,32,2,14,14,16,14,11,1,1,1,1,1,15,1,1,15,14,2,1,9,13,1,1,1,6,1,16,12,13,1,11,1,10,6,1,12,14,10,15,1,13,10,1,1,1,1,1,13,21,1,1,57,1,7,19,1,1,1,1,13,10,1,16,9,1,1,1,1,6,17,1,1,1,12,6,8,1,8,5,1,15,1,12,1,9,10,1,1,10,1,12,1,13,2,1,25,11,14,1,24,1,15,16,12,13,1,10,12,12,1,13,18,1,25,34,4,8,7,9,10,19,19,1,1,1,1,1,13,1,1,1,15,5,1,4,15,1,16,1,7,1,11,2,21,1,11,1,12,1,1,10,10,1,1,13,21,1,67,20,20,2,1,15,1,1,18,1,21,1,4,1,16,1,1,1,9,1,9,1,1,15,13,33,4,14,13,7,1,16,17,18,1,1,10,1,2,1,9,1,11,1,1,1,1,11,5,21,15,12,11,9,10,14,12,1,1,1,5,1,1,1,1,7,1,8,1,1,1,1,1,1,1,18,1,9,5,1,1,6,14,1,10,13,1,12,18,8,1,1,13,1,23,1,1,1,2,11,1,1,1,16,9,10,1,1,13,14,1,21,22,12,1,1,13,1,1,1,1,6,1,1,15,1,14,2,3,1,1,1,16,9,12,13,20,14,1,1,10,10,24,6,2,1,1,42,11,9,15,11,1,11,9,21,1,1,1,41,10,19,1,1,1,9,15,1,1,1,1,4,5,49,5,9,1,1,16,19,1,27,3,1,11,1,12,18,1,1,10,29,1,15,1,1,1,1,1,10,7,19,12,9,1,22,10,14,16,1,1,11,12,18,16,15,1,8,1,6,4,7,7,1,1,1,1,9,1,14,4,6,1,7,7,11,3,3,16,15,12,1,1,15,1,9,1,9,15,1,1,1,1,1,40,15,1,15,1,5,13,13,1,11,16,1,1,14,1,1,20,1,18,2,1,12,1,1,1,12,10,33,12,1,15,1,1,1,1,1,1,1,1,1,30,10,11,1,12,1,20,17,17,16,1,9,1,8,1,1,1,1,3,1,13,15,15,2,1,17,14,1,22,14,1,16,12,1,1,1,16,1,1,8,1,1,18,1,14,1,1,1,1,16,1,12,1,12,1,23,12,1,1,1,1,1,1,1,12,1,1,14,1,2,17,1,17,1,1,7,19,4,1,1,1,10,1,1,1,16,10,3,8,1,1,1,8,1,1,1,1,21,1,1,1,9,19,1,56,1,12,11,10,1,1,1,5,1,1,1,1,1,5,1,11,14,1,1,9,1,1,1,1,1,12,16,1,1,1,1,11,12,1,1,1,1,11,1,1,1,8,1,1,17,12,9,18,1,15,11,1,13,1,1,9,17,7,12,9,3,1,17,1,6,1,1,1,1,13,1,15,1,9,1,1,1,1,11,1,20,6,8,1,1,13,1,2,12,1,1,4,1,1,6,8,1,10,14,1,17,15,20,13,1,1,1,11,1,11,1,5,1,1,6,1,1,2,1,10,1,3,6,1,4,1,11,15,1,17,1,1,11,1,1,17,1,1,24,7,13,1,1,12,1,16,1,1,11,9,1,15,1,1,1,27,12,1,15,8,1,10,1,1,10,6,1,19,1,1,7,12,1,1,12,1,1,13,1,11,1,8,66,14,1,1,1,15,1,2,1,1,1,12,12,23,1,1,1,3,1,15,8,14,1,1,19,1,14,14,2,1,18,1,1,13,14,1,1,10,15,8,1,1,13,17,20,1,11,1,1,1,1,1,1,1,1,19,28,14,1,1,16,21,1,16,9,1,1,1,1,11,1,1,9,12,7,1,17,24,14,2,1,14,1,8,1,1,9,7,1,9,13,17,1,1,10,1,11,1,1,1,1,5,5,7,1,27,19,1,5,1,8,1,2,1,1,1,1,6,1,1,4,1,9,1,15,14,1,1,1,10,2,15,1,2,1,14,5,10,10,1,11,1,10,1,13,7,26,1,4,11,1,1,1,1,11,9,5,1,14,11,1,1,1,11,1,7,4,1,14,1,1,1,1,17,1,2,1,13,1,3,20,47,1,1,1,1,8,1,1,1,14,1,1,2,14,1,1,11,11,1,1,1,71,1,9,12,1,1,11,1,5,1,11,1,10,11,2,1,1,83,17,4,1,1,1,23,17,1,11,13,1,18,16,1,13,7,1,1,1,1,1,1,1,1,20,12,1,24,15,1,18,1,6,1,3,1,16,1,9,1,1,12,1,1,5,1,18,71,1,1,6,1,1,1,1,1,1,15,1,1,1,1,13,5,8,5,1,11,1,10,17,1,15,16,13,1,1,1,12,16,1,1,1,1,1,12,1,1,1,11,2,1,1,14,1,14,64,18,10,1,1,12,1,1,1,12,1,15,1,1,13,9,12,10,11,12,1,22,69,1,1,19,11,1,3,1,1,19,1,2,1,12,2,17,19,1,1,1,1,1,1,1,1,17,1,7,12,3,1,1,11,12,24,8,8,7,1,10,3,1,5,7,1,2,13,13,1,1,2,1,1,2,1,1,17,7,16,1,9,6,1,1,9,1,2,1,6,19,2,28,14,1,1,1,2,18,5,13,10,1,10,21,1,1,1,2,1,1,1,9,1,24,29,1,8,14,15,1,2,8,18,1,16,1,18,1,1,1,9,10,1,1,7,1,6,1,1,1,4,1,17,1,16,8,1,286,1,3208,1,15,16,20,15,1,14,19,1,17,58,1,15,1,17,1,2,15,5,16,1,7,16,13,11,1,7,17,1,10,20,1,10,1,1,18,3,6,16,12,14,1,1,15,1,1,15,1,1,2,3,1,1,4,20,1,2,18,15,8,1,1,1,12,12,6,12,1,10,3,11,1,1,1,1,9,1,4,1,2,1,13,1,7,9,1,14,15,1,1,34,8,11,1,1,12,1,13,1,1,1,1,1,13,1,11,1,13,17,1,12,1,1,5,14,1,8,9,19,28,14,10,1,9,10,1,1,3,11,15,41,1,1,1,1,1,29,1,8,24,14,17,6,19,8,1,11,1,2,7,1,14,14,1,5,13,18,13,17,58,17,1,1,1,10,8,5,1,1,1,1,4,15,537,1,12,4,1,9,1,1,8,16,1,15,6,1,4,5,11,10,16,16,14,24,1,20,8,1,21,1,1,1,12,1,14,1,1,1,1,7,10,16,1,8,1,24,17,12,1,1,1,9,1,10,1,1,1,1,20,1,12,1,24,79,1,1,5,7,1,1,1,15,75,1,1,1,1,6,1,16,16,1,10,1,1,12,8,1,5,11,1,14,1,1,1,13,1,5,1,1,1,13,19,18,77,6,10,1,1,1,13,8,1,1,2,1,1,8,6,1,1,1,19,15,71,1,1,14,14,1,1,13,12,15,1,1,12,1,1,9,1,5,9,1,1,8,1,13,1,1,1,8,1,8,1,12,1,98,1,1,1,10,7,1,16,1,14,16,17,8,1,15,1,1,1,1,7,1,13,16,15,1,1,9,18,1,1,1,13,1,3,1,9,7,9,1,1,1,15,1,1,1,1,11,9,11,9,1,1,1,1,11,1,7,1,9,21,1,12,1,1,1,1,1,1,5,18,13,1,1,3,1,83,1,1,1,1,1,1,22,1,1,1,6,8,12,14,1,1,13,15,1,1,1,1,9,1,20,1,10,5,8,1,18,2,16,1,17,18,5,1,2,1,27,7,22,1,1,1,1,1,1,10,1,1,1,1,8,6,1,15,1,7,13,1,16,1,1,16,3,1,4,1,9,1,1,10,39,1,14,1,1,1,1,7,3,1,11,1,16,5,1,1,2,1,3,1,10,4,60,7,1,13,12,1,2,1,1,11,1,19,1,1,1,1,1,1,1,1,19,1,24,1,1,1,5,1,1,5,16,1,1,1,19,1,17,1,1,1,13,10,1,1,12,1,7,14,1,11,17,1,6,1,2,13,14,1,1,1,1,1,1,13,15,2,1,6,15,14,1,1,14,12,9,15,1,17,20,14,9,12,1,1,12,1,1,1,8,1,1,1,1,9,1,19,1,15,15,16,1,1,1,1,13,9,1,15,5,1,1,8,14,10,1,1,9,1,1,1,37,22,1,1,9,32,19,17,8,1,17,13,15,1,11,1,13,7,20,19,19,3,16,16,1,1,9,1,12,1,1,1,1,1,12,1,1,1,1,19,14,9,1,1,26,1,9,17,1,14,1,11,8,10,2,10,1,1,19,1,18,2,13,4,4,1,1,10,1,1,16,2,34,1,15,1,5,13,9,11,1,8,15,12,1,19,1,9,8,9,9,5,13,14,9,1,15,13,1,15,14,12,8,7,1,34,12,1,13,1,14,2,1,1,19,18,21,18,11,16,7,1,20,11,17,1,1,1,12,7,1,16,18,2,1,10,1,10,16,8,13,1,18,1,14,7,2,13,1,1,1,6,7,1,1,7,7,11,21,15,8,12,14,1,1,17,19,6,2,1,1,1,19,16,1,11,12,12,1,2,1,1,8,24,16,1,16,1,55839,16,1,13,1,1,13,40,8,1,1,11,8,15,1,1,8,12,9,9,10,12,9,1,1,1,15,1,1,15,1,14,1,1,1,10,15,15,1,1,1,1,1,1,1,23,14,16,9,12,17,15,4,13,9,17,1,7,1,13,17,1,1,12,1,5,4,1,13,1,12,1,3,1,4,9,1,13,1,30,17,9,1,20,9,22,1,1,1,12,12,19,16,1,1,1,17,1,17,9,13,1,1,10,1,9,5,1,1,15,1,9,13,16,1,2,16,18,16,13,1,1,14,17,2,82,1,3,1,14,17,13,14,1,11,14,20,20,26,1,1,18,4,1,8,15,1,14,1,3,1,15,9,15,13,16,14,1,11,10,12,1,10,1,21,19,13,1,16,14,1,1,14,1,9,1,13,10,12,20,14,10,1,1,1,19,1,7,12,14,1,12,7,11,4,22,6,1,14,1,12,1,2,13,1,10,1,1,1,1,1,14,1,9,1,1,1,1,7,1,7,9,1,11,1,9,1,11,12,1,1,17,9,54,9,1,5,1,1,1,5,13,131,1,19,2,1,3,1,1,1,7,11,1,1,14,1,1,7,22,23,14,14,1,1,1,12,9,1,17,1,1,18,14,12,7,18,16,30,13,12,16,14,10,1,15,1,1,1,10,20,3,1,66,4,1,1,3,1,1,1,17,21,8,14,26,1,1,1,14,1,1,5,17,1,9,1,1,1,135,7,1,1,10,9,1,1,1,14,12,1,1,1,17,10,21,1,50,17,17,3,10,1,1,1,16,1,13,10,1,9,1,1,1,12,19,1,1,3,1,1,1,19,13,28,12,1,1,1,14,19,1,1,1,1,18,11,16,1,1,3,16,1,13,1,19,7,1,7,1,2,1,10,14,24,13,8,1,16,1,1,1,1,8,1,18,1,11,12,14,1,12,1,1,20,12,11,1,9,1,1,1,1,16,8,13,1,9,10,9,12,1,1,11,1,6,1,10,10,16,1,20,13,1,1,1,16,1,1,1,1,1,1,3,1,13,20,10,1,20,11,4,1,1,1,6,14,1,13,20,14,2,4,5,1,13,13,1,1,1,1,1,1,1,12,1,5,1,2,1,1,1,1,1,9,10,1,9,9,16,1,21,13,1,8,1,16,13,15,26,1,11,1,8,18,1,14,10,1,1,2,10,14,7,7,13,17,12,1,1,14,17,22,1,1,1,18,15,1,16,15,1,1,1,16,13,1,1,10,1,10,1,1,1,1,10,5,19,8,1,11,14,1,1,1,15,1,12,1,1,10,1,13,10,17,1,1,10,1,7,11,1,14,5,1,13,2,1,1,2,9,1,1,12,1,13,1,13,23,8,11,15,16,1,1,1,1,14,18,1,17,91,4,12,1,15,1,1,11,19,15,1,1,1,1,1,1,1,8,1,15,1,9,1,13,8,1,1,1,1,1,1,10,1,1,14,8,2,1,1,1,1,5,17,1,1,7,1,4,8,1,29,9,1,5,2,1,1,1,13,1,1,10,1,18,36,24,1,8,1,15,8,5,1,12,9,1,1,98,1,14,12,14,1,16,12,19,1,7,20,1,1,1,1,1,10,9,9,14,1,11,1,14,9,1,10,16,12,1,10,1,1,10,14,1,1,19,1,7,1,9,1,9,1,1,1,1,11,13,13,12,21,10,10,1,1,11,9,9,11,1,2,9,1,22,1,1,13,13,5,15,1,12,5,12,21,1,2,12,1,10,12,1,14,17,13,1,14,11,17,1,6,7,1,1,13,1,1,15,1,9,1,1,1,7,18,2,15,1,1,13,12,14,10,15,9,1,16,1,25,1,8,14,13,11,15,1,1,1,1,3,16,2,1,17,1,9,1,12,1,1,1,1,1,3,1,1,1,17,1,1,1,1,1,11,22,1,1,19,14,11,2,5,1,15,1,15,1,1,1,12,1,1,10,1,97,1,9,12,1,1,1,12,6,1,10,1,5,1,13,13,20,13,1,1,1,13,1,1,1,77,11,11,1,1,16,1,1,14,11,1,13,11,1,1,14,16,7,1,17,1,1,1,18,14,1,1,1,17,1,4,16,1,15,14,11,1,1,10,10,18,9,1,1,17,10,8,1,1,1,1,1,1,6,18,8,1,10,1,2,1,12,1,10,1,31,23,1,18,14,1,1,15,1,1,12,1,1,14,22,16,8,1,8,1,1,2,1,1,7,1,15,1,1,14,8,2,1,1,1,1,1,9,21,1,19,9,1,1,1,1,2,12,1,1,13,1,11,14,1,1,7,1,14,8,10,12,8,10,8,10,1,12,3,1,1,1,1,9,13,1,1,1,1,1,12,1,1,1,14,26,5,1,1,11,1,2,1,2,1,10,1,1,1,18,1,1,1,8,14,1,1,26,10,10,2,1,23,1,1,10,6,1,5,9,14,18,2,2,18,1,1,1,1,18,11,15,1,18,1,13,11,1,11,1,1,1,12,1,15,1,4,1,3,1,7,8,8,1,8,11,18,12,12,1,10,1,1,2,18,1,1,15,1,11,7,1,1,1,1,1,12,1,17,1,73,6,13,14,1,1,16,12,10,1,15,12,8,1,13,1,24,10,1,10,5,1,13,13,24,1,18,10,20,15,10,20,4,4,1,1,1,1,13,1,1,8,5,1,6,14,25,1,1,1,1,1,1,1,7,1,12,12,15,1,1,1,16,1,9,11,9,16,1,1,1,14,1,20,1,4,9,1,10,1,9,1,1,10,19,1,1,1,7,9,1,15,4,15,14,1,7,14,17,18,1,15,1,1,14,1,11,14,1,19,12,4,1,18,54,1,8,1,1,10,1,1,11,1,1,1,7,18,1,18,1,1,4,2,7,8,17,1,13,14,1,48,1,1,14,1,21,1,4,1,1,1,1,1,9,8,12,9,16,1,1,16,1,17,1,1,23,11,7,1,16,1,7,16,21,18,9,10,1,1,1,12,3,1,14,1,1,1,1,15,1,1,12,18,1,1,14,12,16,1,1,8,13,1,10,19,13,13,12,1,1,1,3,13,12,5,1,1,16,11,1,19,1,14,1,31,1,6,8,13,6,4,1,12,1,10,1,1,11,1,10,1,1,2,14,1,1,1,1,11,1,1,25,1,20,9,1,1,16,12,12,1,1,14,6,14,10,13,11,61,11,1,1,1,3,16,16,1,1,1,15,1,26,8,1,1,11,13,1,11,1,17,1,4,1,5,6,8,8,1,2,1,1,1,1,26,17,1,1,20,1,1,16,1,7,14,16,16,1,10,14,6,14,11,18,11,10,2,5,9,14,17,1,1,1,1,1,1,1,1,13,8,9,1,17,1,14,18,13,1,12,1,5,1,1,26,1,1,1,16,14,11,12,15,1,1,12,16,1,12,19,14,1,9,1,15,1,10,8,1,19,75,6,20,1,18,10,5,14,1,15,1,4,1,18,1,1,1,8,15,18,12,11,1,7,9,1,1,1,13,1,9,23,1,1,1,10,1,1,11,1,21,7,1,12,11,1,1,1,1,1,1,1,20,1,19,1,17,4,10,1,1,19,20,14,1,1,12,21,12,15,30,18,4,14,21,1,1,14,3,1,1,14,1,13,10,1,1,7,1,5,1,1,1,16,10,2,1,17,11,1,10,12,1,1,1,1,1,1,1,1,1,1,1,7,1,17,19,1,1,1,13,1,14,1,15,14,12,1,2,1,14,1,1,8,1,1,1,5,9,1,13,23,1,2,1,1,1,10,1,11,8,13,9,1,15,19,1,6,1,1,12,1,1,1,1,16,13,2,18,19,9,13,1,1,1,1,1,28,1,13,1,1,13,11,34,6,1,10,1,1,15,19,1,1,17,1,7,21,15,8,1,15,2,1,1,1,1,1,1,5,1,12,1,1,1,6,30,7,1,11,14,1,10,1,3,14,11,9,2,17,17,1,12,16,12,4,1,7,20,1,1,1,17,113,9,9,1,1,1,6,16,12,8,1,1,13,6,1,8,1,13,1,1,13,13,14,1,3,13,1,18,27,8,2,12,8,12,11,1,9,1,10,1,11,5,1,9,1,7,13,9,1,10,2,9,1,10,8,7,10,8,1,1,14,1,1,1,1,3,1,39,13,1,14,15,13,1,1,10,6,16,3,1,11,13,1,2,1,5,1,20,1,3,1,1,7,1,25,21,23,1,10,17,7,1,1,13,1,1,13,1,1,13,1,10,8,14,9,240,1,15,17,1,6,10,1,34,15,1,1,1,1,1,15,16,8,16,1,1,1108,19,1,1,7,13,18,12,1,12,1,11,8,7,2,14,10,1,1,1,1,36,10,3,13,1,13,1,14,1,5,1,11,6,13,15,12,38,11,2,1,12,5,18,9,6,18,5,1,1,1,1,12,1,1,10,1,14,1,14,1,6,1,14,13,1,1,3,16,1,19,1,1,19,4,1,13,10,11,1,1,9,13,22,12,1,1,1,10,10,11,1,1,1,1,14,11,1,1,9,1,19,13,15,20,1,1,1,1,1,1,50,1,10,1,47,4,12,1,15,8,12,1,9,1,1,1,14,15,10,6,17,1,7,1,7,1,22,1,5,13,1,1,16,14,26,1,1,1,1,14,9,1,1,9,1,1,12,20,7,1,2,1,1,1,10,1,1,1,9,9,11,1,60,1,20,1,10,10,1,7,10,1,16,1,14,22,7,7,1,11,14,1,1,15,1,7,21,17,13,14,1,1,4,2,10,14,10,15,10,14,1,28,1,1,21,11,17,14,1,14,1,10,10,10,1,1,1,13,11,10,18,14,6,1,1,1,5,1,17,26,7,21,1,1,1,1,10,7,2,5,1,14,21,1,18,1,8,11,1,1,1,1,1,1,1,14,6,8,29,1,1,1,1,1,1,1,1,1,13,18,3,10,1,1,16,14,7,58,1,1,1,5,19,9,20,1,15,1,1,1,1,13,4,1,22,1,1,1,1,1,18,8,1,18,16,5,20,11,1,1,16,1,14,1,16,1,8,3,1,1,17,1,14,1,1,22,10,10,1,16,1,1,15,9,1,1,15,9,18,1,20,1,17,15,1,1,1,1,6,14,1,16,1,19,1,13,10,6,1,1,8,1,1,1,1,1,1,6,6,1,1,6,9,1,1,18,6,1,10,17,27,2,4,9,8,1,1,1,7,10,1,9,8,1,1,4,16,1,16,1,1,10,9,1,9,14,9,12,37,13,11,12,1,1,1,1,7,18,1,1,16,9,9,1,1,10,12,1,1,8,1,6,19,1,1,1,11,1,1,7,1,11,1,14,13,11,11,60,16,1,1,6,5,1,7,8,7,25,14,6,19,1,12,1,1,1,17,59,1,2,1,1,5,15,1,1,1,1,9,16,12,13,1,12,1,9,12,1,8,1,12,20,1,1,1,1,1,1,1,1,11,14,9,1,24,1,1,11,6,1,1,13,9,1,16,1,99,7,1,1,20,14,6,1,1,1,1,20,15,1,1,7,7,1,12,1,1,13,8,13,26,1,17,13,7,18,1,9,1,2,15,11,12,1,1,1,13,7,1,14,17,18,11,30,7,9,1,84,1,1,14,13,1,19,13,1,13,6,1,1,1,16,13,11,1,1,1,1,14,1,8,24,1,15,15,8,17,19,2,4,1,1,1,1,8,22,17,9,1,1,1,1,1,12,12,10,1,1,1,15,1,1,6,9,1,1,7,14,8,1,7,19,1,1,4,1,9,3,1,1,11,1,11,14,3,1,11,10,1,1,10,16,1,1,1,1,1,14,1,1,1,1,1,1,18,1,13,22,14,1,18,11,1,17,15,15,18,1,1,13,12,1,5,9,1,16,1,18,8,1,15,5,1,12,2,1,1,1,1,11,10,25,1,1,6,1,9,16,18,15,16,1,1,17,1,85,1,1,10,11,1,1,14,1,1,1,31,13,23,8,5,1,1,1,1,1,1,11,41,14,9,1,14,20,1,1,12,1,2,1,12,10,19,10,1,8,22,1,1,1,14,1,22,1,1,15,11,1,14,2,16,1,9,15,1,22,1,68,14,2,1,1,1,1,7,1,12,10,11,2,9,7,1,1,1,1,1,1,13,1,1,10,13,7,2,1,1,1,16,1,20,16,1,31,1,18,2,4,17,10,14,1,2,1,1,10,7,9,2,1,14,8,1,1,3,12,1,1,12,10,11,13,1,17,7,11,5,1,1,1,5,1,1,12,1,11,1,2,14,1,1,1,1,17,1,1,1,1,2,1,10,11,2,9,1,1,13,1,1,1,1,10,18,6,1,1,8,13,19,1,18,1,14,1,13,13,1,16,30,8,11,1,9,11,11,8,1,13,1,8,13,12,1,1,3,1,9,1,1,1,1,16,1,1,1,1,17,1,1,2,4,10,1,1,1,9,15,1,14,9,1,10,1,6,1,66,13,14,1,1,1,13,1,1,5,1,4,1,17,6,1,9,2,1,1,1,1,11,1,7,1,1,10,1,7,1,5,1804,10,1,1,1,1,17,8,1,1,8,7,22,20,1,15,11,1,2,1,27,1,1,14,15,1,1,12,16,1,1,9,9,7,12,8,1,1,1,8,9,1,24,1,1,12,9,11,12,1,1,12,2,5,1,1,16,13,1,1,1,1,1,10,1,2,1,1,1,1,10,24,1,11,9,1,16,1,21,1,14,11,12,1,15,2,1,1,15,14,1,1,1,9,7,16,1,12,6,15,1,1,1,7,2,1,1,1,16,12,1,1,1,13,20,7,15,1,22,17,11,15,16,1,10,6,12,17,4,13,1,1,9,1,26,1,6,14,10,1,1,1,17,1,10,1,14,13,19,1,1,16,16,121,1,7,5,7,30,2,1,1,14,12,3,17,9,12,8,21,12,16,1,9,67,1,14,1,1,11,1,18,22,21,1,1,8,20,1,26,13,1,1,1,1,9,1,9,1,10,11,1,1,1,108,1,4,18,1,12,12,19,9,85,3,1,1,11,12,1,9,13,1,7,10,6,1,1,10,1,2,1,50,10,1,12,1,1,1,15,13,1,6,11,23,1,1,18,1,65,1,13,14,17,15,1,11,1,1,1,1,1,12,1,9,3,1,13,1,1,1,1,1,1,13,1,1,1,1,11,12,3,10,1,1,1,1,1,1,1,8,1,1,1,1,1,1,8,3,1,1,9,18,13,9,1,1,13,15,12,4,19,16,10,1,1,7,1,13,14,5,1,9,1,15,2,1,1,10,10,7,12,7,1,12,1,1,1,14,1,1,9,11,1,1,1,1,13,7,11,17,1,12,14,16,1,1,1,12,3,15,1,15,1,1,1,15,1,13,11,19,84,12,1,1,5,8,1,1,1,19,6,1,1,1,1,12,9,1,1,1,14,1,1,1,11,1,13,12,18,1,10,1,1,21,7,14,1,9,10,11,7,9,12,1,8,4,1,12,1,9,1,1,1,1,2,13,21,1,1,2,1,1,14,1,5,48,16,1,11,15,1,15,11,10,16,6,1,1,8,1,15,2,1,1816,11,10,5,1,2,31,1,12,9,9,10,29,7,15,18,11,1,1,1,1,7,1,16,9,7,1,1,1,14,1,12,1,11,15,12,16,1,1,1,1,14,6,17,3,1,1,1,11,8,1,10,1,17,12,1,12,9,1,16,8,15,1,1,6,9,1,20,16,1,1,1,15,1,12,1,1,1,1,1,12,12,1,10,11,1,28,1,16,7,1,1,14,1,1,15,1,14,10,16,6,1,9,1,20,16,1,1,1,1,1,1,12,1,17,1,18,17,1,1,14,1,1,15,1,8,8,18,11,12,1,14,1,15,18,11,1,1,1,1,17,13,80,1,16,1,1,9,1,12,1,1,19,9,5,17,10,8,1,19,1,1,13,22,1,1,1,1,3,1,1,7,7,1,1,1,13,1,19,10,9,24,10,4,1,1,1,12,10,23,21,1,15,1,14,1,1,8,4,3,1,16,19,25,16,10,1,5,1,1,5,1,12,12,12,1,1,8,5,1,1,8,16,1,1,13,1,1,16,1,1,8,4,1,1,1,15,10,1,19,11,11,1,18,14,20,1,16,11,1,1,1,9,7,1,1,13,1,11,9,11,19,13,14,15,17,6,21,17,1,9,11,1,1,9,10,1,1,1,1,1,12,8,14,21,2,11,10,10,1,1,1,15,14,1,7,1,1,12,6,14,7,19,1,1,32,1,9,1,3,17,8,12,9,1,56,8,18,15,1,15,1,10,1,23,15,7,1,1,18,14,10,2,11,14,15,9,1,7,10,2,7,11,6,6,14,1,1,1,1,23,6,1,19,31,8,10,17,1,10,1,1,1,1,1,1,5,1,10,1,18,1,5,1,16,13,1,12,1,13,20,1,16,1,1,12,1,14,6,14,12,1,1,1,117,12,1,1,19,3,1,1,1,1,8,19,14,2,17,12,1,18,1,2,1,1,1,14,1,1,13,1,6,6,1,6,21,11,1,1,1,50,7,1,16,1,12,12,16,5,8,10,1,21,2,5,9,1,1,12,20,15,1,15,9,1,1,15,12,1,10,9,11,4,1,1,1,12,1,1,21,1,2,1,11,1,1,10,1,5,1,1,14,14,1,11,1,1,14,1,10,1,2,9,26,7,5,15,7,2,23,5,1,6,1,1,1,12,11,9,1,1,13,1,13,10,1,1,1,15,1,42,1,1,16,11,14,8,1,21,10,20,1,13,9,14,1,13,1,13,15,1,2,1,9,1,12,15,16,21,23,2,7,11,1,7,1,1,15,4,2,1,15,15,1,1,1,2,11,11,1,18,1,1,13,1,1,16,18,1,1,1,1,8,12,12,1,1,1,7,13,15,2,1,1,22,9,1,1,15,18,9,16,8,13,1,1,12,16,1,1,12,9,3,12,1,8,2,6,19,1,32,5,1,5,1,1,6,1,11,1,21,14,1,1,1,17,17,17,13,1,1,13,1,8,16,1,15,14,1,1,1,2,1,1,1,1,20,1,1,1,1,1,1,19,6,1,1,1,1,1,11,2,1,11,18,10,1,14,6,1,11,1,15,11,11,8,17,17,11,7,1,1,1,1,1,1,13,24,4,16,19,15,7,1,4,1,14,11,8,1,1,17,1,1,8,10,1,1,18,9,9,7,1,1,1,1,13,1,1,1,1,3,1,1,11,1,11,1,9,1,1,1,1,1,13,11,2,8,1,13,1,1,78,12,1,1,9,12,1,1,1,3,1,29,1,8,1,1,14,1,5,14,2,1,22,1,1,12,19,1,15,2,11,1,85,9,18,6,1,12,7,1,16,19,1,16,7,1,1,1,1,12,16,12,1,11,1,13,2,11,10,9,10,1,1,18,15,1,1,11,12,11,1,1,8,6,1,1,14,1,14,1,31,1,1,1,1,10,1,1,1,16,12,14,23,12,1,1,15,1,1,6,24,1,17,11,1,25,2,1,22,19,13,1,1,4,16,10,1,1,20,1,1,26,1,1,1,1,6,20,1,2,1,11,9,1,1,1,1,1,1,1,1,9,1,15,1,21,1,1,22,1,1,1,1,16,14,2,12,19,13,1,1,1,12,20,12,1,6,11,10,16,5,13,1,1,1,1,1,15,11,1,14,1,13,1,16,1,16,1,1,1,8,1,22,11,16,10,1,1,14,30,1,1,11,6,16,2,1,1,8,1,19,1,1,1,9,8,1,5,14,20,1,28,1,11,21,1,1,6,1,9,1,13,1,1,3,1,14,1,22,1,1,7,13,1,19,1,21,18,14,8,9,6,4,1,16,11,1,10,12,1,1,1,1,1,10,1,1,1,1,13,9,1,1,2,1,1,1,1,5,8,1,6,8,22,14,10,1,1,30,19,7,1,7,1,2,9,10,14,1,1,2,1,2,9,1,1,1,18,1,1,17,12,12,1,1,1,1,7,14,1,1,6,1,7,1,1,5,1,12,1,16,21,7,1,77,16,1,1,13,1,2,1,10,6,1,24,5,6,6,1,1,1,22,1,9,16,8,1,11,23,9,1,1,9,72,8,14,1,1,8,1,14,1,5,16,3,1,9,13,1,9,5,1,26,12,8,12,1,1,17,8,1,1,6,1,10,4,1,1,10,20,12,15,1,10,18,8,1,1,1,2,15,1,2,20,1,26,6,1,1,1,1,1,1,11,5,9,1,1,1,14,11,15,11,12,1,2,12,1,5,10,12,1,1,1,15,1,4,1,1,3,17,1,1,1,54,2,1,16,1,17,1,8,10,3,1,1,1,1,1,1,11,1,1,14,1,1,1,48,1,19,18,1,1,1,1,17,14,18,38,1,13,1,1,8,1,1,12,14,1,1,17,1,38,1,15,8,9,1,11,1,17,1,12,1,5,1,11,1,1,1,1,9,13,2,15,53,1,1,1,3,17,18,13,9,1,10,15,1,1,8,12,11,9,3,13,1,9,18,1,20,2,1,13,12,14,10,8,7,17,1,1,1,18,11,10,12,18,1,1,5,1,15,13,19,7,1,1,8,1,19,7,1,14,18,1,1,1,10,1,1,1,1,24,3,1,18,1,1,15,1,1,4,18,14,8,1,17,1,10,1,10,4,1,1,1,10,1,1,1,5,10,1,7,10,19,21,1,1,10,1,13,1,14,1,1,23,1,13,1,1,21,1,1,15,13,4,3,1,18,1,21,12,1,1,11,22,1,1,6,1,1,1,1,1,1,11,1,1,14,11,12,16,9,1,1,7,14,1,12,12,1,2,8,1,1,1,13,1,1,15,17,11,16,12,12,11,16,1,1,1,1,14,17,13,1,19,4,1,1,1,2,1,1,14,9,17,6,11,1,1,1,9,12,8,15,16,15,1,1,14,20,1,1,1,11,6,1,12,18,7,1,1,1,1,16,1,20,1,9,1,1,9,1,1,1,1,8,1,15,1,1,1,12,1,1,6,10,1,1,10,19,9,1,1,13,13,2,1,1,1,18,7971,1,1,9,14,11,1,14,1,1,1,1,17,4,11,1,21,1,1,1,1,1,15,1,11,1,1,14,1,6,19,2,1,15,1,9,10,1,1,1,1,1,19,12,9,1,1,1,12,1,2,1,1,1,1,1,1,1,9,22,10,15,1,1,1,17,17,1,1,12,1,10,14,1,8,29,16,1,1,1,12,9,1,18,12,3,13,1,1,1,8,1,1,15,1,1,15,4,29,1,1,1,12,25,1,1,1,12,15,8,15,19,13,14,14,8,7,6,1,19,20,7,1,1,13,14,1,10,10,1,1,1,1,1,1,1,1,13,1,2,10,1,14,14,1,1,1,1,10,9,10,1,1,10,1,1,13,2,1,1,4,11,1,1,12,1,9,12,1,1,1,1,6,1,12,1,10,18,8,17,1,14,32,6,1,1,19,8,9,1,8,1,7,2,1,1,1,10,13,10,12,13,15,13,1,1,1,23,1,13,10,21,10,8,15,1,1,1,26,1,1,10,1,1,1,17,10,8,1,1,9,27,1,1,6,13,1,8,1,1,1,1,12,11,6,5,1,1,5,1,2,6,1,102,14,12,1,1,1,10,1,10,6,12,8,5,8,1,1,5,5,1,6,18,14,1,2,4,5,12,1,13,15,1,1,1,11,7,13,10,1,15,31,7,1,1,11,1,1,1,1,34,17,1,14,1,1,1,14,1,1,1,16,12,16,57,1,5,1,1,21,15,9,38,1,1,8,4,13,9,3,12,6,28,19,1,2,2,9,43,1,1,1,1,15,67,1,1,9,13,16,24,1,7,6,16,13,2,9,13,1,11,5,1,1,10,16,1,4,1,14,5,10,1,3,10,11,1,13,1,1,1,8,19,1,1,1,1,1,7,1,1,14,23,1,1,1,1,1,1,2,1,1,1,1,10,16,11,12,11,1,20,1,13,1,4,1,13,1,1,1,1,1,1,8,1,1,19,10,102,1,1,1,5,19,16,1,18,12,1,8,1,1,14,1,1,1,1,1,1,1,1,1,11,1,1,1,1,15,7,12,1,13,11,18,1,1,15,23,1,1,1,1,14,23,1,1,1,17,1,1,1,11,9,1,22,9,18,1,27,2,12,11,8,1,13,13,14,9,13,12,1,3,1,11,1,11,10,1,10,14,18,12,10,16,15,1,1,1,1,1,10,1,1,41,1,7,1,1,12,1,1,1,1,1,11,10,16,13,8,17,1,1,3,19,1,22,1,1,10,1,1,77,19,1,4,1,1,14,17,1,1,18,1,7,13,1,1,1,12,12,10,13,28,3,18,1,1,11,8,13,1,1,9,20,1,8,10,17,1,1,1,10,1,1,13,14,17,1,11,1,1,13,5,14,14,1,1,8,1,9,1,7,14,12,1,2,16,11,1,1,7,47,1,1,17,7,1,15,11,1,8,9,1,1,3,7,1,2,7,1,12,1,15,1,15,22,10,11,2,15,12,19,10,1,1,13,1,4,31,16,1,1,8,1,1,10,18,1,1,10,1,1,11,1,13,21,1,1,1,15,6,14,14,22,1,18,14,1,1,1,24,1,1,1,24,1,8,15,1,1,1,1,7,10,10,14,22,14,1,1,17,1,11,14,1,1,2,1,1,15,15,49,13,1,1,2,1,20,16,8,34,1,1,248,14,1,10,10,1,13,14,13,1,1,6,2,1,9,1,1,66,29,1,1,17,1,4,7,1,1,1,1,1,1,7,8,1,2,7,1,1,1,17,8,6,13,1,14,10,17,1,11,1,12,14,1,1,1,8,18,11,5,19,1,1,11,1,14,7,11,8,18,4,8,22,1,15,12,10,7,1,1,8,5,12,1,17,6,10,1,1,6,1,1,1,11,7,20,14,1,1,14,16,9,61,22,7,1,13,1,1,11,1,1,1,1,1,6,1,1,9,28,1,1,11,1,21,1,13,10,19,1,1,1,1,1,22,8,25,18,1,9,11,1,11,1,1,20,1,7,1,14,1,7,16,16,23,12,7,1,1,1,11,5,1,1,4,1,7,5,1,1,7,291,1,1,1,1,12,4,10,1,1,1,2,14,1,17,3,1,8,9,1,12,9,1,1,12,1,1,9,10,13,20,16,17,1,1,1,1,1,1,1,1,6,1,14,1,1,7,1,1,1,1,1,1,1,1,1,16,1,1,9,1,15,15,12,17,7,85,11,2,1,3,8,1,17,1,15,13,1,15,13,17,1,1,1,1,17,10,3,1,8,1,18,12,9,21,12,1,8,1,16,1,3,2,3,1,1,5,1,2,14,1,20,15,13,1,1,16,1,14,20,1,14,18,1,8,17,1,9,16,1,13,11,14,1,10,13,2,1,1,17,12,1,10,1,1,20,1,7,1,12,1,4,12,10,1,11,6,12,1,1,7,1,17,7,13,1,1,25,1,9,1,1,1,14,1,9,1,12,1,1,2,1,1,2,2,1,12,1,1,16,13,1,9,17,15,12,1,11,1,12,1,1,11,1,1,1,6,2,1,1,1,1,1,1,10,13,10,1,1,1,12,2,1,1,1,1,12,1,5,3,20,10,1,1,13,2,1,1,1,18,14,8,20,1,1,1,18,1,20,17,4,9,2,14,10,16,1,12,13,1,1,10,12,1,13,11,1,12,2,1,2,17,1,7,19,1,1,12,21,7,13,16,1,15,29,11,1,10,7,13,1,7,1,1,1,8,1,12,1,13,1,1,1,2,1,16,1,1,1,12,4,11,1,1,13,16,15,19,11,16,1,18,50,14,1,1,1,1,5,1,14,18,1,1,18,3,1,20,15,1,13,1,10,6,1,1,17,13,19,1,1,1,1,1,1,1,1,1,1,19,1,5,14,11,1,1,1,1,5,1,1,1,19,9,1,8,10,10,1,13,1,7,9,12,1,16,11,13,1,1,1,1,13,1,1,14,1,6,14,16,11,1,1,7,1,1,11,1,7,14,8,12,16,1,1,16,1,19,1,1,17,1,15,1,1,1,1,1,12,7,4,11,1,6,1,26,1,1,1,1,1,1,17,1,8,1,13,1,14,1,14,1,1,1,9,1,13,13,1,17,3,14,1,7,9,3,1,1,1,17,13,1,1,8,1,21,1,1,1,14,1,1,1,8,1,1,9,7,13,1,1,25,13,16,13,9,1,1,2,11,1,20,15,1,6,1,1,13,13,1,1,13,13,1,19,18,1,9,12,12,11,1,1,1,1,9,1,15,4,10,1,1,1,7,1,15,10,15,1,17,1,1,1,20,16,1,16,17,1,1,1,12,1,12,8,14,1,11,1,1,18,15,11,2,1,9,1,1,1,8,28,1,12,1,1,9,17,1,1,12,18,1,1,13,67,1,83,1,14,1,1,1,8,1,17,1,1,20,1,13,1,1,18,9,5,1,1,1,1,1,1,3,2,32,17,116,7,7,1,3,13,1,1,1,18,14,9,14,7,1,6,18,7,11,1,1,1,1,1,16,1,2,1,1,1,1,11,1,15,22,11,15,2,14,1,1,1,1,10,1,1,1,7,11,1,1,1,1,1,16,3,21,1,11,11,12,1,1,10,19,7,18,2,9,1,18,1,1,1,15,21,1,12,10,1,8,7,1,6,1,1,18,1,8,7,1,1,1,14,1,13,9,8,21,7,1,1,1,17,1,7,2,1,15,1,1,1,1,12,10,1,1,7,1,1,11,15,1,1,17,21,1,1,1,1,1,1,20,12,1,11,1,1,1,1,1,1,1,19,1,17,1,12,1,23,13,1,1,1,1,13,16,76,11,1,1,5,17,11,1,1,18,20,2,10,13,1,1,1,1,5,13,1,1,1,1,13,1,13,16,1,11,1,12,17,12,1,2,1,1,11,11,1,104,12,19,19,1,1,12,12,4,1,5,18,1,1,1,29,5,1,98,1,13,1,1,16,1,14,1,14,13,8,9,1,14,1,1,14,13,21,2,1,1,336,17,14,9,13,1,1,1,11,13,1,15,11,1,1,12,3,13,2,6,1,12,15,1,1,25,1,1,25,1,6,13,10,1,1,1,8,1,1,1,1,1,1,8,14,1,20,1,1,11,11,8,4,1,13,2,4,12,1,1,8,11,4,1,1,1,2,1,1,1,6,1,13,15,1,1,1,3,1,6,14,15,13,27,10,23,2,1,1,12,1,14,1,11,11,11,1,1,8,1,1,7,10,1,12,1,10,14,6,14,1,8,11,1,1,14,1,3,1,18,4,4,1,1,13,1,12,1,1,1,15,1,1,17,1,10,1,20,1,12,16,1,1,60,9,13,18,14,1,1,11,11,16,8,1,9,1,11,1,36,1,11,18,2,1,12,1,1,1,1,10,15,1,10,5,10,4,12,17,9,10,8,14,15,9,1,3,1,8,1,1,35,1,15,12,1,12,1,10,13,8,9,1,16,1,10,1,1,15,327,117,1,10,9,12,1,1,19,11,10,1,1,15,10,9,5,1,14,8,12,22,1,1,13,17,7,8,1,1,16,1,2,1,14,8,13,9,46,1,1,1,1,1,8,23,8,4,1,1,13,16,1,12,1,12,1,1,15,13,11,12,12,1,10,1,10,1,6,20,13,3,1,13,1,1,1,7,1,6,6,1,22,10,14,11,1,6,1,5,28,1,1,1,1,18,22,3,1,6,15,23,30,1,1,7,1,1,6,6,1,23,1,15,1,6,1,1,17,1,1,1,11,4,1,11,1,1,1,1,16,1,1,11,1,16,1,1,19,14,1,1,1,5,15,1,10,1,19,1,1,1,1,9,12,4,2,14,1,1,1,11,15,14,1,14,18,16,12,1,1,1,21,1,12,1,1,5,4,5,1,17,12,13,1,12,10,1,12,6,19,11,1,1,12,1,1,16,10,1,1,13,4,17,1,11,14,1,1,1,16,1,11,5,1,1,1,11,12,1,11,1,12,4,1,15,1,16,6,1,1,12,2,8,1,1,1,10,1,15,1,12,16,14,1,13,1,1,7,1,1,1,13,13,1,16,1,1,1,1,1,2,1,10,1,1,1,13,1,17,13,1,14,1,17,1,9,13,16,11,1,2,15,16,1,1,2,1,12,1,1,1,1,1,1,14,9,15,10,1,9,1,1,20,21,14,12,2,1,1,1,1,2,1,8,16,13,9,6,11,1,11,15,2,11,1,1,7,9,13,1,13,1,11,1,1,1,22,1,1,1,1,1,10,1,1,1,6,8,1,1,1,17,22,13,1,4,1,1,18,26,1,3,17,1,10,23,31,7,1,90,23,9,10,1,16,1,18,9,1,31,1,1,1,1,1,1,10,14,1,1,10,1,1,32,1,1,6,7,1,11,12,1,1,1,9,2634,8,1,4,1,1,1,1,23,12,1,1,10,1,8,1,6,1,9,1,15,3,1,16,1,14,2,21,1,20,18,1,11,8,1,13,11,1,6,1,11,11,1,9,1,8,1,1,13,1,1,1,9,5,1,16,1,17,1,10,11,9,10,1,1,1,31,8,4,1,1,12,1,12,14,17,15,1,1,1,15,6,1,1,1,7,16,7,1,14,12,1,12,14,1,1,10,1,10,12,14,15,17,1,11,1,17,17,1,1,9,2,1,1,1,1,16,1,16,10,18,15,12,1,14,1,1,8,11,1,11,2,1,1,5,13,2,24,1,9,1,7,1,18,11,12,12,1,14,5,1,1,1,12,1,1,7,19,1,13,1,1,64,1,9,16,1,24,1,10,4,15,23,1,7,1,1,1,1,8,1,8,15,9,14,6,1,22,1,1,14,1,8,1,1,1,10,1,16,7,10,19,1,8,1,1,1,1,1,17,8,13,9,1,15,14,1,1,1,104,20,14,1,18,10,1,1,22,1,6,1,1,12,10,30,16,9,1,1,1,14,1,14,11,6,1,6,13,1,1,12,22,1,5,1,11,5,1,1,1,1,8,10,1,34,17,1,1,2,13,9,15,1,1,10,5,1,8,12,12,1,1,1,1,1,1,4,13,1,1,1,18,1,1,14,1,12,1,1,8,2,18,18,2,15,3,1,1,1,1,1,11,9,1,1,3,1,1,8,2,15,2,1,1,1,1,1,2,19,1,1,1,6,18,1,15,7,1,11,1,15,15,3,1,21,1,11,27,1,1,16,1,1,1,1,1,11,1,13,10,34,1,13,1,1,9,1,1,1,17,1,1,1,2,13,2,16,14,9,16,1,6,1,13,11,1,1,1,10,10,18,1,1,1,112,1,8,1,1,1,9,1,18,1,1,1,19,11,1,1,1,2,15,11,10,1,10,1,1,7,8,12,38,1,17,2,1,1,1,1,1,13,14,1,1,17,1,1,1,12,1,1,13,2,8,5,12,1,14,1,2,1,1,1,16,1,16,1,9,21,1,21,5,1,8,6,13,11,6,1,1,28,1,14,1,13,10,1,12,1,25,17,1,10,1,16,8,1,3,4,14,16,147,10,17,15,10,2,1,11,17,13,10,193,3,1,2,1,1,1,1,1,24,8,14,14,14,10,17,1,16,1,1,1,1,17,11,9,12,1,1,2,10,1,1,7,1,1,1,11,2,10,1,1,12,1,1,1,1,1,16,1,16,6,1,13,1,1,16,1,8,1,1,6,18,1,1,15,17,7,1,12,14,17,13,10,16,1,13,5,7,10,1,1,1,4,1,1,1,1,74,1,12,1,136,1,5,1,15,11,22,15,10,13,11,2,14,1,12,1,1,1,1,1,1,1,1,17,14,14,172,9,75,8,1,8,15,1,14,10,1,1,1,1,2,1,1,4,19,2,1,15,10,1,9,73,1,4,1,11,13,1,1,1,9,1,1,13,7,1,18,1,1,6,12,12,8,5,1,1,13,10,20,1,8,1,1,1,1,2,16,1,1,8,1,10,1,1,9,1,15,1,8,9,14,1,1,1,12,9,3,10,1,1,15,1,1,17,1,1,1,8,11,1,14,1,9,1,1,20,12,1,1,14,9,1,8,1,1,1,7,18,7,17,1,15,7,8,8,13,15,11,1,1,1,43,19,14,1,71,7,8,7,14,10,3,3,1,1,1,16,1,15,1,1,1,11,1,1,1,10,6,1,1,8,15,17,26,3,1,1,1,1,1,15,12,20,1,2,8,12,1,14,1,16,1,1,1,9,5,1,11,4,12,15,1,1,1,17,13,13,7,8,7,13,1,12,1,1,11,1,1,21,1,1,18,18,1,1,2,1,12,12,1,1,1,1,1,17,1,17,8,1,1,1,1,5,1,1,7,1,1,41,5,1,1,12,9,7,1,1,16,17,18750,18,10,1,5,1,1,5,1,1,18,11,1,1,11,1,1,15,1,1,7,1,1,8,1,15,1,1,1,8,1,1,11,8,6,1,2,2,4,1,1,1,1,1,1,7,11,7,12,15,3,1,1,1,1,13,1,12,1,1,18,2,1,1,105,1,1,12,1,28,16,1,74,1,1,1,8,1,1,1,14,1,1,1,17,25,5,17,11,1,15,1,19,1,16,10,17,1,1,14,1,13,5,1,14,19,11,1,14,17,10,1,1,17,1,1,1,17,10,19,1,12,11,1,8,11,12,3,13,1,30,17,6,1,10,4,1,1,1,48,1,8,1,11,2,4,2,6,14,1,1,1,1,1,15,20,14,7,13,1,21,9,6,1,1,1,2,1,15,14,1,21,2,1,1,11,1,1,29,1,1,1,20,1,5,1,6,1,1,8,8,1,1,7,1,5,1,1,8,21,5,1,10,1,1,5,1,1,13,2,1,10,13,13,1,16,1,10,15,1,1,13,13,27,12,1,12,3,1,1,1,1,11,12,16,1,12,16,1,1,19,1,13,1,14,1,15,9,22,1,3,10,1,10,11,10,1,1,2,13,12,1,14,13,7,10,8,6,1,1,8,1,3,1,18,1,7,7,8,16,9,1,16,20,14,1,10,1,1,1,12,4,12,1,2,7,11,10,74,7,1,1,13,17,7,3,1,1,1,1,7,1,10,1,7,1,1,14,11,11,1,6,14,15,1,8,1,13,13,5,1,5,1,9,1,1,9,1,14,10,1,6,10,22,10,1,8,13,73,1,14,13,1,10,1,5,1,1,1,1,6,1,14,1,17,1,9,7,15,12,1,1,1,15,11,1,1,15,1,16,10,8,1,9,13,5,1,1,10,12,1,1,9,13,1,17,13,7,1,12,8,1,6,1,20,1,1,1,1,1,10,1,1,13,1,1,1,1,1,12,9,1,14,15,23,19,2,1,9,11,10,1,1,1,1,12,9,1,7,1,9,1,1,4,15,31,22,11,1,1,1,1,11,1,10,13,1,1,4,12,2,12,42,6,15,1,15,1,1,15,3,1,1,1,1,16,1,1,17,14,1,1,1,39,1,15,1,13,1,21,13,15,15,1,17,1,1,1,1,12,10,1,21,14,1,15,7,1,8,16,10,11,9,93,1,10,12,1,21,1,17,1,1,15,10,7,1,16,1,1,1,15,13,18,1,12,1,10,10,2,12,1,1,17,1,10,1,19,1,1,1,16,1,1,7,1,8,11,1,11,1,3,11,15,11,1,20,6,15,3,9,20,15,9,10,12,2,12,16,18,1,1,9,1,1,1,6,25,14,1,1,1,9,6,1,19,13,1,9,7,1,8,1,10,1,1,1,6,17,1,17,12,1,15,13,1,3,1,1,5,10,1,8,1,8,1,12,1,2,1,1,15,1,4,1,9,13,1,14,1,1,1,1,8,17,1,1,7,6,8,1,1,12,7,14,17,9,1,1,1,10,1,10,1,17,12,12,17,1,1,8,1,1,1,11,17,67,11,1,1,13,43,1,1,14,8,1,1,1,1,1,14,9,1,23,24,8,1,11,1,1,7,24,4,2,19,1,14,1,13,13,1,7,1,10,1,10,11,1,3,2,10,1,25,1,1,14,1,1,1,1,8,1,11,1,1,10,1,9,12,1,14,1,5,16,1,13,1,1,12,16,14,1,1,4,1,1,1,9,15,5,1,1,1,1,1,1,1,1,11,1,22,1,1,1,15,21,1,11,1,7,1,1,1,1,16,11,1,1,8,1,4,1,9,19,10,1,12,1,14,14,5,13,1,15,5,1,6,1,1,12,9,17,15,12,6,1,1,1,1,17,1,1,1,18,1,9,1,1,13,1,6,15,39,1,12,20,1,1,1,21,1,10,13,11,13,1,1,2,3,11,1,2,12,12,1,1,1,1,1,18,1,17,6,19,1,1,12,1,8,1,13,1,11,14,1,1,3,1,16,16,10,16,8,1,1,13,1,1,13,16,1,11,7,1,18,1,1,1,1,1,1,1,1,1,44,1,1,13,1,5,12,20,12,1,13,16,1,1,1,10,1,3,19,12,1,10,1,17,1,9,1,9,12,6,16,13,3,1,12,1,1,11,16,25,8,36,21,1,1,1,1,1,2,11,1,1,19,17,1,1,1,1,21,1,22,1,9,14,1,13,18,1,8,8,1,12,17,12,8,5,1,1,16,14,1,1,13,1,9,1,1,1,1,22,1,1,15,1,1,8,1,1,1,1,2,7,1,1,1,8,6,14,1,1,1,1,1,17,23,6,11,7,1,29,2,8,15,1,2,11,1,1,19,22,1,18,10,12,1,1,13,19,18,1,16,1,8,14,1,10,1,1,13,1,9,26,11,1,9,1,18,2,1,1,2,1,8,1,1,1,1,4,9,20,1,1,1,1,15,17,9,18,16,1,1,1,11,1,12,1,1,13,1,1,13,12,12,1,1,3,1,1,1,16,13,1,10,8,33,11,1,15,20,10,15,16,9,12,7,11,3,1,1,2,1,17,5,1,1,1,1,16,19,1,1,2,17,1,12,1,9,14,7,21,1,1,16,1,1,9,12,1,8,12,12,1,1,20,15,1,12,12,10,8,1,15,9,11,1,1,9,2,1,1,14,10,12,12,10,1,5,6,1,12,1,1,1,17,19,9,8,41,1,9,17,1,1,113,17,12,11,8,1,12,1,6,1,16,11,14,1,9,1,15,1,24,13,14,1,1,1,1,1,1,8,10,4,12,6,1,1,1,4,2,20,4,1,13,1,19,1,7,13,30,15,9,3,1,8,1,13,8,13,1,1,1,1,9,1,10,27,1,1,1,1,4,1,13,11,18,1,11,1,13,2,1,14,1,2,21,12,1,11,15,1,1,1,26,87,1,1,1,1,15,1,20,2,13,23,1,1,8,1,15,9,1,8,17,1,10,1,15,1,1,16,1,1,12,1,12,1,1,20,18,10,20,1,1,1,1,1,12,1,17,1,1,13,12,1,16,1,2,1,1,19,14,1,1,1,16,1,15,1,12,1,14,19,1,1,1,9,10,1,2,17,40,1,1,14,13,19,1,12,1,1,12,14,1,11,19,1,1,1,8,1,12,19,1,18,1,16,1,1,34,1,11,1,1,1,1,9,12,1,10,10,1,1,5,4,25,1,1,1,14,1,1,1,1,12,18,1,8,1,1,10,4,1,15,23,8,18,1,10,1,1,1,1,1,1,6,11,1,16,1,27,1,1,1,1,1,6,1,1,9,12,1,1,8,28,18,13,9,15,9,14,11,1,1,3,7,2,1,25,1,1,17,7,1,1,11,12,1,1,17,1,1,9,1,27,10,11,1,1,1,1,13,1,21,1,13,17,18,17,1,4,8,24,22,1,1,9,1,7,9,9,1,1,7,1,1,15,10,11,1,11,1,1,1,1,15,11,15,19,1,14,19,3,1,1,1,1,1,1,1,17,1,1,12,7,15,16,9,1,8,1,1,1,11,1,13,9,9,1,12,15,1,1,1,14,78,10,9,1,2,1,9,1,1,11,1,10,13,1,8,12,1,9,1,6,8,18,10,15,1,18,1,16,1,11,12,1,1,17,9,16,1,21,1,12,1,1,1,1,1,1,1,9,5,1,17,1,26,10,1,7,1,14,4,2,1,12,16,1,7,8,1,10,12,12,1,1,12,1,17,18,1,1,1,2,1,15,1,1,19,1,15,1,9,1,13,14,10,14,9,11,14,22,1,1,1,1,1,2,10,10,11,19,18,11,11,16,11,11,21,13,19,1,1,1,1,19,1,1,1,1,1,1,9,9,1,1,1,6,1,8,19,1,1,9,1,16,1,11,22,17,11,6,10,1,19,1,10,16,1,11,1,9,1,1,13,1,15,21,21,10,2,1,15,1,12,1,17,15,3,1,15,1,12,1,1,1,10,17,1,5,1,1,19,1,1,12,11,9,1,1,1,5,1,1,7,1,8,11,1,10,1,1,19,14,13,9,1,12,8,16,1,1,9,1,1,1,1,1,1,1,18,22,42,12,1,1,1,1,10,6,17,10,9,7,16,1,1,1,1,1,1,21,1,4,13,3,21,13,8,11,14,1,12,1,1,3,13,14,7,3,1,15,1,1,4,1,18,13,13,1,1,9,1,29,1,1,1,1,1,9,1,12,1,1,1,1,22,16,2,1,1,1,13,19,1,1,15,20,5,10,12,1,14,1,3,28,13,12,9,15,1,1,14,1,2,1,8,11,2,54,1,1,1,1,1,17,13,19,1,1,1,1,1,8,1,6,19,31,1,10,1,21,6,5,1,1,1,15,3,4,3,1,12,1,1,6,1,1,6,1,9,8,1,1,1,11,11,4,9,11,16,1,1,12,11,12,1,1,1,15,8,1,1,14,11,16,1,61,19,23,30,1,5,11,12,19,8,20,14,15,1,1,33,4,10,11,1,1,8,9,1,15,2,11,23,10,1,1,2,1,6,1,17,7,1,13,15,1,1,1,1,9,24,15,1,1,17,1,1,1,3,1,1,1,10,1,20,2,5,1,17,1,15,1,1,1,9,1,14,1,21,3,6,1,1,1,1,1,8,1,1,1,1,19,1,1,8,20,1,1,7,16,8,4,16,1,1,1,7,10,1,6,12,29,5,1,1,1,3,1,1,1,1,1,1,17,15,14,16,1,1,23,14,10,1,13,16,1,14,8,18,13,12,2,1,1,1,1,5,16,1,15,1,12,1,10,12,20,12,1,1,27,9,1,10,12,1,1,1,1,10,9,26,20,1,21,1,10,1,19,1,14,10,1,13,1,1,7,2,228,6,15,15,14,10,1,1,1,11,22,10,1,1,1,9,1,2,15,9,1,1,1,1,10,9,6,1,1,1,14,1,11,10,1,17,11,1,1,1,1,9,16,1,12,14,8,13,2,1,3,14,14,1,7,12,14,10,14,14,6,16,1,2,14,1,12,1,13,15,5,1,1,7,13,10,13,1,9,12,1,11,19,21,1,1,1,1,1,9,29,1,11,1,11,9,15,1,15,1,8,1,1,9,1,1,8,7,10,19,1,13,13,1,12,16,5,1,13,17,1,5,13,12,1,10,14,1,20,1,1,1,1,1,14,1,11,1,1,431,11,1,1,14,8,18,1,9,1,1,1,10,1,11,1,1,8,1,1,1,1,17,14,7,8,18,7,16,14,20,11,14,15,1,10,1,1,1,1,16,1,13,1,14,1,10,1,1,1,1,15,1,20,1,2,1,20,4,1,8,1,1,12,1,1,15,22,1,1,3,10,1,13,12,1,24,1,1,13,1,13,1,2,12,12,1,1,1,7,13,1,1,1,13,1,13,1,9,18,22,14,22,1,1,1,10,12,6,1,12,4,10,1,16,14,1,15,27,13,1,12,10,1,3,16,12,1,2,13,13,1,10,1,1,1,7,1,13,17,3,8,1,18,14,1,14,13,1,67,1,11,10,14,1,11,1,1,9,1,1,12,15,16,1,1,16,4,1,17,25,1,12,1,1,1,1,20,14,16,1,19,14,1,8,1,3,14,1,21,19,13,1,2,11,1,1,5,1,1,15,6,1,12,53,16,1,1,12,12,3,11,1,1,9,17,15,10,18,16,8,1,15,19,14,1,1,16,10,1,1,12,1,15,1,11,1,1,13,1,8,14,16,11,12,1,1,1,16,10,1,14,1,3,1,16,17,13,10,1,11,1,1,14,12,1,19,1,1,1,2,3,1,14,7,1,1,1,10,12,11,1,12,17,10,14,3,19,1,18,18,6,8,1,8,26,9,14,16,8,1,1,14,9,8,13,15,1,8,13,1,11,20,1,10,1,11,1,1,1,16,80,1,14,12,1,8,11,1,1,9,1,17,7,13,1,11,18,16,8,16,1,9,53,8,9,9,6,1,21,1,7,9,1,1,1,1,1,14,1,1,13,8,21,1,6,1,1,14,1,1,1,1,11,9,1,10,13,7,1,1,2,1,1,1,10,10,8,10,9,1,12,257,12,1,1,1,1,1,1,12,1,1,1,1,1,9,1,1,14,1,1,16,10,1,1,1,11,8,12,13,1,9,1,3,1,1,15,2,13,1,10,1,8,1,1,9,1,14,1,12,1,16,1,1,1,12,1,13,5,8,3,9,10,15,7,10,11,1,1,1,1,1,6,12,1,10,10,8,1,1,1,17,7,11,1,1,1,3,12,15,1,16,1,1,1,10,8,1,1,11,1,63,15,12,7,11,1,1,85,14,14,9,1,12,6,1,16,12,1,1,1,25,24,22,7,1,17,16,43,1,11,1,1,9,6,18,8,14,21,1,1,1,14,1,11,10,2,18,177,1,1,1,4,1,1,1,13,1,1,1,1,9,13,1,1,4,19,14,59,15,17,11,14,1,14,1,16,1,1,1,1,12,9,11,12,12,13,1,3,1,9,1,1,1,13,1,1,7,1,1,12,5,1,8,1,1,1,10,1,1,47,7,1,9,1,1,1,2,2,14,5,9,101,1,1,15,1,2,8,1,8,16,1,1,18,4,1,1,7,1,1,1,1,8,12,12,11,12,15,14,14,17,35,13,12,1,14,1,1,1,1,1,2,15,9,1,1,12,1,27,1,18,6,1,1,16,14,10,9,10,1,13,13,1,8,4,1,1,15,1,1,10,11,27,1,2,17,1,1,7,1,22,10,22,1,1,14,1,9,1,1,1,5,18,1,5,1,20,16,1,12,3,1,1,104,1,1,19,18,1,24,21,1,43,1,9,1,1,1,8,5,1,1,1,13,14,1,7,12,1,15,12,3,5,17,1,1,17,3118,1,1,1,11,1,1,1,1,14,1,1,44,1,1,1,1,1,12,16,1,1,1,14,8,1,1,1,15,1,1,6,13,1,1,10,1,1,20,6,3,1,7,1,21,1,15,1,11,9,3,1,11,1,1,5,16,1,12,17,13,1,1,16,1,8,1,1,1,1,1,1,1,1,1,1,1,1,1,12,1,14,19,1,1,15,1,1,1,1,1,12,14,16,10,7,7,1,1,1,1,10,16,1,34,1,8,8,11,12,12,18,1,1,1,9,18,1,15,1,15,24,1,1,17,9,5,11,2,18,1,10,6,1,9,1,11,1,1,1,15,9,21,11,11,14,20,14,1,4,9,1,13,1,1,10,17,14,1,1,1,7,1,1,1,1,1,1,1,1,1,18,6,1,1,8,16,19,9,7,1,1,1,19,4,1,8,1,16,9,44,1,1,1,1,7,1,15,1,13,12,1,1,1,1,63,1,8,9,1,1,1,14,16,1,1,1,1,5,1,11,10,9,1,1,5,14,1,1,1,1,1,1,15,12,13,1,2,15,24,15,17,1,1,12,6,1,52,1,1,21,1,1,1,15,9,1,18,18,1,1,12,14,15,1,12,1,15,11,1,1,1,12,1,1,12,1,1,18,1,13,1,1,8,15,12,15,16,47,12,35,15,39,1,12,5,12,1,7,11,8,10,1,1,17,1,17,1,1,1,1,16,1,16,11,1,1,2,9,1,1,14,1,14,6,16,1,9,455,4,4,19,12,2,1,1,1,8,1,1,1,22,18,1,10,1,14,1,18,1,1,1,8,1,12,31,28,1,14,14,1,1,1,26,1,9,1,9,15,1,1,10,15,14,14,3,3,13,1,10,1,9,14,10,1,22,1,21,9,15,1,1,2,1,16,3,11,11,1,1,5,21,1,1,1,1,19,1,1,1,1,1,1,1,1,1,1,12,8,10,10,13,1,14,1,22,12,27,18,1,1,17,1,11,1,5,12,1,1,12,1,1,1,16,16,1,7,1,21,13,4,11,13,32,16,1,13,13,15,10,2,1,13,13,1,1,11,1,1,1,1,1,1,1,2,1,13,1,9,1,1,15,12,9,1,1,1,1,16,22,18,12,15,1,134,1,1,1,8,18,11,1,8,2,20,1,1,1,11,1,1,18,12,9,24,1,2,11,9,1,5,6,14,11,14,1,1,1,1,1,1,1,17,1,25,17,15,15,20,16,1,1,1,1,68,1,8,1,13,1,18,1,1,1,16,1,1,15,4,1,1,1,6,1,1,1,5,22,8,14,11,1,1,1,13,1,1,17,1,1,15,1,18,7,2,1,17,10,16,1,1,11,16,1,9,1,1,1,8,5,1,1,1,1,14,1,1,19,1,1,1,12,1,1,10,1,1,16,12,14,12,1,1,10,1,10,1,21,1,5,13,1,1,1,1,112,1,12,10,1,1,1,21,1,13,13,1,15,1,6,9,1,12,1,1,17,14,14,1,1,1,14,1,1,1,15,12,1,97,6,1,1,1,1,9,1,1,7,1,15,2,8,15,1,1,13,1,6,4,1,9,19,9,10,1,16,13,17,1,9,10,17,10,1,8,12,5,1,15,2,1,1,1,13,20,1,9,15,18,1,1,8,1,11,1,1,22,1,8,6,14,15,12,1,19,2,2,42,1,22,1,10,1,6,10,1,1,16,14,7,7,1,1,12,12,14,10,1,1,14,7,1,1,19,1,12,1,4,1,8,1,1,16,14,18,17,6,6,16,1,17,11,24,16,5,15,5,6,1,1,12,13,1,12,1,1,1,12,17,1,15,8,1,12,15,1,1,52,7,20,11,1,52,24,1,1,6,1,1,7,5,22,1,25,1,15,1,8,1,15,6,1,10,10,72,1,1,18,1,1,1,1,1,1,5,1,1,1,9,1,21,1,1,1,1,8,13,1,64,1,1,28,9,1,10,21,1,30,4,16,16,13,26,1,2,1,12,10,1,10,15,1,1,1,19,1,1,1,4,1,10,1,7,4,1,1,1,1,1,16,20,9,15,18,14,1,8,2,11,16,1,1,1,85,1,7,12,7,1,10,1,7,15,11,1,20,11,1,21,1,8,1,1,1,1,1,15,14,17,1,1,1,9,1,1,22,1,9,7,1,108,16,8,1,1,11,1,1,15,1,9,6,6,11,1,1,18,1,18,16,13,2,14,4,16,12,1,1,11,16,14,1,1,2,1,17,13,19,14,1,1,1,18,10,12,1,30,8,15,15,1,10,5,1,1,16,10,15,10,1,8,1,1,17,14,4,1,1,16,1,13,12,3,13,1,13,10,6,1,9,1,1,2,1,11,1,14,13,6,1,1,11,11,11,1,19,1,1,10,101,13,4,1,1,1,3,18,12,11,1,1,24,12,10,1,8,1,1,14,8,1,1,19,1,1,13,26,23,1,1,7,11,1,6,1,1,1,1,9,1,12,1,20,1,25,1,6,1,1,27,1,1,1,16,1,1,1,20,1,11,1,1,30,13,1,11,6,1,15,20,12,7,1,1,1,16,1,1,1,7,1,1,13,1,8,15,12,30,7,1,11,15,10,8,10,21,1,19,8,14,22,1,12,9,1,1,11,15,1,1,1,1,9,1,1,14,9,1,14,1,1,1,14,1,1,1,1,1,1,13,1,17,12,1,3,1,1,1,1,1,1,12,1,1,1,1,15,12,1,1,1,1,17,1,6,11,14,6,23,15,13,13,12,18,2,1,1,12,1,17,1,13,1,16,11,13,10,11,16,101,18,1,7,21,1,1,10,1,16,1,13,16,1,10,1,1,1,1,1,1,10,1,1,1,8,1,10,1,20,1,13,9,11,13,1,9,1,1,7,23,26,9,14,1,1,11,1,20,75,1,14,11,12,6,1,16,8,17,1,14,1,13,7,14,1,1,28,5,1,1,1,1,1,9,13,11,12,1,16,1,1,1,1,1,1,1,11,1,1,9,14,15,1,1,1,19,1,10,8,1,19,11,1,1,1,21,1,1,1,1,2,1,1,1,1,10,19,1,1,10,10,1,15,8,7,1,1,1,1,9,1,22,1,1,1,13,12,9,1,1,1,1,8,24,13,1,1,1,1,1,1,9,21,1,1,10,11,1,12,22,16,1,1,1,1,1,16,1,1,1,9,1,1,1,1,16,1,1,1,18,1,10,9,19,1,1,1,23,10,14,1,1,13,1,12,1,5,7,1,21,13,12,1,1,15,9,9,1,19,1,22,13,1,1,1,11,1,1,5,1,11,4,17,10,15,1,1,1,12,9,1,24,1,20,12,12,12,1,19,1,13,1,1,1,10,1,1,20,16,16,1,20,13,1,10,8,1,16,1,1,1,1,15,9,1,7,2,9,1,1,1,14,1,1,1,17,1,12,8,1,11,1,16,1,18,1,1,1,1,9,19,1,1,16,12,13,12,10,1,15,1,12,1,7,1,1,1,1,1,1,24,1,1,17,9,8,16,23,1,8,1,1,9,1,20,8,18,1,1,9,1,1,2,1,13,1,1,1,14,1,10,1,16,1,5,14,1,1,19,1,8,8,15,9,1,1,10,1,15,44,33,1,63,12,13,8,23,1,1,1,22,1,39,1,1,12,9,12,1,8,16,18,1,2,1,1,13,18,16,1,1,8,9,1,1,9,1,1,1,14,12,6,1,9,10,1,1,6,12,1,16,1,11,3,14,31,18,12,1,21,1,21,8,13,12,1,1,1,1,16,21,1,1,9,3,1,13,14,1,1,17,13,15,1,1,1,2,13,2,1,1,16,3,40,12,2,12,1,10,11,10,1,16,11,1,1,1,1,13,8,20,19,1,18,7,14,1,1,12,11,6,3,130,1,12,1,1,8,8,4,1,9,8,1,1,4,1,8,1,11,1,1,6,11,1,1,1,15,1,1,1,12,1,1,1,1,12,1,1,7,15,1,12,22,1,18,18,12,1,9,1,8,17,1,5,1,11,1,14,6,1,1,13,1,9,1,2,10,10,1,20,1,10,1,1,14,1,4,4,1,1,17,12,1,1,1,7,13,11,12,17,8,23,29,11,11,1,1,14,6,16,12,1,21,1,7,18,1,1,13,15,15,8,14,25,1,1,1,6,1,10,24,1,1,1,23,61,90,15,1,8,1,13,13,10,17,1,1,3,1,8,2,1,21,21,1,17,11,1,7,1,1,1,17,10,21,1,1,12,1,1,9,13,13,1,1,16,24,23,1,3,2,1,13,1,1,1,11,15,15,18,1,1,15,12,1,5,1,22,12,1,1,12,3,8,1,1,15,10,1,1,1,17,1,1,24,10,10,12,15,9,51,14,1,12,6,14,1,1,1,1,506,2,230,12,1,7,1,142,19,1,14,13,1,1,1,12,1,15,1,10,18,1,1,18,12,1,1,10,9,16,1,20,16,1,11,12,2,8,2,1,1,11,11,13,18,16,5,10,2,1,1,1,11,1,1,3,1,15,1,1,6,16,1,1,1,1,5,1,16,21,12,9,1,16,1,1,1,1,1,12,1,1,15,12,1,1,1,10,1,15,16,8,1,11,12,9,1,1,1,14,7,1,1,21,1,14,10,1,1,1,1,17,17,1,19,1,6,1,5,12,1,16,10,1,5,10,1,7,11,1,26,21,8,1,1,15,20,1,18,1,8,1,15,15,1,13,1,16,9,1,10,15,4,1,12,27,1,7,19,1,1,12,9,1,7,21,1,36,8,1,1,1,1,18,12,8,9,1,1,5,1,8,1,13,1,1,3,9,1,1,14,14,14,1,1,1,1,13,3,18,1,1,1,1,1,1,1,1,14,1,7,14,16,9,1,15,6,1,1,15,4,16,1,17,9,22,13,19,7,14,11,12,1,10,22,12,1,17,10,1,1,15,1,11,1,1,1,13,1,1,3,19,14,1,13,1,1,1,9,1,20,19,7,1,1,14,7,7,1,8,1,1,1,1,1,2,1,10,1,1,1,1,1,1,10,16,1,1,34,1,19,12,1,11,9,15,12,1,1,13,1,1,1,8,1,8,1,1,1,17,1,15,1,1,1,129,9,1,14,1,1,14,1,1,11,12,1,1,14,17,1,14,12,11,5,1,8,1,11,11,1,5,1,1,1,22,11,4,13,30,9,1,8,1,3,1,1,16,1,1,1,1,11,46,8,9,1,22,1,17,13,1,17,9,1,1,1,8,18,1,9,1,12,14,13,1,12,18,1,1,1,1,16,1,11,17,1,16,1,7,1,15,1,1,1,1,4,9,9,1,12,22,1,9,1,12,15,1,1,1,1,1,10,1,1,12,1,1,1,16,2,8,31,1,2,17,15,1,1,15,1,1,9,51,15,14,15,11,1,9,16,7,1,1,14,1,1,1,1,1,12,14,1,1,3,1,10,8,1,13,1,10,12,16,1,1,1,15,1,1,3,12,1,1,22,1,9,12,11,17,11,12,17,13,1,1,1,1,2,1,1,1,1,1,13,6,1,1,9,13,6,10,1,6,9,1,15,11,19,1,1,13,8,1,1,14,1,19,1,21,1,1,1,1,21,39,16,1,3,1,1,12,12,13,1,9,82,1,1,10,19,1,14,13,4,13,1,18,6,95,2,40,23,1,1,10,17,3,13,13,1,7,1,1,36,11,9,18,1,10,14,16,1,1,8,19,30,8,1,1,17,1,11,1,1,1,1,1,1,15,10,19,1,30,10,16,8,1,1,12,1,2,5,24,1,1,9,24,16,6,1,1,1,1,16,1,1,19,1,1,1,7,1,1,8,8,1,1,1,12,1,17,13,18,1,1,1,1,12,1,43,8,1,1,1,6,1,1,1,1,1,1,1,15,1,1,7,5,1,1,1,1,1,1,1,1,1,13,9,1,1,1,11,1,1,1,1,13,14,1,1,12,9,91,13,1,1,1,1,1,1,12,1,1,12,1,1,1,13,1,9,1,1,254,1,15,1,1,1,1,1,1,1,1,1,9,8,1,1,6,29,14,10,11,15,1,7,7,1,12,10,12,1,32,1,1,1,8,14,1,3,18,1,9,1,1,1,1,1,1,1,12,1,13,15,1,1,6,1,1,12,8,8,9,10,1,19,15,2,12,6,1,1,25,20,1,18,2,9,1,5,16,1,12,1,1,1,1,1,8,1,14,14,15,10,1,1,15,5,18,1,1,14,4,1,9,61,17,1,12,1,16,2,20,22,8,1,13,1,3,1,14,1,4,1,1,20,1,2,1,17,2,1,1,9,11,1,3,1,1,10,1,1,7,1,1,1,16,1,1,1,1,1,10,1,2,1,1,1,1,1,1,1,1,29,17,12,13,10,11,14,1,11,16,1,11,12,9,12,1,1,1,10,1,1,1,15,1,13,10,1,1,2,8,23,2,17,1,18,1,1,1,8,16,1,1,1,6,8,10,1,1,5,1,1,7,1,11,118,1,1,82,1,14,1,14,1,18,1,1,1,1,1,1,1,1,8,1,1,12,1,12,2,18,11,1,1,20,1,15,1,16,9,7,17,6,1,9,1,1,1,1,1,1,9,1,9,87,1,1,20,1,1,17,1,10,8,1,13,1,13,1,1,15,1,14,4,4,13,2,1,1,7,14,1,10,1,11,1,1,9,1,8,10,16,185,6,1,8,1,8,38,12,1,1,1,11,1,18,11,1,1,21,1,18,3,17,8,10,3,9,10,13,12,12,5,1,4,12,1,1,18,2,17,9,10,1,1,4,1,13,1,1,7,7,1,21,1,9,1,1,11,1,9,1,1,22,15,1,1,9,1,1,2,2,1,1,1,13,11,13,5,2,4,16,7,18,1,22,16,1,1,1,8,1,1,1,19,4,11,17,1,12,22,1,83,14,1,8,1,1,7,1,12,11,13,14,1,1,1,1,14,1,1,1,10,1,1,1,4,1,1,1,12,1,1,1,15,1,10,14,13,9,12,1,1,10,1,1,1,1,17,9,15,1,7,8,54,37,1,1,1,10,1,1,9,1,6,9,1,13,1,1,1,25,22,18,1,10,1,14,1,12,20,9,1,1,21,1,1,4,18,11,16,6,13,1,1,1,14,1,14,6,1,1,5,1,12,1,496,8,20,35,13,1,8,1,7,9,1,2,7,13,12,15,22,1,2,1,13,10,1,19,2,16,9,7,1,8,13,7,5,1,10,1,10,12,1,6,1,1,14,1,1,1,90,11,10,15,1,1,7,7,18,1,1,7,12,18,1,1,1,1,1,1,14,12,1,18,1,8,19,1,1,2,8,1,1,21,9,1,22,11,12,22,1,16,12,1,11,1,13,1,19,1,12,1,1,10,1,1,10,9,1,1,23,1,1,1,1,1,9,1,1,5,1,1,17,1,15,8,1,1,1,1,18,16,3,10,18,1,7,1,12,14,20,2,5,21,1,1,1,1,1,1,12,13,12,16,1,13,6,13,9,9,1,1,7,1,1,12,1,9,11,7,1,18,4,16,11,11,9,17,1,1,8,16,20,1,2,1,16,1,10,19,14,16,1,10,1,1,12,10,1,1,1,1,15,7,1,19,1,17,1,16,1,18,59,13,95,19,15,14,3,12,12,1,1,1,1,1,1,1,10,13,1,12,1,14,17,1,12,1,1,1,19,1,20,1,15,1,1,1,1,12,10,9,10,1,5,12,1,1,1,18,18,15,8,29,1,1,1,1,12,1,1,15,1,16,1,5,1,20,6,1,1,1,1,5,1,15,14,3,1,1,1,6,23,1,1,13,2,1,3,10,5,11,1,13,9,9,1,1,2,1,14,16,11,19,1,14,1,13,1,19,10,15,1,92,10,1,16,9,1,1,1,7,10,15,1,7,17,1,6,1,1,1,12,1,1,12,1,9,10,14,1,93,1,74,1,16,1,1,1,10,1,1,1,4,1,11,13,1,5,12,2,13,21,13,2,1,1,10,19,1,6,9,18,1,33,7,6,1,6,1,8,1,13,8,5,1,3,12,1,12,1,13,16,16,2,13,5,1,18,1,1,11,1,17,1,1,1,1,10,13,1,1,1,1,16,15,10,8,9,13,1,1,1,1,10,48,7,14,1,1,1,1,1,19,9,17,1,1,1,9,8,10,14,16,6,12,1,73,1,1,1,1,1,4,12,19,7,12,1,19,13,19,1,1,6,13,12,14,2,1,1,17,1,4,21,12,7,18,1,1,11,1,1,12,1,10,1,7,1,15,1,1,1,3,1,21,8,24,1,1,1,1,13,19,10,13,16,65,2,1,11,12,10,15,1,14,10,1,1,10,1,1,1,5,1,13,13,1,10,13,1,2,1,1,1,1,1,12,1,1,8,11,1,14,10,16,15,11,1,11,4,1,1,14,13,1,8,15,16,1,1,6,13,1,11,14,1,1,1,1,1,14,1,1,12,12,1,8,12,1,14,12,16,1,11,21,1,44,13,1,12,12,1,9,15,1,7,9,1,1,8,2,3,18,16,14,79,1,1,21,21,1,1,10,1,8,9,1,13,18,20,1,1,1,11,1,12,8,7,21,1,15,14,17,1,7,18,1,1,1,1,1,9,11,14,1,1,1,1,1,1,1,15,19,11,6,1,1,12,1,17,10,31,14,1,1,2,1,1,10,10,3,17,10,15,6,12,18,14,13,16,1,7,1,1,17,16,1,11,9,14,1,1,13,6,2,13,1,3,8,15,7,4,1,6,1,1,12,1,1,9,15,1,1,24,12,250,1,14,14,9,1,1,12,14,1,13,7,29,1,15,1,15,8,1,8,9,12,1,1,13,1,31,21,1,1,1,12,10,1,14,12,1,7,14,2,18,2,1,1,15,1,1,1,9,1,18,1,1,13,1,11,14,1,18,11,1,22,8,1,1,1,11,8,11,1,12,10,1,18,1,1,1,1,1,13,8,4,11,1,10,1,1,1,1,11,19,1,1,1,1,1,12,5,21,1,1,1,1,9,17,1,15,22,11,18,1,11,15,13,1,16,12,1,1,1,18,1,14,12,18,1,1,16,1,9,4,1,1,1,2,1,15,14,8,12,5,21,1,1,1,2,16,11,17,1,1,12,17,1,1,1,1,13,15,14,2,15,4,6,2,18,1,14,12,8,18,13,9,1,29,11,10,1,14,1,18,11,1,2,16,1,9,1,18,1,12,1,1,43,1,7,12,1,17,8,1,17,10,2,11,2,12,1,8,23,1,9,12,12,1,6,7,1,1,27,1,1,12,15,1,28,1,1,1,5,1,22,4,183,1,3,20,28,1,2,9,1,4,1,2,9,1,1,1,8,1,1,16,13,17,1,21,8,1,1,4,1,1,14,1,13,7,19,16,16,1,1,9,1,1,12,15,1,20,14,1,13,1,1,9,12,10,11,1,1,1,10,1,5,2,1,6,1,1,1,1,12,6,1,9,1,2,15,9,13,8,1,10,11,12,1,1,20,17,1,1,1,1,7,69,18,1,16,1,23,13,1,12,1,1,9,4,11,7,10,1,17,14,5,6,13,1,1,6,18,1,1,1,17,13,1,1,10,11,1,7,12,27,11,9,5,1,1,5,9,1,2,13,8,9,16,6,14,14,25,6,1,11,1,6,1,1,4,1,11,7,27,8,1,1,5,1,8,1,5,1,9,1,1,1,17,1,1,15,16,1,6,1,11,18,4,8,13,1,1,67,1,1,1,7,1,1,1,1,1,12,1,4,1,13,1,3,1,1,8,1,9,10,1,1,1,1,12,1,1,13,1,8,11,1,14,11,1,1,1,12,11,1,1,1,17,16,1,1,1,13,1,1,9,1,1,15,2,8,1,1,1,1,7,1,28,1,11,10,4,1,2,1,1,11,10,13,1,13,13,1,1,10,10,1,1,4,3,1,1,10,1,11,13,12,1,17,500,1,1,1,1,5,1,1,6,12,13,1,1,28,14,1,1,5,8,9,8,1,11,1,7,8,1,14,1,1,1,1,15,7,9,1,1,1,1,1,1,1,1,1,22,8,1,1,57,21,13,12,1,1,1,12,14,1,1,1,1,1,1,14,1,1,6,14,1,1,1,8,18,15,16,1,2,6,15,1,1,19,16,28,13,1,16,1,1,1,14,1,13,10,1,14,1,1,1,1,18,23,2,2,1,1,14,1,15,19,1,1,19,13,13,8,1,1,11,1,17,49,1,6,1,1,14,1,10,15,11,1,1,1,1,6,1,1,17,8,9,1,18,1,13,15,8,1,1,1,14,7,1,16,10,1,7,1,1,8,9,9,1,12,7,1,9,1,1,1,1,14,11,1,1,11,3,45,11,7,52,1,21,1,11,4,23,1,1,1,1,1,1,10,8,6,1,12,17,15,1,1,4,1,1,19,15,1,5,32,12,10,7,9,3,8,14,2,19,1,14,1,1,2,1,17,1,7,21,1,1,12,1,1,20,1,4,17,9,1,1,1,1,16,11,11,18,19,1,1,13,12,3,10,1,17,6,1,19,6,1,1,12,1,1,20,1,12,13,1,7,10,22,16,1,15,1,1,16,14,1,1,14,1,11,9,15,1,1,1,9,11,1,1,17,13,19,1,1,17,1,19,1,1,15,1,1,6,10,1,11,1,9,7,8,19,15,11,1,8,1,1,15,17,2812,1,1,12,15,15,1,12,14,11,10,14,3,1,1,13,16,20,15,15,11,14,10,1,13,1,1,14,1,1,11,1,1,14,17,31,1,13,1,1,1,1,1,6,22,18,1,14,1,19,1,13,1,18,1,1,1,1,6,7,17,1,1,21,6,1,16,2,17,17,1,12,1,1,4,9,3,1,14,8,1,1,1,13,1,1,14,5,1,1,1,15,13,8,9,11,5,10,1,13,10,1,9,4,1,1,1,17,12,7,12,11,16,2,13,17,1,1,2,1,1,11,1,1,17,4,1,12,1,2,1,1,1,14,6,18,1,6,13,10,4,10,5,1,1,1,1,1,11,7,12,11,8,12,10,15,1,1,3,6,3,18,7,12,17,28,23,13,7,7,1,1,2,6,11,13,15,1,1,15,1,16,1,6,5,7,12,14,1,11,15,1,1,26,1,1,122,13,1,1,11,9,18,1,1,12,1,1,1,20,13,1,12,15,1,12,1,1,9,10,1,1,1,1,18,13,1,5,11,1,17,18,13,1,5,13,5,1,2,1,12,1,10,1,12,1,1,14,12,11,1,1,16,7,1,10,1,1,1,1,64,12,1,1,1,18,1,9,203,17,1,10,1,11,13,17,1,1,7,1,8,15,14,6,11,1,15,406,11,14,1,1,1,1,1,11,1,15,1,1,1,1,1,1,9,1,1,1,16,1,2,1,1,8,1,1,1,2,23,1,1,1,1,4,1,13,1,9,1,1,1,8,1,34,53,1,14,21,1,1,1,3,12,1,14,13,1,1,1,1,11,15,12,4,12,1,13,20,4,1,9,1,1,1,20,1,2,10,1,1,5,1,13,1,1,14,10,1,7,1,11,1,1,20,12,57,1,1,1,1,1,1,19,1,1,19,12,1,9,1,15,1,11,17,1,1,17,19,15,1,12,1,11,18,6,16,1,1,1,18,1,22,1,1,1,15,1,8,1,1,1,14,11,1,14,1,14,1,1,1,1,1,8,1,1,23,16,12,17,1,1,1,3,2,1,1,1,24,1,1,100,1,10,15,1,1,12,1,16,1,1,18,3,1,13,12,1,1,12,1,1,1,5,1,1,1,15,2,1,1,1,1,1,9,1,12,1,1,1,109,1,12,16,1,1,16,13,1,10,1,1,1,1,13,13,10,1,8,10,1,172,1,20,1,1,1,10,1,11,10,1,16,18,1,12,12,10,10,1,19,1,43,24,39,1,29,4,1,1,78,8,1,1,14,102,1,1,17,8,10,1,1,2,1,14,1,1,8,13,1,60,1,1,68,25,13,1,1,16,1,15,1,9,1,1,1,9,11,4,1,1,1,11,1,1,1,17,1,1,1,2,14,12,19,12,1,1,1,1,11,20,10,15,1,4,1,16,1,1,7,7,1,2,11,10,2,1,1,1,1,1,1,11,1,19,2,12,27,9,9,1,6,13,1,16,22,5,1,34,12,1,1,7,1,13,1,1,20,18,1,10,1,3,17,12,1,18,1,23,1,21,1,17,1,1,2,2,9,17,5,1,18,12,1,1,12,1,14,1,1,1,1,14,1,1,1,27,189,5,16,1,1,9,14,15,1,7,21,1,1,1,26,10,13,2,2,1,1,14,24,13,1,1,14,1,1,1,21,1,12,1,8,16,6,9,12,1,13,1,1,1,15,10,5,12,12,1,1,11,11,1,1,1,8,1,1,15,5,1,1,12,1,1,6,1,7,1,8,1,16,1,11,16,15,1,1,18,14,112,8,1,1,5,1,40,15,1,10,1,1,1,1,10,1,1,3,1,1,1,1,1,18,11,16,1,1,1,1,8,1,1,1,1,11,10,1,8,1,5,15,1,1,17,1,1,1,1,1,14,12,1,1,13,7,1,11,1,5,13,1,1,1,12,1,10,1,1,8,13,9,2,1,7,1,15,1,7,1,1,9,5,12,19,13,1,1,22,9,16,11,17,5,1,11,15,22,2,10,8,1,18,4,11,11,5,16,1,8,18,11,12,1,14,1,1,7,14,18,10,1,6,13,1,15,21,1,1,5,1,8,1,15,1,1,1,10,2,3,15,1,1,21,1,19,26,1,16,1,1,5,1,1,12,1,2,3,7,1,3,3,19,8,18,10,1,1,1,6,14,1,1,3,1,1,8,54,1,5,13,2,17,1,1,1,1,10,1,1,1,1,1,9,7,1,11,6,3,19,7,1,2,7,19,12,1,1,18,1,8,1,12,1,8,9,12,1,10,11,10,14,12,14,1,16,1,9,10,1,5,1,1,11,12,13,23,9,10,1,1,8,14,1,21,1,21,13,19,10,15,1,1,10,11,1,12,15,13,15,1,1,1,14,11,13,2,1,14,1,14,6,1,15,1,1,12,1,1,1,9,10,13,16,12,11,10,7,11,11,15,1,10,1,1,1,1,1,1,6,1,4,11,14,21,1,8,5,1,7,2,11,1,1,14,1,15,5,9,1,1,1,1,21,16,14,1,1,6,1,1,13,1,1,1,4,1,1,19,1,1,12,5,24,1,1,1,1,10,2,1,13,10,1,1,1,1,1,15,1,1,13,10,20,14,1,1,16,9,6,1,5,1,10,8,1,7,1,1,11,2,13,18,14,11,2,2,1,1,8,1,16,1,14,11,1,6,1,1,1,14,2,1,5,13,24,11,1,12,1,1,6,1,13,1,11,1,1,1,1,1,8,1,14,12,13,7,20,11,9,27,22,1,2,1,1,1,13,12,4,6,1,10,12,1,2,1,1,3,7,1,1,1,15,12,12,5,20,16,19,10,8,1,1,17,1,5,1,1,1,1,1,1,1,1,1,11,11,1,1,1,10,1,1,1,18,14,1,10,22,28,1,26,11,24,6,13,3,3,2,16,1,1,81,1,13,1,7,1,17,13,9,7,1,10,17,13,1,1,21,6,1,10,1,1,1,8,1,14,1,10,1,14,13,6,14,5,1,7,5,1,10,8,13,4,10,12,8,6,12,18,18,1,1,1,1,1,1,9,7,1,12,1,9,1,1,12,1,1,1,11,1,1,7,1,11,1,1,22,1,11,1,1,25,4,9,15,1,1,8,1,10,8,24,1,1,1,12,1,16,45,17,1,5,1,1,1,1,1,8,1,1,1,2,1,9,11,12,17,3,4,14,1,1,20,14,17,11,1,16,1,19,21,14,4,17,12,1,8,2,1,1,1,1,8,1,12,1,13,1,4,1,1,15,5,13,1,11,2,1,1,78,1,1,18,1,9,17,14,3,8,1,27,14,1,14,1,9,13,1,54,10,8,21,15,1,1,1,9,1,10,1,14,10,15,18,1,1,1,14,1,24,14,2,1,1,2,1,1,1,1,6,7,1,28,1,3,17,1,1,1,1,1,8,10,14,11,4,1,1,1,1,5,1,1,1,13,1,1,1,15,1,6,1,6,7,13,1,7,26,1,1,16,1,1,1,27,1,16,11,1,7,12,16,12,6,1,1,5,1,16,20,13,10,4,1,1,9,21,15,1,1,1,1,23,11,1,1,13,2,18,16,1,11,13,1,1,1,13,1,1,1,9,1,1,2,1,12,1,1,115,1,5,1,1,19,11,25,10,1,11,1,17,14,1,13,1,12,1,23,15,8,9,1,13,17,8,1,7,14,1,1,1,1,1,10,1,5,14,13,1,14,11,1,6,1,11,53,16,15,20,1,1,1,24,7,10,1,1,10,1,16,1,8,9,5,9,8,17,2,1,1,19,12,11,1,1,4,1,10,1,19,13,8,1,1,1,11,15,3,6,11,15,1,24,1,99,1,15,1,76,1,8,4,1,16,1,18,1,9,11,1,10,22,16,1,1,1,14,8,5,1,20,14,1,1,6,1,1,1,1,19,13,1,1,12,14,1,1,1,1,5,9,1,8,1,11,7,12,1,13,21,1,1,11,1,2,1,3,15,10,5,8,1,1,1,1,18,3,1,1,16,1,16,12,17,6,2,2,1,1,1,10,1,1,18,1,4,2,13,12,49,5,27,1,1,1,19,1,1,18,15,3,8,1,1,1,9,7,7,6,30,1,1,14,9,1,15,6,16,1,1,6,10,1,1,1,18,1,21,1,1,6,13,10,8,169,6,1,22,16,14,1,15,14,1,16,1,1,1,1,1,13,1,1,14,12,2,8,10,4,12,1,1,1,11,13,10,10,1,1,1,12,1,18,1,3,1,18,1,1,14,1,1,1,1,6,2,11,12,12,1,9,14,14,1,22,10,1,11,1,13,10,1,10,1,11,9,1,20,1,12,28,13,1,20,1,1,7,12,1,1,10,8,10,8,42,4,25,1,9,27,12,1,1,18,2,1,1,10,9,1,25,1,1,3,10,1,1,10,1,9,17,1,1,15,10,19,1,4,92,1,1,1,1,17,1,1,16,1,1,19,1,1,1,11,2,1,1,9,1,1,10,1,1,6,5,1,1,1,1,6,17,10,1,1,1,7,1,16,1,1,2,12,16,1,1,11,9,1,7,1,1,1,12,1,1,12,1,14,4,1,1,15,1,13,1,1,1,1,8,12,7,1,1,16,1,7,20,1,10,1,1,1,1,1,1,1,1,2,17,1,1,12,4,1,1,1,1,1,12,1,12,1,11,1,13,1,1,2,1,11,19,2,1,1,1,12,16,10,1,1,18,11,1,12,19,8,16,11,10,1,1,14,14,10,1,9,1,17,1,18,14,10,16,1,1,1,16,1,1,1,1,1,16,1,1,8,1,1,1,13,1,9,1,9,9,1,1,1,2,4,1,1,1,1,9,1,1,14,1,1,12,12,1,1,8,1,1,1,6,1,14,14,1,2,1,14,11,13,1,1,13,1,14,1,1,5,19,1,7,1,1,2,14,1,1,2,1,6,2,1,18,16,5,16,14,11,1,15,1,14,11,1,10,1,8,1,9,14,1,8,7,1,1,1,1,9,1,5,13,1,1,1,10,2,1,26,19,17,37,1,1,1,1,19,1,14,1,1,10,14,1,1,1,10,1,17,1,1,10,1,1,1,12,13,24,1,1,7,1,17,1,1,17,1,1,1,1,1,17,1,7,15,1,6,1,1,23,1,15,1,21,1,11,9,10,1,13,11,9,1,18,11,1,3,1,1,36,1,1,17,1,1,7,6,10,15,1,75,13,25,8,6,13,1,1,12,17,1,1,20,1,1,1,1,1,16,1,1,19,7,16,1,1,81,8,1,1,13,1,1,19,1,1,1,9,22,18,1,16,1,2,1,13,10,3,18,1,17,1,9,1,1,16,11,7,7,8,11,12,1,1,1,11,12,90,17,1,1,24,2,17,1,12,1,24,1,17,1,1,1,60,12,1,18,13,1,1,23,16,1,1,19,1,1,19,8,1,14,1,1,1,1,1,1,15,2,1,89,8,7,16,1,9,1,11,8,14,14,19,1,1,1,4,15,10,12,24,2,1,12,11,1,1,1,6,11,1,1,1,13,1,645,1,1,16,33,7,11,1,19,20,8,19,4,15,1,1,5,14,26,15,11,1,1,2,11,9,1,1,1,1,1,13,1,1,8,11,1,19,17,84,21,1,1,9,10,1,5,8,10,9,1,1,1,1,1,1,12,6,5,6,10,1,1,1,7,1,1,6,11,1,1,34,1,1,12,1,8,1,9,14,17,1,16,15,23,1,12,13,17,1,10,9,15,1,17,1,1,10,16,1,8,1,14,1,11,2,39,1,1,1,5,16,8,7,9,1,15,12,18,29,1,19,1,16,15,22,1,6,8,1,14,1,1,1,1,13,1,1,6,20,23,20,14,1,7,15,13,1,20,7,1,20,1,12,1,13,1,4,1,1,1,1,1,17,4,16,9,1,1,15,1,14,1,1,1,7,1,13,1,4,10,1,1,1,1,16,17,16,12,7,1,11,24,1,1,6,14,3,1,1,7,6,14,1,1,245,10,60,20,1,1,13,1,1,5,14,1,1,12,1,1,14,1,13,1,1,18,1,1,1,1,1,1,1,1,1,13,22,16,14,1,1,12,1,3,1,1,9,7,1,1,11,8,12,15,1,1,18,1,13,13,13,15,1,11,10,1,29,1,1,1,1,4,1,8,1,11,15,1,15,1,14,11,6,9,1,11,14,1,13,10,11,20,1,1,18,24,4,1,1,1,8,1,8,1,1,1,10,6,15,16,88,1,1,26,1,1,13,16,12,1,1,6,14,1,1,5,9,23,13,13,1,1,1,1,1,1,7,7,2,12,23,16,7,1,2,1,12,3,1,15,1,1,1,6,1,14,14,1,9,10,1,9,11,1,8,1,1,31,1,22,8,9,1,1,1,1,1,9,1,14,1,1,1,16,18,1,15,13,3,9,23,1,19,15,14,11,1,13,10,7,1,16,1,10,21,1,26,13,22,13,1,18,1,20,1,14,1,18,1,3,1,1,1,1,1,1,1,17,11,1,1,1,1,8,13,5,1,1,1,1,1,1,1,11,6,11,2,1,17,9,1,7,16,1,18,1,1,1,1,1,16,91,1,1,17,11,1,1,2,9,3,6,1,1,12,12,16,1,1,8,1,1,13,1,1,1,9,1,2,1,6,1,1,7,1,1,1,1,17,12,10,12,14,10,1,16,11,11,13,12,10,24,9,1,1,1,1,14,1,19,12,1,13,17,1,16,1,12,1,6,1,1,21,1,13,1,1,9,10,1,14,15,15,8,11,1,1,1,9,1,4,3,17,1,10,13,1,7,27,1,13,15,7,1,17,1,10,1,1,17,3,1,8,1,15,17,16,1,12,1,1,1,16,1,13,14,1,7,1,12,11,1,1,1,10,12,4,11,60,1,15,1,20,1,16,1,8,14,12,7,1,16,1,8,12,9,1,14,1,21,17,8,18,1,2,14,1,17,1,18,1,7,1,15,2,23,12,11,1,1,8,1,1,8,1,16,6,1,9,1,1,9,18,1,9,4,3,16,19,1,8,16,5,15,8,1,14,13,10,11,1,13,1,10,1,1,1,12,17,1,1,12,1,1,15,10,1,5,1,8,14,10,12,12,19,1,10,13,9,1,18,6,1,9,1,13,1,1,1,12,5,18,12,1,12,8,10,8,11,1,1,10,1,18,9,1,15,12,8,13,1,1,1,1,12,1,1,2,5,1,1,7,9,10,1,1,1,14,2,11,14,12,10,2,9,12,9,1,1,230,1,11,23,6,13,1,1,13,1,1,33,18,1,28,18,1,10,26,15,1,1,16,1,11,17,1,16,1,1,7,1,16,1,1,1,16,1,21,10,1,1,14,11,20,1,5,3,18,16,10,1,1,1,17,1,1,9,11,1,1,11,6,12,70,1,1,1,8,1,13,7,1,1,31,1,12,1,1,1,16,1,10,1,8,13,2,2,6,1,11,14,1,21,18,17,3,11,1,1,1,17,16,1,2,14,12,7,1,12,3,14,17,17,1,10,1,13,9,1,1,1,19,34,15,1,1,1,1,1,13,1,15,21,11,10,8,1,11,1,11,1,22,11,14,1,5,1,12,1,1,1,12,1,1,7,1,16,17,7,14,11,1,2,1,1,9,26,1,1,1,1,1,1,9,160,1,15,1,1,1,1,1,12,16,25,19,1,11,17,1,1,1,1,14,1,1,7,1,15,13,13,20,1,13,1,15,1,1,12,1,1,1,1,1,17,1,15,1,8,17,1,10,11,1,15,1,8,7,1,16,2,13,15,1,1,12,10,1,7,1,1,11,1,1,1,1,1,1,9,10,10,98,13,1,25,47,14,18,1,1,17,13,1,1,10,11,24,12,12,17,23,1,1,6,18,1,22,1,16,8,1,12,1,1,1,1,7,16,1,1,17,2,1,6,11,9,31,11,6,1,8,1,1,1,3,24,1,1,1,13,1,1,16,14,2,1,1,4,1,1,16,22,1,1,1,1,1,13,1,1,1,40,47,11,1,18,14,4,14,6,3,16,33,6,16,13,1,19,1,12,12,16,1,12,1,1,21,12,1,3,1,1,1,13,11,11,26,11,20,1,2,10,1,12,1,1,15,13,7,15,10,12,1,1,12,16,7,6,1,1,1,1,23,14,1,1,17,1,1,1,12,1,17,15,8,1,13,12,1,1,1,1,12,1,106,1,1,9,16,5,1,74,1,1,11,1,1,1,10,1,1,13,16,1,1,1,17,1,4,16,14,2,1,1,1,9,18,1,16,15,1,1,4,1,1,9,8,14,17,12,10,12,20,15,1,11,1,5,2,10,1,16,20,15,19,1,8,26,1,11,20,15,1,17,1,1,10,1,1,17,10,3,1,1,3,1,1,1,23,14,1,1,24,1,18,15,1,1,1,9,7,2,10,12,1,12,1,16,13,15,1,9,18,14,9,15,1,16,1,2,18,1,23,10,9,1,1,8,9,12,1,9,18,1,2,15,15,1,26,8,15,1,1,9,1,11,17,17,16,1,2,1,1,1,8,1,13,1,6,18,13,1,17,7,1,1,15,1,1,9,16,13,1,1,1,14,2,1,18,3,15,1,17,10,10,6,13,1,1,1,2,1,19,13,8,14,6,1,18,1,18,13,1,1,55,1,15,7,1,10,77,3,1,14,1,12,1,1,13,1,1,2,11,1,20,12,1,1,12,1,11,7,14,1,18,1,7,10,15,1,12,5,1,13,11,1,9,1,1,25,12,1,2,11,1,1,1,16,1,18,7,9,1,1,10,16,1,12,13,4,1,8,2,18,15,1,12,1,1,1,18,6,1,14,1,14,21,1,8,1,11,18,12,25,1,17,18,1,6,35,1,1,13,12,1,25,15,1,1,6,15,16,20,9,12,7,15,1,1,1,13,1,13,1,18,1,5,16,1,1,1,1,1,1,1,1,30,11,6,1,9,14,1,1,1,12,1,16,10,12,15,3,1,1,1,1,1,22,20,1,9,1,10,1,13,68,20,1,16,26,1,14,14,1,1,7,1,11,1,14,18,1,265,1,1,1,11,20,1,12,13,14,6,12,12,11,1,12,1,15,21,21,15,6,1,1,13,11,1,9,1,1,16,2,1,1,18,12,15,20,9,86,1,1382,1,5,1,14,8,14,9,1,1,12,14,1,4,22,1,12,1,1,1,23,1,18,16,11,1,18,42,1,1,1,1,2,15,7,8,1,1,17,9,11,13,23,1,1,9,7,28,1,11,1,17,12,1,14,1,17,1,6,1,1,1,10,1,1,1,1,1,10,17,1,15,1,14,9,1,1,9,14,3,2,1,14,15,12,6,1,18,18,1,13,1,16,13,9,19,9,1,1,1,1,1,1,1,1,14,1,11,19,6,2,13,1,60,12,26,14,7,14,16,8,12,9,1,8,1,11,1,1,1,1,18,5,1,1,1,9,1,1,1,1,15,1,1,12,1,1,1,16,13,14,14,10,1,1,20,1,5,1,7,13,1,1,6,20,1,1,11,1,1,18,1,12,1,12,12,1,11,1,12,3,1,1,14,25,3,1,92,1,21,1,15,30,1,1,10,1,1,1,1,9,1,1,12,1,1,1,1,1,2,1,10,1,1,22,16,19,12,1,6,11,13,23,11,1,20,1,1,11,12,9,7,14,17,1,4,1,14,3,10,39,13,1,94,13,11,1,1,1,13,1,1,16,1,12,1,1,13,13,1,6,1,1,10,1,1,1,12,1,14,12,13,8,1,15,15,15,13,1,12,9,1,19,5,1,10,1,11,1,1,1,1,14,1,69,1,11,6,38,1,1,10,16,1,17,8,1,1,10,1,1,11,1,1,1,8,1,18,1,19,5,1,1,18,1,4,16,22,1,11,10,8,20,10,1,12,11,1,13,31,1,1,1,12,1,1,1,11,20,54,1,1,10,9,1,1,13,7,1,1,13,7,14,7,15,1,10,13,14,1,6,1,12,1,1,21,16,2,1,1,1,1,8,17,1,1,1,8,1,1,17,10,1,19,1,7,1,1,1,1,14,1,1,13,1,11,1,3,9,1,9,9,1,1,1,18,9,1,12,12,14,1,119,1,1,1,18,1,1,1,1,1,14,19,1,1,1,1,14,7,1,1,1,15,15,1,1,1,10,10,14,1,1,16,8,17,24,1,16,13,11,1,2,20,1,13,13,9,10,20,1,1,2,1,13,1,12,12,5,1,8,1,1,1,1,1,2,1,17,1,11,1,10,23,18,1,12,10,1,1,12,1,1,1,1,1,1,1,1,1,22,1,6,11,13,1,14,17,16,11,1,1,1,7,11,10,5,6,1,1,9,14,13,1,1,15,1,1,3,1,7,21,1,1,20,1,10,12,1,13,1,6,11,1,1,10,1,1,16,11,12,9,15,9,16,1,15,6,1,11,1,1,13,1,12,1,1,14,1,15,1,16,1,1,19,13,2,1,1,1,8,1,5,12,1,11,15,1,18,3,15,1,1,1,1,12,1,17,1,7,1,13,1,1,24,1,1,16,11,1,1,1,9,1,1,1,15,1,14,1,5,28,1,21,1,1,1,10,1,1,1,13,29,10,5,15,13,21,1,1,1,1,15,1,19,30,1,8,1,14,13,1,1,18,14,9,1,1,19,14,1,19,12,1,14,1,23,1,42,8,4,13,1,17,1,12,6,9,1,11,1,8,11,1,1,1,4,1,1,8,1,14,1,1,1,10,5,16,1,16,15,1,11,1,15,8,5,2,1,9,1,7,1,1,1,13,7,7,1,6,5,1,1,1,5,1,9,1,12,16,1,14,1,1,12,1,16,10,1,17,7,16,1,1,20,15,1,1,13,1,1,1,1,1,1,8,12,18,1,12,12,1,1,6,15,14,17,1,1,14,1,11,1,7,1,344,2,24,12,92,12,11,15,12,1,5,1,9,1,1,1,14,1,8,16,17,20,1,1,1,1,10,1,1,8,18,1,1,7,1,9,33,9,1,1,1,1,17,1,1,1,15,13,6,13,19,10,1,1,1,11,1,10,1,13,13,11,1,12,1,14,1,1,1,22,1,13,1,12,1,12,7,8,12,1,7,1,16,14,24,7,13,15,4,1,1,1,1,1,1,1,1,1,14,1,1,1,1,16,1,7,19,1,10,1,1,1,11,1,9,1,100,13,6,15,1,11,10,13,13,1,9,2,1,9,17,11,1,13,17,100,15,1,4,17,8,1,1,1,19,13,7,2,1,1,10,16,1,1,1,9,1,20,1,1,15,11,13,10,3,18,20,1,7,1,1,15,14,1,9,7,6,16,19,6,1,1,1,1,1,1,19,1,1,6,1,1,1,8,1,1,1,7,1,1,1,11,4,1,13,13,22,10,1,1,24,14,1,1,1,1,14,1,1,1,1,92,32,18,22,1,1,9,1,1,2,1,1,14,1,1,12,1,4,1,12,1,3,1,2,1,13,1,15,12,11,13,15,9,1,1,1,10,7,15,16,7,12,9,16,13,1,7,9,1,1,1,1,6,8,8,17,15,1,18,1,1,1,8,1,1,1,15,8,33,23,20,1,3,10,13,8,1,1,21,1,16,11,12,1,13,1,1,19,22,1,10,1,1,13,1,13,1,1,14,9,100,13,9,19,1,1,21,18,16,1,1,17,1,1,11,1,16,1,1,1,1,1,12,1,16,7,11,12,11,1,1,1,1,14,1,1,1,24,1,1,11,1,11,15,15,1,1,1,18,16,1,1,14,9,16,1,11,20,16,1,1,1,1,1,1,1,1,1,8,9,1,1,1,8,14,1,5,1,1,14,1,1,8,1,1,1,54,1,1,1,16,9,15,4,14,1,1,23,20,15,1,19,17,1,13,1,1,1,1,1,10,14,17,1,6,1,1,1,1,11,22,11,15,1,1,15,1,1,1,25,1,39,19,18,1,23,8,1,1,1,2,1,5,1,14,1,1,9,1,15,1,1,10,15,13,1,12,15,14,9,1,1,11,9,19,1,1,16,1,71,11,13,1,28,20,1,12,1,1,1,7,16,1,1,4,1,1,1,1,1,10,15,10,16,1,21,4,1,20,13,8,1,1,7,1,24,1,1,1,7,9,13,1,34,1,11,13,10,21,1,12,1,15,6,6,1,15,8,1,16,19,2,6,1,1,8,17,17,1,1,10,1,1,27,1,6,1,3,15,16,1,1,1,1,1,13,1,1,1,1,23,14,1,8,1,89,3,1,12,8,1,15,13,1,4,12,1,2,5,15,18,1,13,13,1,18,1,1,16,11,1,24,9,14,21,6,10,1,14,1,2,1,1,19,15,1,1,1,1,17,18,1,2,144,9,15,1,7,33,1,1,1,1,51,16,17,12,1,5,10,1,1,1,9,13,8,1,1,1,1,1,6,1,1,15,1,1,1,9,1,24,1,7,1,1,1,10,1,7,1,10,1,14,9,1,12,1,1,17,21,1,1,1,10,1,1,6,9,1,12,14,1,1,1,27,9,1,1,10,7,1,1,1,1,18,19,1,9,17,1,1,18,1,20,1,1,30,13,1,2,16,8,29,11,1,1,4,1,7,3,15,1,7,12,1,14,8,12,13,1,12,1,1,1,16,16,1,1,24,12,1,15,14,14,15,6,1,4,11,1,24,1,1,1,18,11,1,12,14,12,1,1,3,1,8,5,12,1,14,1,1,13,1,1,1,5,1,1,1,12,1,9,3,8,25,14,18,1,14,1,1,161,1,1,1,1,11,19,6,10,1,10,1,10,14,16,1,1,10,1,1,1,127,6,2,15,8,1,1,9,1,1,14,11,2,11,1,1,15,1,1,1,12,15,1,9,6,26,8,8,14,16,9,4,1,1,10,1,1,13,23,1,1,1,18,1,1,1,11,13,1,1,1,1,13,1,1,75,13,1,22,1,1,2,1,1,15,1,20,12,1,20,8,1,1,10,1,5,3,4,1,5,16,10,1,1,1,6,1,1,16,78,1,1,1,55,5,15,1,1,1,2,1,3,8,6,13,11,1,22,1,12,1,12,2,5,1,15,15,1,1,6,19,1,14,1,9,4,22,1,14,11,10,19,11,8,1,1,1,15,1,1,21,1,1,17,10,1,1,13,1,1,1,2,13,13,4,18,1,28,7,63,1,19,11,8,1,1,10,1,1,1,12,1,1,1,6,52,1,20,17,1,19,6,4,16,1,1,7,11,1,12,13,1,1,9,9,1,1,1,1,1,16,4,25,1,1,1,1,1,9,8,1,85,10,14,1,1,8,72,9,1,7,1,2,30,1,17,17,17,5,1,1,11,1,6,7,2,10,20,18,15,11,10,1,18,1,13,13,1,6,1,1,94,5,13,1,5,17,14,7,1,1,9,1,13,6,21,1,27,1,1,1,1,16,13,8,15,10,1,16,1,1,1,11,1,6,26,14,1,12,1,1,12,1,12,13,19,11,9,3,11,7,12,1,3,1,17,10,1,1,1,1,1,11,14,11,21,9,17,1,1,1,14,13,1,15,1,1,19,20,14,1,24,24,1,1,14,16,7,18,1,1,16,1,8,19,3,9,47,22,12,21,14,1,1,1,1,11,11,9,1,10,1,13,12,4,1,111,1,3,1,9,12,1,1,1,10,9,14,1,1,12,18,1,9,15,8,1,1,15,1,1,13,1,11,9,15,7,10,3,1,8,11,29,1,1,18,8,7,1,1,4,8,20,31,8,1,12,1,1,1,19,1,3,12,1,1,1,1,1,3,1,1,1,10,1,1,1,1,10,19,10,19,1,1,1,11,17,15,1,1,7,1,21,18,15,3,15,1,12,17,15,1,1,19,12,9,7,13,1,1,13,1,19,8,1,1,1,14,10,1,1,21,14,1,1,1,27,10,1,12,1,1,7,1,1,1,11,19,1,11,1,1,21,1,10,1,1,1,8,8,2,8,1,13,1,20,11,1,1,1,15,12,1,1,15,1,5,18,1,19,1,6,1,11,13,1,13,1,1,14,11,1,17,7,1,6,8,12,3,13,1,6,1,11,17,20,11,7,12,14,1,1,8,1,1,17,8,6,1,1,13,1,5,7,1,1,17,11,1,11,1,5,1,1,17,15,113,16,1,7,6,12,1,11,14,96,1,10,1,1,11,1,9,18,3,1,2,18,15,9,1,11,1,12,2,17,24,1,19,8,1,18,1,1,25,12,1,1,1,4,1,9,19,13,16,3,19,1,11,1,17,14,1,12,1,19,13,1,9,8,28,11,1,15,14,1,13,11,11,1,1,3,7,5,8,19,14,4,6,7,1,18,18,1,1,20,11,9,17,1,1,9,20,9,17,1,1,8,1,1,1,1,23,12,27,11,12,6,1,1,12,1,1,20,1,1,5,1,12,1,1,1,1,1,1,1,1,8,1,10,1,12,2,8,1,1,1,27,9,26,1,10,13,1,19,9,1,1,1,13,10,1,1,1,17,16,15,1,10,13,5,1,1,13,11,9,1,1,1,1,195,1,1,1,15,1,49,1,15,16,18,1,10,7,1,1,1,1,3,1,14,1,7,7,12,1,1,1,1,11,110,13,16,1,11,1,15,1,1,1,1,1,11,1,1,9,13,1,2,14,11,18,13,1,8,13,14,14,1,1,1,10,1,1,5,1,1,16,15,1,1,1,6,1,13,14,3,9,1,4,1,9,6,1,3,2,1,9,14,15,14,20,1,1,1,50,1,20,1,18,15,12,1,1,33,12,13,1,9,11,7,18,1,3,4,16,31,13,1,1,1,6,1,1,13,13,1,17,1,6,12,1,18,6,10,1,1,14,8,1,6,1,1,12,17,1,11,1,1,1,1,1,30,1,3,9,1,12,1,1,5,2,1,21,19,13,10,19,1,1,1,11,1,1,5,11,12,22,11,1,2,10,12,1,1,1,17,10,3,1,17,1,1,55,19,12,1,1,17,14,8,7,1,1,44,1,10,14,1,1,1,8,34,1,15,5,1,1,5,1,1,1,1,1,1,1,2,5,1,1,6,16,1,1,1,14,22,7,1,1,1,21,2,13,9,1,7,1,14,12,18,1,1,1,1,1,15,10,11,12,8,2,1,1,1,13,1,16,16,9,57,10,1,5,1,1,1,31,7,15,1,6,1,1,12,1,1,1,1,100,11,1,1,1,1,12,4,12,1,1,1,10,1,1,1,1,6,1,1,18,14,20,22,1,2,1,1,19,1,1,12,16,1,11,1,1,1,1,1,13,13,15,1,21,1,14,13,18,1,6,9,1,1,13,1,1,1,1,1,4,4,18,5,78,4,9,6,12,1,12,1,10,11,11,1,1,18,1,1,1,3,1,1,1,1,10,16,1,1,1,16,1,37,2,1,14,20,10,17,1,11,16,9,11,1,4,17,9,8,24,16,13,16,1,1,1,1,1,1,8,20,1,14,12,1,51,1,13,10,14,18,11,1,1,28,1,15,13,14,11,6,1,1,6,11,78,2,1,30,16,2,1,1,12,12,6,1,8,7,1,1,10,11,12,1,1,1,1,1,20,1,1,1,15,12,1,1,1,7,1,1,1,13,4,7,8,22,9,16,1,22,9,1,1,1,1,2,19,1,12,25,1,1,1,1,12,68,2,1,15,1,1,8,1,1,1,16,1,1,14,1,1,15,8,11,1,1,1,7,5,10,1,13,1,20,1,1,1,1,11,1,1,14,10,11,1,19,12,12,1,16,1,1,10,1,11,1,15,1,5,21,5,1,19,2,10,12,17,1,33,16,1,13,11,13,10,1,1,1,1,13,1,15,1,1,82,6,18,1,20,1,1,1,1,1,13,12,17,17,1,12,1,1,15,1,17,6,11,12,13,1,32,77,12,17,8,1,1,1,1,11,1,10,1,1,1,1,1,4,3228,11,1,1,10,1,26,19,9,1,3,1,1,1,1,9,13,13,18,1,12,11,17,10,14,1,1,16,19,12,1,1,1,1,1,12,1,18,1,9,11,12,1,1,2,7,1,1,22,8,17,1,12,1,1,1,7,1,1,11,5,1,1,1,1,1,17,11,1,1,1,1,1,1,1,13,82,2,6,14,1,1,1,15,14,18,11,1,11,1,15,99,40,7,4,12,8,16,18,21,1,1,1,11,1,16,12,1,11,1,1,1,1,1,1,13,1,1,14,1,11,10,1,1,1,1,16,16,13,11,10,11,1,13,24,3,1,1,1,1,11,1,1,1,8,12,1,1,9,1,12,1,6,1,1,10,1,18,17,5,1,1,1,1,1,6,1,15,7,1,9,18,1,8,19,11,1,6,13,4,1,7,1,17,1,18,1,1,2,107,17,1,13,22,1,4,1,8,19,11,1,14,9,10,8,1,11,1,1,1,8,1,1,12,10,1,1,1,1,9,10,1,8,27,26,1,1,1,8,1,12,6,2,15,1,2,1,9,1,13,7,1,12,6,1,5,13,12,1,13,1,1,1,14,1,28,1,20,15,1,11,17,11,11,1,6,1,1,16,1,14,1,21,11,11,20,18,14,1,7,10,1,1,1,1,1,1,5,16,13,14,1,1,9,15,4,10,11,1,6,2,2,1,1,12,10,1,8,1,6,19,1,18,2,1,1,1,1,22,1,9,8,1,3,1,13,1,16,13,14,33,1,1,9,1,13,1,13,1,1,1,15,34,1,17,1,1,1,57,1,1,13,11,21,19,23,5,13,1,17,17,16,1,5,1,12,1,1,19,24,8,1,10,5,1,10,1,24,12,1,18,16,13,1,8,13,1,1,1,9,16,15,1,1,1,1,57,1,4,12,14,12,1,1,10,13,1,1,1,1,1,7,1,11,9,1,1,15,5,1,10,15,12,12,14,17,1,1,1,13,1,1,1,1,5,13,15,14,1,8,10,12,3,1,13,22,12,11,1,14,18,1,12,6,9,12,14,1,1,5,13,1,1,12,1,1,6,9,1,1,1,1,1,16,14,1,1,10,15,1,1,8,8,1,1,2,5,1,10,1,15,6,1,1,12,1,21,1,1,1,23,1,1,9,4,1,1,1,1,1,12,6,6,1,13,8,16,3,1,8,1,1,19,16,14,15,3,1,1,17,1,16,1,15,1,1,11,13,1,13,13,1,1,15,14,1,3,1,2,1,19,2,19,1,2,22,1,18,7,15,5,16,1,3,1,1,1,1,9,3,22,9,13,9,9,1,1,9,10,1,2,10,1,19,18,8,7,1,1,1,23,15,1,7,13,1,12,22,11,1,13,1,13,17,1,1,13,1,13,9,1,1,1,5,11,8,1,1,1,19,1,12,2,1,1,1,1,19,1,1,1,12,13,13,15,8,1,1,13,17,1,11,1,3,1,1,1,14,17,1,1,9,1,12,19,1,1,1,20,11,3,21,1,20,20,13,12,1,19,1,1,1,1,1,8,12,1,8,1,1,10,1,9,1,1,1,13,14,6,1,1,11,2,10,4,2,16,1,4,11,14,12,13,1,7,1,8,18,4,13,32,21,11,1,1,1,15,1,1,1,10,1,13,17,1,20,4,1,9,13,1,1,1,1,1,11,21,1,12,12,1,1,1,9,11,1,1,1,17,3,1,1,6,1,1,10,7,1,1,16,1,1,1,7,12,13,6,40,18,21,1,11,15,16,4,1,1,14,1,12,5,9,1,18,1,5,7,1,1,1,7,1,1,1,1,19,15,14,21,34,1,12,1,1,2,15,1,8,2,1,19,7,12,1,17,12,1,1,12,1,1,19,1,4,9,19,1,1,7,13,1,1,1,1,1,11,20,1,1,1,10,13,19,1,21,1,1,1,1,14,27,1,16,13,9,1,12,1,1,12,6,11,5,1,6,24,16,12,13,9,1,19,11,1,3,10,8,18,1,5,9,15,1,11,1,3,19,1,1,2,1,1,1,1,1,1,1,1,9,1,1,1,1,11,18,10,7,1,99,1,1,1,6,5,17,15,13,1,1,7,1,1,1,7,1,4,1,13,2,1,10,14,10,1,1,1,2,8,1,1,1,13,10,1,16,1,25,1,1,1,1,7,19,11,16,1,10,1,1,1,1,25,14,14,1,11,15,20,8,15,1,13,26,1,2,2,12,24,1,1,7,1,1,28,9,16,13,13,1,1,13,2,15,15,1,1,1,1,9,13,1,1,12,12,1,1,1,1,1,21,1,10,8,1,1,1,11,1,11,6,1,19,16,1,1,1,1,1,1,11,1,1,59,1,19,12,11,12,1,7,1,1,14,1,1,8,9,11,10,2,13,1,2,1,19,1,13,13,1,59,1,14,8,12,17,16,1,13,1,11,6,13,18,1,4,1,14,12,15,10,1,19,16,1,1,6,1,7,7,12,1,19,1,14,33,10,14,1,1,14,1,1,4,1,1,1,17,1,1,1,7,12,8,1,18,1,10,42,1,15,9,1,3,10,1,7,20,8,1,9,23,8,15,1,1,12,1,2,5,13,12,15,8,5,1,11,16,2,16,18,23,1,10,29,12,1,11,12,17,17,1,1,10,1,1,15,12,26,15,1,1,11,1,1,11,1,11,19,4,1,1,8,1,1,24,9,13,16,11,1,1,1,19,1,1,1,9,14,19,7,12,1,1,1,1,14,16,1,1,1,11,1,11,1,1,11,1,14,11,1,4,23,12,1,13,1,1,20,1,5,4,14,1,9,1,9,1,17,10,1,16,1,15,1,23,1,18,11,14,20,12,11,2,1,12,1,1,16,1,1,1,4,1,1,1,8,1,9,1,1,1,1,18,13,18,1,1,1,13,1,12,22,2,12,1,1,1,15,1,11,25,1,1,9,1,1,9,1,16,32,10,1,1,1,3,1,12,1,11,1,7,1,1,11,1,19,1,18,1,1,8,1,5,1,1,1,1,11,1,1,1,1,20,10,13,10,1,1,16,1,14,11,19,14,1,1,1,1,1,15,18,2,1,15,1,1,13,9,1,21,14,9,17,1,17,12,1,14,46,1,10,1,7,1,1,1,1,9,19,1,1,1,1,7,12,1,22,15,16,6,1,13,1,13,6,1,9,1,1,5,1,1,15,3,12,1,10,15,2,1,1,1,13,1,12,11,1,18,1,13,1,1,16,20,19,1,7,1,10,8,21,1,12,13,1,1,11,1,1,1,11,12,15,8,2,1,1,1,1,14,7,15,1,6,17,6,9,1,14,126,11,1,1,76,1,1,1,1,1,1,1,1,17,1,8,1,71,1,1,14,14,13,1,10,1,15,1,1,18,6,11,1,10,14,5,18,11,1,1,15,16,17,1,4,2,1,1,1,23,8,1,1,5,6,20,12,12,29,9,10,11,4,8,9,1,17,8,14,8,1,15,1,1,14,8,1,20,12,15,10,1,20,1,1,1,22,10,13,1,4,1,3,1,3,1,1,1,1,12,13,6,16,21,15,1,1,12,1,10,21,22,19,1,1,1,1,2,1,1,9,20,14,11,1,8,10,13,14,13,1,2,1,6,6,5,1,11,1,18,15,1,15,1,1,1,18,20,13,16,1,21,1,17,1,1,1,1,9,1,14,8,17,9,1,13,1,1,1,1,11,11,8,10,1,10,23,13,15,1,11,1,1,19,80,14,16,1,1,12,18,1,1,6,2,13,13,6,14,21,1,1,1,13,15,1,11,10,1,1,1,18,1,24,20,1,7,1,1,1,1,1,1,1,13,1,1,1,3,13,1,2,1,12,9,1,120,16,1,17,18,9,1,3,10,22,1,1,14,14,1,2,1,18,16,11,19,8,6,1,19,1,1,11,1,17,1,33,1,14,1,14,1,1,7,1,13,1,15,12,10,19,1,1,1,12,8,8,1,1,8,14,1,9,9,6,15,12,15,13,1,1,1,1,1,1,1,12,13,1,1,1,1,13,13,20,18,1,4,14,23,1,10,1,78,1,1,20,1,2,1,8,13,10,10,20,1,8,9,16,8,2,14,8,21,10,5,9,1,1,19,1,1,6,1,1,1,1,11,6,1,9,8,1,10,14,1,1,1,1,1,11,28,11,12,1,14,1,19,5,1,1,6,7,1,12,1,15,1,1,1,10,1,1,26,1,1,12,1,6,9,1,15,9,1,1,1,1,1,4,9,12,8,21,8,1,6,10,12,17,28,1,1,7,5,1,1,13,9,1,1,9,14,9,1,1,1,1,1,1,4,2,17,16,25,13,18,1,13,19,1,16,1,15,10,1,7,15,29,14,15,14,19,12,10,20,17,1,16,1,1,16,1,12,34,1,1,1,17,1,1,11,14,17,1,10,1,1,12,1,14,9,1,46,1,16,13,1,15,11,18,13,1,1,9,10,1,1,1,1,1,21,1,12,9,1,1,10,1,7,1,1,8,1,12,1,1,12,1,1,5,1,22,11,6,16,1,1,9,20,5,13,9,1,43,1,16,1,10,25,1,19,2,10,1,20,18,1,12,18,1,1,17,9,17,1,1,8,19,1,18,1,1,6,17,1,1,1,8,1,1,11,17,1,1,1,1,12,1,1,1,1,20,9,13,1,1,1,6,17,2,30,15,19,11,1,1,7,3,12,1,3,14,14,21,1,6,43,1,1,12,13,12,15,1,2,1,5,11,1,1,11,1,16,19,1,7,1,8,21,1,1,12,19,1,1,2,9,1,1,16,11,1,6,1,1,1,10,19,9,14,1,5,1,7,1,13,1,1,12,11,11,15,1,1,1,15,1,1,33,1,13,12,9,1,1,16,15,1,9,17,3,13,13,15,1,10,1,17,16,1,10,1,9,16,1,1,23,1,1,1,16,4,14,17,9,1,1,1,1,6,13,1,1,17,1,13,1,22,12,16,1,10,1,24,18,1,1,1,13,16,10,1,1,15,1,16,8,1,1,10,1,17,10,1,7,11,33,13,1,8,1,14,8,9,2,1,11,1,2,3,1,12,14,7,2,4,1,19,1,12,84,1,1,1,12,1,1,15,16,1,1,1,1,8,1,1,12,1,6,2,1,1,21,1,7,1,1,1,8,10,16,3,1,1,9,15,1,3,1,4,15,2,22,21,1,1,9,1,14,9,1,10,1,1,1,12,13,17,1,6,1,7,1,13,1,1,1,1,1,8,1,1,1,1,15,1,13,1,4,10,1,19,19,1,1,10,1,1,12,9,1,1,1,1,18,1,13,1,1,1,1,97,1,20,8,12,2,1,2,1,86,7,26,1,1,21,4,1,7,1,10,1,1,1,1,7,4,14,1,8,13,17,7,10,17,1,18,15,1,1,12,13,10,1,4,14,2,1,1,1,1,17,358,1,1,7,7,10,1,11,11,11,22,1,1,1,7,12,1,12,24,13,14,1,8,20,1,4,2,1,16,1,1,19,10,1,24,22,10,1,1,1,17,8,1,1,15,14,1,6,13,15,19,1,12,11,9,9,10,12,5,1,1,1,1,1,22,1,4,1,12,12,16,10,1,1,16,13,4,1,1,1,1,1,1,1,8,11,1,8,1,1,5,2,1,13,11,1,1,1,6,15,1,1,1,1,14,10,1,1,1,1,1,1,16,1,12,5,1,14,1,8,1,16,19,1,10,20,1,16,22,12,1,1,1,17,1,1,2,18,1,14,10,12,18,1,1,15,7,12,15,8,10,12,1,1,14,9,18,11,13,23,1,1,10,4,1,1,11,110,1,8,1,18,14,8,15,1,11,14,1,1,123,12,1,10,15,13,3,1,1,5,1,14,1,9,27,15,12,2,726,1,1,16,10,15,13,1,8,32,12,5,13,1,15,15,12,1,17,1,1,1,1,15,22,1,11,1,1,12,1,22,14,1,13,11,11,15,1,1,1,1,12,1,14,14,1,8,1,1,1,16,1,7,1,31,1,1,17,12,7,11,19,8,15,29,1,1,1,20,11,13,1,10,1,12,18,16,21,1,1,15,16,1,18,1,1,9,1,1,3,1,1,4,19,16,11,9,1,1,1,7,10,20,9,1,12,1,22,26,1,22,2,1,10,21,1,1,14,10,1,16,12,15,1,1,5,1,1,11,21,1,1,3,19,5,1,12,5,1,11,14,11,1,1,5,13,10,5,16,1,9,22,1,4,14,1,1,38,1,1,1,1,1,1,1,1,1,1,18,65,1,1,17,1,1,18,1,19,5,1,1,10,1,1,1,23,1,1,1,5,1,11,1,1,6,1,14,1,10,10,1,12,11,1,9,17,22,46,12,1,11,19,23,1,1,7,25,1,1,11,1,14,1,13,12,1,11,16,17,1,11,1,14,19,17,1,1,1,3,11,1,27,1,1,1,1,19,11,1,1,15,1,1,1,15,11,1,2,1,1,17,14,1,1,1,14,15,1,5,1,16,13,15,20,1,1,1,1,13,11,8,1,1,19,1,1,17,1,1,16,1,7,1,1,1,21,16,11,1,1,1,1,21,8,9,20,13,1,1,1,1,8,1,6,1,14,9,15,1,10,1,1,14,15,1,12,12,1,1,18,1,10,1,13,1,1,1,15,13,6,1,19,12,16,7,17,1,16,1,1,15,16,1,1,16,69,15,1,1,8,9,10,1,5,17,1,6,8,14,1,1,1,10,1,10,1,1,4,11,1,15,16,11,1,5,1,1,14,1,1,9,15,3,8,11,1,2,12,6,15,4,17,21,5,16,1,13,1,6,13,1,1,9,18,1,1,16,1,1,1,14,1,1,16,10,31,23,1,16,1,14,1,1,1,1,12,13,18,13,10,1,1,11,12,13,13,18,14,16,1,12,1,11,1,11,13,1,1,12,94,1,9,11,1,1,2,15,1,19,11,1,1,6,1,6,1,5,1,11,16,1,11,1,1,16,9,15,1,1,28,21,1,12,1,10,8,10,1,8,1,1,1,20,9,1,30,1,1,1,1,16,1,1,1,2,23,10,1,20,20,13,1,1,1,9,11,1,2,1,7,6,8,1,12,1,1,10,1,15,1,11,1,1,11,9,1,1,1,8,1,10,12,2,1,21,1,2,17,23,1,1,1,1,7,1,7,1,1,10,1,3,12,1,1,10,21,16,1,1,1,1,16,1,3,1,1,13,21,15,12,9,1,11,1,4,1,34,1,1,15,14,1,19,1,1,1,14,1,16,1,12,9,17,21,1,1,23,18,15,1,1,1,1,9,12,1,13,1,11,15,1,24,1,4,1,8,1,1,1,1,1,1,11,1,2,1,1,9,10,12,31,25,9,1,21,10,1,1,12,1,1,1,1,7,12,16,1,1,14,2,10,1,10,7,14,1,5,1,1,1,19,1,1,11,10,9,1,2,1,14,1,1,1,24,12,1,8,1,1,18,1,1,1,11,14,1,22,12,18,10,7,1,15,17,8,27,1,1,5,1,1,16,5,17,12,1,1,1,13,1,18,15,1,1,1,1,10,1,16,6,1,1,12,29,15,1,25,20,6,14,8,12,15,8,1,12,1,17,2,7,1,1,13,18,16,13,1,2,3,7,1,9,11,9,1,7,1,8,7,14,18,1,8,1,1,102,1,1,5,1,13,26,1,2,10,1,1,10,113,21,15,1,16,1,13,4,15,15,1,1,15,6,1,24,18,1,1,9,24,38,16,1,1,11,13,2,1,1,8,1,1,7,13,21,7,1,1,7,1,1,1,6,1,9,14,15,12,1,11,1,13,2,16,1,11,1,1,13,12,1,1,1,1,1,1,1,17,2,10,3,1,1,10,6,1,1,1,12,1,1,1,14,7,1,17,1,13,1,1,1,13,1,11,1,15,14,1,1,10,7,11,1,18,9,4,7,18,1,1,1,10,1,5,9,13,10,1,13,12,7,1,1,7,1,1,1,2,11,1,11,10,15,9,2,13,1,10,1,55,1,6,1,1,16,9,1,3,1,1,12,1,25,2,1,1,8,14,11,1,1,1,1,14,9,15,12,1,1,13,4,10,15,1,6,7,1,14,15,18,70,14,15,21,12,10,1,7,1,15,13,11,6,9,1,8,12,1,1,1,1,15,1,3,16,7,1,23,12,8,6,6,7,2,1,1,1,13,1,2,1,1,1,14,10,1,1,12,9,5,12,8,21,6,1,13,13,10,14,25,1,1,1,23,26,1,1,1,1,1,1,12,1,12,1,11,6,16,18,36,15,6,7,15,5,10,13,3,13,1,1,10,1,1,13,1,1,9,1,18,1,1,19,14,9,15,1,1,11,1,1,15,1,13,12,1,1,7,5,1,1,1,1,1,13,9,1,7,16,9,1,10,2,10,6,14,1,1,1,1,14,10,15,16,1,21,1,1,13,9,1,1,15,6,1,9,1,15,1,1,9,18,1,1,1,1,11,17,19,14,14,2,1,1,1,1,7,1,17,1,1,52,12,1,13,1,1,5,16,4,3,1,1,15,10,7,1,23,1,13,17,1,1,15,15,1,22,10,1,32,1,10,1,2,1,1,14,1,8,19,12,6,10,1,1,1,1,1,1,1,1,1,6,1,1,4,11,12,15,1,1,1,1,1,1,36,9,16,1,1,1,1,6,24,1,1,1,1,1,1,9,1,26,15,5,1,1,15,1,17,17,1,9,10,1,11,5,13,14,9,1,1,12,1,60,1,12,7,16,1,11,1,1,8,14,1,9,1,27,1,12,1,1,10,1,1,21,1,1,1,15,1,15,5,10,15,19,14,1,1,1,8,1,1,1,12,9,1,1,12,1,1,17,1,20,28,9,15,86,1,15,15,10,3,11,9,12,5,1,11,13,12,1,15,1,1,19,1,1,11,1,32,1,7,1,1,52,2,4,15,1,18,1,36,15,10,1,10,1,3,19,21,7,12,15,9,1,1,1,2,1,5,1,17,11,2,1,1,2,1,1,12,1,10,14,1,20,1,17,15,1,1,11,1,8,1,11,8,1,10,1,16,16,17,5,17,15,12,7,12,1,7,1,1,16,1,1,8,1,11,1,13,1,8,9,1,11,9,18,1,11,1,9,9,8,7,12,1,4,1,1,6,12,8,1,1,7,1,25,1,12,9,9,9,12,18,1,19,21,1,21,1,1,1,1,22,37,13,1,1,6,9,12,1,8,1,1,1,1,1,1,1,1,7,1,11,4,1,9,13,1,13,1,5,1,1,7,16,6,1,3,1,3,13,12,1,1,12,46,1,12,1,1,1,9,111,1,16,7,10,1,24,1,1,9,1,1,21,15,8,13,20,1,6,16,1,1,1,1,1,1,1,10,1,1,1,1,63,1,21,17,1,1,16,1,1,5,13,6,10,1,1,10,13,15,8,1,1,1,4,13,18,1,11,1,7,876,17,9,12,14,1,1,12,1,1,1,17,1,26,10,1,4,11,1,6,1,13,1,11,13,14,13,1,1,16,16,1,1,10,1,1,14,1,17,6,1,1,9,5,1,13,46,8,6,5,1,1,2,7,1,1,1,1,5,1,1,3,1,1,12,19,1,1,1,8,1,14,10,17,12,1,1,12,12,1,1,6,11,1,15,14,13,8,16,12,6,1,14,1,1,11,14,16,12,1,10,1,1,17,1,1,1,2,16,1,220,6,15,13,1,1,18,1,30,1,1,15,18,2,11,8,1,6,1,8,5,10,1,10,7,1,8,17,19,1,1,1,5,15,1,1,17,1,14,1,88,12,37,18,1,1,1,18,15,11,1,16,1,1,1,1,8,8,1,1,19,1,16,12,16,28,15,1,1,17,1,17,1,1,1,2,18,9,1,6,1,15,1,1,46,44,1,1,9,1,133,1,1,1,17,1,1,1,18,10,1,20,6,1,1,15,1,11,12,17,17,1,7,1,1,1,1,9,1,1,13,15,12,9,4,1,1,31,123,8,1,12,1,1,1,17,11,2,11,1,12,1,1,1,1,1,14,1,12,9,1,2,12,1,12,14,23,1,17,98,1,24,16,8,14,1,16,12,19,13,1,1,1,20,1,18,1,8,1,1,10,1,19,1,24,1,1,1,2,11,1,1,15,2,1,1,1,1,1,14,12,12,1,15,1,10,1,16,10,1,8,17,1,1,1,1,1,1,14,1,1,1,2,10,9,16,1,5,18,10,14,1,1,11,8,7,10,4,10,1,1,15,1,12,17,1,1,1,1,1,1,1,12,2,8,1,1,1,19,13,1,24,1,10,17,21,1,14,12,1,11,1,10,12,1,4,14,1,1,15,17,13,1,1,1,1,12,14,9,15,1,1,18,13,2,1,10,1,1,1,1,5,1,17,14,1,1,1,6,1,1,1,1,11,19,7,10,13,1,4,1,21,15,3,5,1,1,6,1,1,24,1,21,1,23,14,1,36,1,1,1,1,1,15,16,1,1,19,1,1,10,1,1,1,1,1,1,26,8,1,11,14,17,1,1,2,1,8,1,7,3,1,7,1,1,4,8,16,1,1,1,1,1,1,1,15,1,10,23,32,25,19,2,13,1,18,1,21,15,22,7,33,9,1,1,8,13,12,8,1,1,14,1,8,12,15,7,1,1,2,22,1,12,11,1,7,1,1,1,9,10,14,8,9,8,10,1,7,1,10,15,23,1,1,12,1,1,14,20,1,1,6,11,1,12,1,1,1,24,1,32,1,7,25,13,13,23,13,1,13,8,13,45,9,1,1,22,1,1,1,13,6,9,13,13,1,20,1,4,32,11,11,11,12,4,1,2,12,1,1,13,81,19,21,2,1,1,1,30,8,1,13,13,1,1,14,1,12,15,16,13,62,9,13,22,1,16,2,1,9,1,1,13,1,12,1,1,1,1,1,3,1,1,1,11,12,51,1,23,1,1,10,14,1,1,11,1,14,13,19,12,1,7,1,19,1,15,1,15,1,12,1,1,11,1,1,1,1,1,1,1,1,1,1,16,1,13,1,17,1,1,11,5,1,2,17,3,1,13,15,1,23,15,20,1,1,1,1,8,13,1,12,28,1,19,1,10,9,12,21,14,12,17,2,1,1,1,1,1,1,1,5,2,1,12,1,9,11,1,10,1,1,10,13,3,1,1,9,1,1,1,11,6,3,1,3,1,1,4,13,1,1,6,15,18,1,1,11,18,9,11,1,1,17,1,8,1,1,2,7,1,1,14,1,14,14,1,5,15,16,15,1,1,1,11,1,3,1,1,8,1,12,12,1,1,1,10,22,1,1,1,1,12,5,11,12,8,1,1,12,1,1,1,1,2,1,13,1,19,1,20,1,8,13,16,14,8,1,6,15,8,9,8,20,1,25,2,8,12,1,7,4,2,17,1,1,8,69,1,30,1,1,1,1,1,12,1,13,2,15,12,6,15,11,10,9,3,1,20,1,1,8,1,19,10,1,12,6,1,9,1,1,1,11,5,1,1,14,11,1,4,1,1,19,1,1,1,18,1,1,1,1,1,15,13,3,7,1,14,17,1,13,10,16,1,1,3,3,12,15,1,10,1,13,1,14,1,1,17,1,9,1,16,3,12,10,9,1,16,1,7,12,1,9,9,1,14,8,1,13,12,1,12,14,14,1,1,1,2,11,1,15,12,7,16,9,6,13,14,3,6,3,12,1,1,1,8,1,1,1,15,1,11,12,13,1,3,1,10,1,1,15,1,1,1,1,1,1,1,11,13,1,1,1,2,11,1,18,1,1,14,1,1,1,1,12,1,1,12,13,1,1,9,1,11,13,1,6,1,6,11,17,15,1,31,1,21,3,1,1,1,94,5,2,28,12,1,18,1,12,10,1,1,12,9,1,1,8,1,1,13,23,17,23,1,16,1,1,71,1,1,11,1,1,1,1,13,1,1,9,11,19,1,1,11,12,16,13,14,7,15,15,1,11,4,13,1,9,9,1,1,1,1,1,13,10,10,43,1,1,10,9,6,1,7,1,13,1,60,1,1,16,3,12,31,18,1,9,1,1,21,12,21,1,1,1,8,7,1,16,11,1,1,15,1,1,15,20,1,15,13,1,1,12,21,1,17,1,13,9,10,2,1,1,27,14,1,1,1,19,18,1,1,1,1,9,9,4,18,12,1,1,1,1,1,14,91,1,1,1,24,1,1,1,13,9,16,1,1,1,12,45,31,1,1,9,1,2,1,1,1,7,17,17,3,9,13,1,4,13,8,12,1,12,16,22,1,15,1,1,10,1,4,11,2,7,1,13,11,18,13,18,17,7,1,15,21,1,1,1,11,80,9,9,1,9,2,1,1,3,1,1,8,13,12,13,1,1,12,8,11,9,100,1,1,18,1,10,1,1,9,1,1,1,32,6,12,1,1,1,14,1,11,1,13,1,13,1,1,9,1,6,1,11,1,15,1,8,27,14,1,1,2,10,1,1,1,21,2,3,8,10,1,1,1,14,1,1,11,12,13,14,1,1,1,1,1,1,1,17,8,21,15,1,1,1,1,16,1,1,14,12,2,1,9,16,12,18,1,11,17,7,19,13,15,1,1,18,1,1,1,1,30,1,1,11,10,1,1,1,15,7,1,13,1,1,12,15,1,1,1,20,19,9,1,1,1,1,9,1,9,1,11,15,1,9,1,1,8,1,1,1,15,1,1,14,4,1,9,20,1,14,9,18,1,13,1,1,15,45,22,9,13,1,16,12,1,1,1,1,1,1,1,35,1,1,25,15,13,1,1,1,1,11,1,1,28,1,16,1,1,1,1,10,8,30,1,12,12,18,1,12,7,9,1,3,1,7,1,9,10,15,1,12,12,11,13,1,11,1,18,7,10,28,1,17,14,1,2,1,7,1,12,1,1,13,1,10,8,15,10,1,18,4,14,1,11,14,1,11,9,1,1,1,1,1,1,16,1,1,10,59,14,1,13,1,1,68,5,17,1,1,1,10,1,137,1,15,2,1,21,1,1,17,1,11,6,12,18,1,1,1,21,17,9,11,10,16,17,22,19,15,23,1,10,1,1,9,18,32,1,1,13,1,6,1,1,1,1,20,13,14,15,15,1,1,3,1,22,1,16,1,1,1,14,7,1,9,1,6,1,15,1,1,1,1,1,1,4,1,1,6,12,5,1,1,10,1,16,3,5,9,1,17,12,15,16,12,1,16,13,1,1,23,1,6,1,15,8,1,9,1,1,33,21,1,1,1,1,16,7,1,19,17,70,9,13,8,23,1,1,1,1,18,9,1,6,16,1,1,1,1,9,11,16,11,15,15,33,10,1,1,1,3,6,9,1,1,3,1,8,1,1,1,1,83,13,15,1,58,30,11,13,17,1,15,14,1,1,10,10,10,1,1,14,16,1,1,1,7,13,4,15,38,8,6,1,1,7,1,1,11,1,1,1,20,1,11,22,19,15,5,1,1,13,1,18,7,13,37,1,17,1,14,1,3,1,1,15,16,1,8,1,9,1,2,11,1,1,28,12,9,401,14,7,3,1,10,10,1,294,16,1,17,1,15,1,13,11,13,1,1,18,1,1,9,12,19,11,2,1,1,1,1,5,9,1,1,1,19,9,9,1,12,14,1,1,1,3,10,1,1,1,1,1,1,1,12,1,5,1,13,1,2,15,1,1,1,2,1,1,1,1,1,11,28,22,1,1,15,1,6,12,7,4,9,4,1,1,15,13,1,16,1,15,17,8,27,67,1,1,7,46,4,4,1,1,1,1,17,5,9,1,30,10,7,12,1,1,9,9,16,14,10,19,6,8,1,10,10,13,1,10,1,1,1,1,2,1,1,7,20,5,1,9,18,1,1,1,1,10,10,1,10,13,1,1,1,4,1,1,1,13,12,11,10,1,10,12,19,15,1,14,13,9,1,1,1,12,1,1,1,1,14,1,1,15,11,5,8,11,11,14,1,8,1,1,9,1,17,1,1,10,1,10,11,1,1,7,1,1,8,6,13,1,1,1,14,7,4,8,1,1,6,1,13,1,14,1,9,10,1,18,13,1,1,1,19,5,1,1,1,1,16,1,15,3,8,14,8,1,1,7,13,14,12,18,1,1,1,15,1,11,12,20,2,1,1,14,15,1,1,1,14,1,8,2,14,1,14,7,19,1,14,1,1,1,5,1,12,7,1,6,1,1,9,1,1,1,3,1,10,1,10,9,8,1,17,1,16,12,1,2,1,7,1,1,22,1,1,1,9,11,13,12,10,1,1,11,10,1,1,8,1,1,1,17,9,3,1,1,4,1991,1,17,8,1,1,1,13,9,12,15,1,13,1,1,11,10,12,5,118,1,1,20,1,7,1,1,13,1,19,1,1,14,17,1,10,16,11,7,1,11,9,1,1,1,3,2,11,1,1,1,8,1,12,9,11,9,19,1,9,10,1,1,11,12,1,13,10,1,10,1,17,1,78,15,1,1,5,1,6,1,17,1,1,19,1,1,8,1,13,4,9,1,1,1,8,1,1,1,1,1,2,1,98,15,1,9,1,1,16,1,68,12,1,1,21,8,1,1,1,21,1,8,1,1,18,16,1,1,1,10,12,25,9,1,1,1,1,9,1,12,8,1,1,1,13,2,1,12,12,1,11,10,4,1,19,13,11,14,1,9,1,15,2,16,21,11,5,9,1,1,1,32,10,10,12,12,19,17,4,106,3,19,17,10,1,1,13,7,3,10,8,14,1,13,21,8,1,8,1,1,8,1,1,11,1,17,8,1,9,33,1,12,1,1,7,1,17,13,1,1,9,11,9,1,1,4,18,1,1,2,1,18,9,10,1,1,1,1,1,19,14,1,1,11,7,8,1,1,17,1,1,15,20,1,1,1,1,2,1,1,1,1,12,14,40,1,1,817,2,20,14,1,1,10,1,10,14,1,1,1,17,1,1,1,20,33,1,1,1,9,10,2,10,1,1,8,1,11,1,1,6,1,1,12,1,7,1,7,1,1,12,1,1,6,1,1,18,20,1,1,1,1,1,1,1,11,18,17,1,1,1,24,1,7,14,10,17,12,1,16,1,11,10,1,1,2,13,19,1,1,15,1,1,16,1,1,10,7,10,1,1,1,1,9,19,17,21,11,9,1,1,1,17,18,3,16,5,14,21,90,1,1,1,1,9,6,1,1,7,14,7,14,11,8,7,1,14,1,1,9,14,3,10,10,1,1,13,1,12,1,14,1,1,1,1,14,1,1,16,52,6,1,12,15,1,1,9,8,1,1,1,13,1,9714,19,16,9,1,1,2,4,1,1,9,20,12,8,1,1,1,1,15,1,9,1,1,1,1,2,3,1,13,14,1,1,13,1,1,1,13,1,6,1,1,20,10,1,12,172,11,1,13,14,1,16,1,3,15,11,1,1,1,1,1,27,30,15,1,1,1,10,1,8,12,1,17,13,1,1,6,1,1,1,13,11,14,9,11,1,1,12,1,21,6,3,7,14,15,12,1,10,15,4,25,5,12,1,1,16,10,13,1,1,1,8,1,1,15,1,14,1,1,18,1,1,13,1,22,1,1,12,12,12,25,1,1,15,1,10,1,1,10,1,1,21,18,1,1,1,1,8,11,19,1,1,15,18,22,15,11,13,1,1,15,1,7,1,4,1,12,1,1,1,1,11,1,6,1,8,1,1,1,1,1,1,1,18,15,1,2,3,14,1,11,1,19,20,16,1,4,1,26,10,9,1,1,1,27,10,12,6,2,9,5,2,10,15,1,1,8,15,2,63,1,11,1,11,12,17,1,17,12,11,1,17,189,1,1,16,10,9,4,1,15,15,1,9,1,1,1,9,1,1,6,1,1,1,9,1,1,24,6,1,1,4,13,1,10,14,1,1,5,1,1,9,11,1,10,1,1,19,5,6,16,1,7,9,19,11,1,19,1,15,1,3,1,12,9,10,20,11,4,1,1,19,1,16,1,1,13,3,26,1,2,11,1,7,18,1,11,1,15,1,2,1,15,10,1,10,1,1,1,12,8,1,18,16,8,1,10,24,14,1,1,9,14,1,10,1,8,1,9,1,10,1,9,1,1,1,11,1,1,10,1,13,1,1,1,8,7,12,1,1,1,1,13,3,1,13,1,1,9,1,29,11,12,18,16,1,1,10,14,1,19,23,1,1,10,9,1,21,8,13,1,10,8,1,17,13,11,1,1,12,9,1,18,1,3,1,15,1,1,1,1,1,1,1,13,1,10,6,1,1,16,1,1,2,33,1,12,1,1,1,2,15,1,1,13,10,1,3,14,17,1,1,12,1,8,1,15,1,1,22,1,1,1,8,1,1,14,1,11,13,1,9,96,1,1,14,12,4,24,9,1,16,1,1,12,9,9,1,11,6,13,11,1,1,1,14,18,1,1,1,1,13,8,3,2,1,12,29,1,1,13,8,14,10,4,1,10,1,1,7,16,7,1,1,17,9,1,5,1,1,19,1,5,1,1,1,1,1,5,1,1,1,1,17,1,11,1,1,1,1,3,13,19,1,1,1,6,18,13,18,1,1,9,1,13,8,14,20,1,1,15,1,3,1,8,33,1,1,10,1,35,1,1,15,1,2,9,1,67,17,1,18,1,10,6,9,19,1,8,1,30,22,1,7,11,11,1,1,6,6,1,1,9,10,1,1,1,9,21,10,1,1,1,1,1,17,12,1,1,13,25,1,1,1,1,1,9,1,1,15,3,8,1,11,12,12,8,13,11,1,1,20,1,1,85,14,5,10,1,1,2,8,8,1,1,8,20,17,13,125,45,1,7,13,1,1,1,1,1,16,17,1,75,11,1,1,12,1,16,25,1,14,19,1,1,1,1,8,5,13,17,23,1,1,14,1,14,9,1,17,9,32,2,1,19,12,1,1,10,15,1,1,1,1,1,10,1,20,15,1,1,1,1,1,1,2,18,9,8,16,1,1,8,19,12,15,1,1,1,1,18,1,1,4,12,2,12,1,18,1,1,1,1,17,1,1,1,1,1,48,1,10,13,13,14,1,1,16,1,11,4,13,2,1,11,1,1,1,13,2,1,2,15,1,18,3,12,75,13,1,1,1,14,14,1,17,1,8,16,11,17,27,18,1,10,1,20,1,1,9,1,2,12,5,11,16,1,8,1,1,13,1,13,19,1,32,15,6,1,16,1,9,1,6,1,1,17,1,5,1,12,5,1,14,1,19,11,1,1,1,9,1,9,1,16,1,12,1,9,1,1,23,1,1,1,21,15,5,1,10,8,1,1,10,1,8,8,20,1,1,1,9,8,21,19,1,14,1,6,22,1,1,1,1,1,8,1,1,39,6,11,2,1,15,1,8,1,9,2,20,1,1,11,13,6,1,1,8,11,1,6,1,11,14,6,3,1,8,19,11,16,5,7,10,18,1,1,19,15,15,1,1,1,1,1,1,1,1,37,9,1,12,1,3,1,15,81,13,1,15,48,1,1,10,1,11,1,1,18,11,19,1,9,1,8,11,1,11,1,10,4,12,7,9,7,13,1,1,1,2,12,2,1,1,1,1,6,11,1,10,13,11,16,1,10,1,18,13,1,1,12,1,1,8,1,1,8,1,10,1,1,14,1,1,8,1,13,10,20,14,4,14,9,1,1,1,119,1,1,6,18,16,12,1,16,11,10,1,1,19,1,1,19,1,1,18,38,15,13,1,10,1,16,1,6,14,6,1,1,2,10,11,20,15,14,1,16,12,13,13,20,13,11,1,1,1,1,14,11,13,1,9,6,5,1,1,1,1,1,1,6,12,8,1,14,1,11,1,101,1,16,11,10,12,1,12,1,24,7,4,1,9,1,18,7,1,1,10,1,1,20,1,18,1,14,9,11,1,7,19,6,1,1,5,7,18,16,22,1,1,1,1,1,1,1,1,1,1,1,19,1,1,8,13,1,18,3,1,14,1,1,9,1,2,12,12,7,13,11,9,14,1,15,1,23,3,17,1,1,1,11,1,18,10,16,1,10,1,1,1,1,2,16,1,9,1,20,1,18,10,1,1,1,10,1,1,1,9,10,10,1,16,15,21,13,1,12,1,6,1,1,31,9,1,7,11,5,1,2,1,1,1,9,4,9,10,1,20,1,28,1,1,18,2,1,1,1,1,9,1,11,1,1,1,1,12,9,1,12,1,14,1,1,1,2,8,1,5,34,1,13,1,26,1,13,1,1,1,11,1,1,1,1,16,1,17,17,9,13,10,1,1,1,1,1,11,11,7,8,1,14,10,1,1,18,1,1,23,1,1,1,18,1,1,17,10,1,8,1,14,7,10,1,21,1,8,1,13,1,1,1,3,2,1,1,10,1,1,10,8,1,1,1,12,4,11,1,1,32,1,1,1,12,10,1,6,1,19,1,1,1,12,1,12,11,1,11,12,15,6,1,1,15,4,6,1,4,1,12,19,1,6,9,9,20,13,1,11,9,17,15,7,1,15,1,1,1,13,15,1,1,29,12,11,15,1,1,1,1,15,1,1,18,1,6,1,1,16,1,8,1,20,12,7,19,7,2,1,11,1,16,26,9,1,72,1,1,11,11,9,1,9,1,13,10,1,13,1,1,1,1,1,18,17,7,1,9,14,13,7,18,12,69,1,1,14,1,20,1,8,5,12,1,4,1,1,15,7,1,19,11,6,27,8,1,9,6,12,10,1,6,1,14,1,1,19,1,16,2,1,1,2,1,19,12,1,12,9,10,1,1,16,1,88,1,14,1,13,9,21,6,1,1,14,1,10,13,6,23,1,13,14,7,5,9,9,1,11,6,8,8,13,1,1,1,1,1,9,1,1,1,12,1,91,20,1,5,12,1,13,3,1,11,9,1,1,12,11,1,1,1,1,7,42,1,13,19,10,16,1,1,7,1,9,9,1,6,43,15,16,3,1,1,2,1,16,14,1,1,1,14,1,1,1,15,87,18,12,15,1,1,11,11,3,15,63,7,20,1,1,1,1,21,1,1,1,1,1,1,1,1,12,5,1,11,1,11,3,6,83,16,5,1,2,15,1,1,13,15,8,3,1,1,1,7,1,1,1,18,1,1,7,1,1,13,1,1,4,13,1,15,1,10,12,5,1,8,9,1,1,17,12,1,1,1,1,12,9,12,11,1,15,1,17,1,7,1,1,189,1,1,11,17,9,15,23,14,6,9,17,15,1,21,7,7,13,8,70,1,1,11,19,1,41,1,13,1,1,1,9,16,1,10,1,5,16,1,19,23,1,8,1,12,1,8,13,1,1,14,1,16,1,1,1,1,22,1,1,1,1,1,4,11,9,13,1,1,7,1,1,8,10,11,1,1,8,5,1,9,1,21,1,1,12,18,9,1,12,11,5,15,1,1,1,1,1,1,22,5,13,14,1,14,20,9,9,9,1,15,1,1,9,15,1,1,19,12,1,17,1,1,15,13,9,12,1,3,14,1,1,1,15,1,1,1,11,15,1,18,11,9,19,7,12,1,15,12,1,7,2,11,11,1,17,8,1,1,10,10,1,1,1,12,10,1,15,1,1,12,8,1,1,15,1,16,1,1,1,1,12,1,38,9,8,2,7,1,8,19,20,19,15,18,1,1,1,20,10,12,17,13,1,12,2,1,7,18,1,13,4,1,26,1,4,16,1,12,1,1,28,1,1,1,1,2,20,15,14,13,15,1,15,1,1,22,16,10,8,18,10,19,15,1,1,1,5,13,1,7,1,9,1,8,13,15,13,1,1,17,1,13,5,1,1,8,16,13,9,1,11,2,8,1,2,11,1,1,11,1,1,6,1,18,1,1,1,13,8,1,1,12,14,1,1,8,1,1,1,10,1,1,10,12,10,1,10,5,26,1,6,8,1,1,1,8,10,1,14,1,5,1,1,17,13,17,1,1,12,72,1,1,1,15,10,1,1,19,1,19,1,16,1,1,10,1,1,6,16,15,11,1,7,1,7,1,4,11,10,1,9,1,15,10,13,12,1,93,12,1,4,1,1,1,1,34,10,5,16,1,10,1,1,11,10,1,1,1,1,6,7,10,21,1,5,11,17,1,1,2,14,10,1,21,15,1,1,1,1,1,1,11,20,1,13,1,7,1,12,1,1,1,1,1,12,1,11,1,1,1,1,11,1,1,2,1,18,1,1,15,1,1,1,5,1,1,1,1,1,1,15,1,1,1,10,2,9,11,25,1,1,16,1,16,11,10,1,14,1,13,1,9,1,1,1,1,11,27,1,3,1,22,1,1,1,13,6,1,11,1,7,16,1,1,11,1,1,15,1,15,1,1,14,1,6,8,6,16,1,1,12,9,1,17,11,1,12,1,1,1,1,22,16,20,12,20,1,1,8,1,6,1,8,14,1,1,8,5,12,6,1,1,14,1,1,16,1,1,1,1,1,12,13,15,19,1,10,11,1,1,9,2,6,1,25,12,1,10,1,10,6,1,19,1,6,1,1,1,18,1,1,1,1,13,1,1,14,1,33,14,1,1,1,13,11,3,5,9,13,9,1,1,1,7,1,13,6,1,5,10,2,2,1,1,250,11,2,1,10,1,2,1,10,14,15,1,1,17,9,6,2,18,17,12,1,11,2,8,29,17,12,1,1,14,9,16,10,4,11,6,9,1,9,6,1,13,6,5,16,11,12,16,15,12,1,1,5,14,1,14,1,10,1,1,1,16,22,9,1,17,11,52,20,9,1,1,1,1,1,1,1,18,1,15,8,1,19,1,16,1,11,13,12,1,7,7,3,1,1,1,11,5,10,16,1,1,12,1,18,10,21,28,6,10,1,8,14,1,1,1,1,1,1,12,16,27,18,1,1,1,15,1,1,17,1,13,19,8,1,5,1,1,1,4,1,1,1,9,1,1,1,11,1,1,13,7,1,2,1,1,1,26,1,1,1,9,13,1,2,16,1,1,1,1,18,1,15,1,1,12,1,15,17,1,1,1,16,1,1,1,15,12,14,6,10,12,10,12,1,1,6,15,1,1,10,8,4,8,1,1,13,1,1,3,2,1,1,1,10,18,8,22,15,12,15,1,1,1,4,10,16,1,1,14,9,1,17,16,21,1,1,7,18,16,18,1,1,1,1,10,9,1,1,13,1,5,15,1,15,1,1,1,1,11,1,1,1,13,10,10,15,14,1,1,13,17,8,1,6,1,1,1,12,1,13,1,9,1,1,10,14,11,13,12,1,17,13,1,1,14,17,1,8,8,11,1,8,1,6,1,1,1,1,16,21,12,1,1,17,5,6,1,18,8,5,1,15,1,4,10,1,4,1,1,1,1,1,1,1,22,1,1,1,1,2,1,1,18,1,1,11,11,17,1,1,1,1,1,1,17,1,15,1,13,1,1,1,1,1,13,1,5,1,60,12,14,27,11,38,1,13,1,7,13,14,1,10,1,12,1,1,10,16,1,1,1,8,22,26,15,10,2,10,1,9,15,1,11,1,1,1,14,1,15,12,1,10,16,9,4,6,1,1,13,24,3,1,15,1,1,1,1,1,1,1,1,1,1,9,10,1,12,1,2,1,5,8,40,13,18,1,5,11,1,4,1,1,2,11,11,4,6,1,1,11,19,1,1,23,1,4,15,15,8,1,7,1,1,7,1,16,1,1,10,14,10,18,4,1,11,1,1,100,1,1,11,13,18,1,1,8,10,1,18,1,15,14,1,1,1,14,1,4,10,1,1,1,1,1,5,11,1,1,7,1,15,1,1,6,7,15,12,9,7,2,13,11,8,1,1,1,8,43,23,14,13,12,1,16,12,1,14,7,1,16,17,19,12,1,1,1,12,13,7,16,16,1,13,9,14,19,8,14,1,11,1,1,1,1,1,2,20,14,1,11,1,9,18,1,10,1,63,1,1,19,7,15,17,16,6,8,16,1,1,1,1,1,14,1,14,1,1,13,15,1,1,17,9,9,1,1,11,1,18,17,1,1,1,1,22,34,9,1,15,12,1,1,17,1,6,7,1,15,3,1,17,11,1,12,1,82,1,9,1,17,1,17,16,2,18,24,1,17,10,1,8,16,12,20,1,14,1,1,6,1,13,5,1,5,10,1,1,10,10,14,13,15,9,5,15,5,13,1,1,16,11,12,18,5,1,15,23,4,1,1,1,1,1,1,20,1,9,9,1,1,1,15,15,1,13,1,1,1,1,7,1,1,2,1,1,1,5,19,6,1,1,11,1,25,13,12,2,1,12,15,1,1,17,1,1,1,17,1,1,11,14,9,1,1,3,13,1,10,10,1,1,1,1,16,4,13,15,23,1,10,1,6,1,20,1,1,1,6,1,1,9,5,1,1,5,1,5,1,1,11,5,1,9,1,1,12,1,12,1,10,9,1,1,1,14,1,1,10,1,8,14,11,8,1,14,1,1,1,16,1,10,8,1,11,1,19,1,1,1,24,2,6,1,15,1,16,11,9,15,1,4,1,1,11,13,19,11,13,1,13,1,19,1,9,1,6,1,7,16,1,14,1,1,10,1,1,5,1,9,1,20,1,8,1,11,6,1,12,1,15,14,1,1,10,22,1,18,13,1,1,2,1,12,13,1,1,14,1,1,1,1,1,14,1,1,1,14,1,15,1,10,1,11,1,1,1,1,1,14,5,1,30,8,1,6,1,15,1,1,1,30,8,7,11,15,6,1,1,1,14,15,10,2,10,1,6,13,11,1,10,1,1,12,1,19,9,3,17,1,1,1,1,1,11,13,13,1,11,1,1,17,1,1,1,6,1,12,20,14,1,1,1,1,8,1,10,11,3,8,11,12,12,1,17,6,1,19,1,1,27,9,2,15,2,1,17,16,1,17,8,13,1,15,1,1036,3,10,17,1,1,1,2,1,1,1,2,14,1,9,12,1,10,15,16,1,1,1,1,11,12,1,12,8,27,10,11,10,1,5,6,1,8,1,1,1,73,12,1,4,1,11,11,1,1,16,1,12,7,26,11,3,5,1,1,1,1,1,1,1,1,1,1,11,1,1,9,1,35,1,13,10,20,14,9,7,1,1,1,4,16,5,1,1,1,1,1,21,1,11,8,1,13,1,1,12,11,1,9,10,1,11,1,3,16,17,1,1,7,1,1,3,6,1,1,1,1,2,31,1,6,11,17,1,14,1,1,14,1,1,7,1,11,1,1,1,16,1,12,7,1,16,16,8,6,1,6,21,2,10,1,1,18,1,3,13,1,3,3,15,19,1,1,1,4,1,10,13,7,17,23,21,12,1,8,19,15,1,23,1,4,1,2,1,12,1,16,3,1,7,5,37,5,1,1,1,1,17,1,1,8,12,1,15,1,10,1,1,1,1,1,9,8,9,1,14,5,1,1,2,35,12,1,1,1,1,11,1,13,1,1,16,21,9,1,1,14,1,1,2,195,13,1,1,13,9,1,16,17,9,13,15,28,1,1,1,1,1,10,31,1,9,1,1,1,7,13,1,15,17,10,10,1,21,1,1,5,1,15,12,22,18,1,12,1,1,9,12,1,1,14,14,1,17,6,10,15,1,3,13,1,19,1,1,1,1,11,1,13,7,1,17,9,1,12,9,1,15,1,1,16,13,1,11,11,21,18,1,1,1,12,11,1,1,11,1,1,1,10,4,6,4,1,15,11,14,1,9,1,8,1,1,8,1,33,1,2,13,1,6,3,1,1,1,15,1,1,1,11,1,23,16,7,1,11,1,1,1,12,94,12,1,1,11,15,9,16,1,13,10,1,1,19,1,4,6,15,1,11,1,12,1,11,1,4,1,7,15,17,1,4,1,1,1,13,15,1,14,10,7,1,4,22,16,1,1,14,1,1,1,8,1,5,1,12,14,6,1,1,17,1,1,7,1,3,11,1,113,1,11,6,1,7,12,10,1,11,1,4,1,1,13,1,6,15,1,1,7,1,7,1,1,1,11,1,1,8,1,18,1,11,4,1,10,12,14,17,1,1,2,10,13,1,2,1,1,9,1,21,1,7,2,1,1,1,17,14,1,6,6,19,1,1,1,1,30,11,1,17,11,11,1,23,1,1,2,7,10,8,10,1,24,15,1,1,16,20,8,11,1,12,21,16,16,1,19,1,8,16,16,31,1,1,1,3,1,7,17,18,1,15,1,9,1,1,103,8,1,10,1,25,1,1,1,4,1,1,7,9,8,10,6,1,20,20,19,1,1,3,4,13,1,1,1,8,1,1,9,1,1,4,22,1,18,1,15,1,9,1,1,1,18,1,14,1,12,17,1,13,13,11,1,28,1,1,1,1,1,5,1,9,1,1,1,17,1,16,1,17,10,1,9,6,1,1,11,1,9,1,1,12,1,15,1,16,3,1,1,21,1,13,20,1,1,1,12,1,1,17,5,11,28,12,1,1,1,1,11,1,14,16,6,1,2,14,3,1,22,7,1,1,22,16,1,1,13,1,12,9,5,17,1,19,4,15,15,7,1,15,15,1,18,1,2,1,12,1,1,1,1,15,1,2,1,1,9,1,11,18,1,15,1,7,1,1,1,14,11,5,14,1,11,1,16,3,9,1,22,18,1,1,1,5,11,1,16,1,6,21,1,18,1,11,1,13,17,1,4,19,1,15,1,1,10,12,1,1,1,1,1,1,37,1,17,20,1,16,1,9,1,1,1,19,8,11,1,1,1,10,1,12,13,12,15,1,1,13,11,1,1,1,14,10,20,12,9,1,1,1,43,1,1,3,1,1,1,16,14,2,1,14,17,1,14,5,1,19,1,13,18,1,1,15,7,24,1,11,1,29,8,11,108,7,1,1,1,15,1,1,133,1,1,1,10,1,9,1,1,8,1,1,11,8,9,1,1,7,15,1,1,11,1,13,19,12,15,1,1,1,1,12,121,17,1,1,12,1,19,1,1,8,9,1,1,1,7,16,10,12,1,1,1,1,1,19,1,16,1,1,9,18,1,13,1,1,19,10,1,1,1,14,1,4,7,25,1,14,1,1,12,10,37,10,1,1,10,1,12,11,14,10,1,16,1,9,11,8,15,8,18,1,1,14,1,26,1,28,16,16,1,1,32,19,2,1,1,1,1,1,25,19,16,15,9,1,10,18,1,1,11,1,21,12,18,8,3,13,7,1,57,20,11,12,1,11,1,11,27,3,1,7,1,17,14,1,2,1,1,10,13,6,1,1,1,1,14,9,11,19,16,4,1,1,10,1,1,9,12,1,1,1,1,1,12,4,8,1,13,1,1,14,1,14,1,5,19,1,11,12,15,1,11,2,7,10,14,16,1,1,1,14,13,17,1,1,1,1,1,5,9,15,70,1,1,3,1,1,1,16,22,1,14,1,1,7,12,1,1,10,11,1,14,1,21,7,1,1,12,1,15,12,1,1,13,1,10,14,1,1,5,25,2,14,1,1,18,8,1,1,1,1,1,16,1,12,11,26,1,7,1,1,30,9,1,15,13,8,1,20,1,2,1,14,35,1,14,1,11,15,13,1,1,10,1,11,11,114,5,26,13,5,17,14,1,1,1,13,1,1,1,1,3,1,1,15,7,1,1,9,6,1,1,2,9,1,12,1,18,21,1,7,1,1,1,15,1,12,9,1,1,75,14,1,17,11,1,6,12,1,16,10,119,71,17,1,1,1,3,17,1,1,1,1,13,14,9,1,1,2,12,1,11,5,1,8,1,46,4,5,20,5,1,8,1,1,14,1,1,9,7,6,17,11,10,28,1,9,1,13,18,1,9,12,1,4,1,7,5,10,12,12,1,15,1,11,1,1,1,1,9,1,14,1,32,1,20,14,2,17,13,14,1,8,1,13,1,4,18,7,12,1,13,1,1,2,1,16,1,1,1,1,1,1,10,14,9,1,6,1,4,2,1,1,7,18,1,1,12,5,11,1,8,8,1,1,1,1,11,88,1,19,1,1,1,1,10,1,12,12,1,1,6,14,1,1,1,4,21,1,10,1,8,22,6,12,78,13,8,1,19,10,8,1,14,17,1,1,1,9,14,111,1,1,13,1,5,17,12,12,16,1,19,20,16,1,2,20,15,21,1,13,17,1,11,1,14,1,17,6,1,1,8,1,1,1,1,1,12,1,12,7,1,1,1,26,12,76,11,10,10,28,18,5,8,21,1,23,4,13,1,1,1,1,1,23,14,1,1,27,1,1,17,11,1,14,10,1,20,1,1,15,1,1,11,13,14,1,1,1,1,20,1,13,1,1,26,15,1,9,15,1,1,9,10,16,1,3,1,9,8,1,2,9,1,1,1,11,6,12,6,1,1,36,18,14,1,1,6,5,14,1,1,17,1,10,1,1,13,1,1,1,6,3,19,10,16,13,14,1,1,1,14,1,1,2,1,1,17,10,17,7,1,13,1,15,1,2,1,14,1,1,1,1,1,1,15,1,18,9,1,12,1,1,12,1,12,1,58,1,7,14,1,9,1,10,13,1,14,19,1,15,16,16,1,1,12,14,1,11,1,1,1,19,1,13,9,1,15,1,6,1,13,1,16,1,1,1,13,11,1,13,20,29,1,8,8,14,1,13,10,8,17,11,5,9,1,1,6,20,39,3,12,1,17,6,1,13,1,12,1,19,1,11,11,1,1,1,1,1,11,9,4,1,13,1,1,1,21,1,22,1,13,1,17,13,11,1,24,1,20,8,1,13,1,1,1,16,1,1,21,1,1,8,1,17,8,17,1,13,1,11,1,1,2,1,9,1,11,1,11,1,19,16,1,14,1,1,860,6,9,4,11,1,1,1,1,5,10,13,3,5,1,8,1,11,5,15,1,14,9,13,14,16,13,12,10,1,7,1,1,13,14,7,1,1,8,1,1,1,1,1,1,4,12,1,1,1,1,14,12,1,12,10,1,1,16,6,6,1,1,4,1,13,1,12,1,5,1,1,11,17,1,8,1,1,1,12,1,1,1,15,1,1,1,1,1,9,17,8,15,18,21,12,20,1,4,1,2,1,1,32,1,5,1,1,18,1,1,1,23,7,1,12,11,13,8,21,1,13,1,5,1,16,24,1,16,10,17,13,10,6,1,1,1,11,9,12,1,12,20,1,5,1,14,1,8,7,14,11,1,6,1,11,1,15,14,1,1,1,5,1,1,5,17,17,15,1,11,1,9,5,1,1,13,1,1,9,1,1,2,1,1,8,7,10,1,1,12,1,1,1,1,10,1,7,16,1,10,1,17,9,13,1,1,1,7,1,10,1,1,58,1,1,1,1,19,16,6,22,16,30,13,14,23,2,1,1,1,1,16,18,1,1,2,1,1,15,1,11,12,11,5,1,1,1,20,1,1,1,11,24,1,1,1,1,1,16,1,14,1,15,1,4,1,7,1,1,15,1,1,1,1,32,11,1,14,1,1,11,1,1,1,1,7,14,6,1,22,1,15,1,1,1,15,11,12,4,15,1,7,1,14,1,1,1,1,10,1,15,1,1,6,16,17,1,1,10,1,1,13,1,20,2,18,10,17,9,1,1,15,9,1,5,20,10,19,1,1,20,7,12,1,8,16,14,14,20,1,50,18,5,15,10,1,1,19,1,1,1,8,9,1,1,1,9,10,1,1,15,1,1,1,17,1,20,1,1,3,16,6,1,1,3,17,11,15,8,1,1,13,1,17,13,1,30,1,5,1,9,11,24,1,1,21,1,1,5,1,15,1,1,15,1,1,14,1,13,1,9,16,1,1,14,26,14,12,1,1,7,1,3,18,9,1,5,1,1,5,1,1,1,10,1,1,1,1,1,1,19,12,14,8,1,16,10,17,1,1,1,10,1,3,1,17,1,1,11,19,41,18,7,1,1,1,11,17,14,5,5,12,16,1,1,12,1,11,11,2,1,10,12,4,6,6,13,9,1,9,1,12,16,15,1,1,1,16,1,4,1,1,1,1,14,17,18,9,1,3,11,19,22,18,24,1,3,1,1,1,13,1,18,13,1,1,1,1,7,1,1,1,1,9,8,13,1,1,4,9,13,11,1,8,6,1,1,12,1,1,1,18,1,20,16,1,3,17,14,11,16,12,1,1,4,17,11,10,1,18,23,18,6,1,5,1,19,1,10,1,1,13,20,1,14,1,1,12,9,1,1,14,1,16,13,16,1,1,1,15,13,13,3,1,1,17,777,1,1,17,2,6,16,9,1,1,1,12,1,6,1,7,1,7,1,20,1,1,1,5,13,10,1,22,19,11,1,2,1,10,19,18,1,11,1,1,1,1,1,1,5,7,2,10,14,1,1,1,2,1,1,1,1,1,14,1,1,8,7,5,14,1,1,1,1,17,1,13,7,1,1,1,1,11,1,1,11,1,1,1,7,2,1,1,18,1,9,12,1,1,1,1,1,27,6,1,18,1,13,18,109,10,16,1,1,14,1,1,9,17,1,1,16,8,1,1,1,8,15,1,1,13,9,15,2,1,21,1,1,17,13,1,20,1,1,1,1,1,1,13,8,17,21,1,16,1,13,1,1,1,1,1,1,1,1,16,19,1,17,1,20,10,11,1,1,2,13,1,9,12,59,1,13,1,14,8,1,12,7,1,1,18,1,17,1,1,1,1,1,9,1,8,11,1,4,1,1333,5,11,12,1,14,5,1,12,1,5,10,1,12,16,17,15,16,1,3,1,10,1,9,44,9,10,8,1,1,1,1,1,7,3,1,20,10,14,1,1,9,8,14,1,1,14,1,1,31,11,1,1,3,9,1,1,5,9,1,1,1,10,1,1,1,11,2,1,1,1,1,14,98,1,1,1,1,15,12,1,1,1,1,9,15,1,1,1,1,1,1,15,9,1,1,14,1,9,1,20,1,1,12,1,6,5,8,1,1,22,1,1,1,1,20,1,1,6,2,1,1,23,16,1,21,1,9,10,1,1,1,1,1,19,1,1,17,10,1,19,1,1,1,1,10,1,12,9,1,1,12,1,13,12,1,22,9,4,8,1,1,1,1,11,13,11,12,10,12,11,1,1,13,13,1,8,1,15,8,3,1,11,1,10,1,1,12,7,16,11,18,1,14,1,6,1,1,1,1,1,1,1,8,1,9,1,1,12,1,27,7,1,1,11,11,22,10,1,6,19,1,22,39,21,9,5,1,1,1,1,7,1,1,1,1,13,1,9,1,13,1,1,11,1,1,14,12,14,10,1,1,14,13,14,1,13,12,26,1,14,1,8,1,7,1,1,1,1,2,160,34,1,8,1,14,1,1,1,4,1,16,21,13,13,1,1,1,16,21,1,1,11,22,1,9,1,2,7,15,5,15,1,1,1,1,1,5,1,1,10,1,11,4,1,12,7,1,13,1,10,14,1,1,2,3,15,14,1,10,1,1,19,1,1,19,1,13,1,1,1,20,7,16,1,24,1,1,1,28,4,43,2,8,11,16,20,11,106,1,6,1,22,17,25,1,1,11,1,28,1,8,9,18,1,1,18,15,1,5,1,8,4,2,1,1,14,11,9,1,1,19,1,1,1,18,7,1,1,16,1,1,1,12,14,1,1,23,1,1,1,1,16,1,1,1,5,12,12,20,15,13,1,13,11,1,13,18,1,1,20,10,1,13,1,14,22,1,1,16,1,8,1,1,5,9,2,13,1,1,1,14,1,14,13,9,1,1,1,1,10,1,14,10,11,18,1,9,1,1,12,1,21,2,1,44,1,10,1,1,192,10,3,10,1,1,1,1,10,1,10,1,12,12,1,1,6,11,11,1,1,12,12,10,18,1,15,1,14,23,15,9,1,1,1,1,1,1,1,17,17,13,3,18,1,1,9,1,1,1,1,1,17,11,14,1,13,1,1,1,1,15,19,1,1,1,14,1,1,15,11,10,11,1,1,1,1,18,3,1,17,1,1,17,17,20,10,1,1,9,11,1,4,15,21,1,1,1,1,1,7,18,1,1,17,10,1,2,1,1,1,1,15,1,10,1,1,1,1,17,1,1,1,1,8,1,11,1,7,1,1,4,15,16,13,1,1,1,1,14,1,18,1,19,7,11,1,1,12,1,5,6,1,1,1,17,1,12,15,2,1,11,1,91,1,10,7,10,17,1,1,2,1,1,10,1,1,20,1,1,18,17,21,1,11,12,1,11,1,1,1,1,16,1,1,1,1,1,18,9,5,1,1,10,11,7,16,4,1,5,1,13,10,1,5,1,1,20,16,6,1,1,1,1,11,12,11,1,1,8,1,23,38,2,1,10,11,17,15,9,1,14,29,24,1,1,1,1,13,29,12,1,11,1,29,20,1,12,11,10,1,1,12,1,9,11,53,68,11,1,12,1,12,12,17,5,1,1,1,1,29,15,18,1,1,1,12,11,61,1,8,1,8,1,6,13,13,9,9,14,15,9,12,14,21,18,13,1,1,21,1,1,91,14,1,1,1,1,1,8,1,2,2,18,1,1,13,11,17,14,1,1,10,1,1,15,16,1,2,25,1,14,8,1,19,1,11,17,1,18,1,16,7,1,8,1,11,10,1,14,6,10,2,1,13,1,8,1,16,3,1,1,14,1,6,1,16,1,1,6,1,1,11,1,9,1,1,1,11,11,1,21,1,1,7,16,1,13,5,15,7,13,22,15,1,7,1,12,14,4,1,9,1,5,21,1,1,1,1,20,1,1,19,11,15,1,1,17,18,9,1,86,1,1,13,17,16,1,14,1,1,1,11,1,9,21,15,1,16,27,17,1,1,1,6,1,1,5,13,1,11,18,1,1,23,13,17,1,1,1,1,1,1,4,1,8,1,13,1,1,13,1,11,6,1,9,1,1,1,1,1,1,2,14,1,1,1,1,1,1,14,1,9,1,1,7,1,1,27,1,1,6,17,20,1,17,1,12,4,1,1,1,1,1,6,1,7,1,10,1,1,20,13,3,14,8,23,1,13,7,8,56,1,1,8,9,1,4,12,1,8,1,11,1,1,1,8,16,1,6,1,9,5,3,9,16,1,1,11,1,1,10,1,1,16,15,1,1,9,10,1,1,1,1,1,9,25,7,14,1,9,1,1,1,7,12,1,15,10,1,7,16,1,13,9,1,1,1,1,1,10,6,13,2797,1,1,6,23,9,1,1,1,10,17,35,1,6,8,1,11,1,8,1,6,10,1,17,10,2,10,4,6,17,1,9,1,1,11,12,9,1,16,1,1,8,4,1,12,3,23,23,1,1,1,1,17,12,1,14,10,1,1,54,16,1,12,3,10,36,1,14,1,11,9,1,1,1,12,1,15,1,9,1,18,1,14,38,16,17,1,1,14,10,1,1,1,1,1,12,1,1,1,38,1,1,1,5,1,1,11,1,4,11,1,12,1,11,1,2,2,13,4,7,2,10,1,20,14,27,15,1,6,13,2,15,1,1,8,2,1,12,2,1,10,1,14,1,1,12,1,10,18,1,1,1,15,24,4,1,1,14,11,8,1,1,10,1,11,1,5,1,1,8,17,1,1,21,1,12,6,13,9,9,2,5,1,1,1,18,1,1,17,17,13,20,1,14,8,1,1,8,8,1,1,10,17,1,1,6,13,10,12,12,8,13,7,18,1,1,1,1,1,7,1,1,3,103,15,11,7,2,1,1,9,12,1,1,14,1,1,16,1,1,1,17,9,1,1,8,10,1,1,5,1,1,1,11,15,11,1,14,29,1,1,2,9,11,10,5,8,1,11,1,1,1,1,1,1,9,20,1,14,1,15,2,9,11,1,1,1,10,1,11,10,20,24,1,1,11,11,2,11,15,1,1,11,1,23,9,8,14,1,11,15,14,1,1,1,1,1,1,1,1,10,11,1,1,1,11,7,12,1,15,15,19,7,1,11,8,14,1,1,1,10,4,16,16,1,1,14,4,1,16,1,1,7,1,13,1,2,1,16,10,1,5,1,1,1,1,21,8,23,12,12,1,1,9,13,13,8,5,15,10,1,1,13,1,1,117,14,1,74,11,1,2,16,20,1,32,5,14,1,16,1,13,16,10,12,13,10,2,1,17,1,16,35,13,13,18,12,11,1,18,16,7,1,11,1,12,1,23,8,10,14,1,1,1,8,1,1,6,15,10,13,7,1,4,19,19,14,11,10,15,1,1,9,20,1,1,4,9,13,7,1,44,1,18,1,11,28,1,1,1,18,15,1,14,14,15,13,1,5,1,1,10,1,7,1,1,1,1,9,8,19,168,38,1,1,8,1,1,1,11,13,1,14,1,16,1,84,1,1,1,1,12,12,12,1,1,1,1,15,17,1,16,1,13,7,1,1,1,1,8,17,10,11,1,9,1,14,1,9,11,1,1,13,10,6,1,1,1,1,5,12,1,1,1,9,12,14,11,13,19,15,1,1,1,1,1,18,1,6,7,9,10,1,1,32,1,1,1,1980,19,1,1,1,1,18,1,1,17,1,1,16,1,1,1,1,12,10,1,1,1,10,15,13,1,3,13,7,1,13,1,1,8,1254,10,1,9,2,14,15,3,1,14,1,10,1,1,1,11,11,15,4,1,1,1,1,1,1,12,1,16,1,9,14,9,1,14,1,1,1,1,1,1,3,1,12,1,1,1,1,1,1,7,10,30,11,1,15,1,15,1,12,27,2,1,1,5,10,13,19,13,1,1,1,6,19,1,1,1,16,1,1,1,13,1,8,1,1,1,20,1,18,1,6,1,1,1,19,1,1,2,1,1,1,4,16,1,10,1,1,1,1,1,6,9,1,1,11,1,12,12,1,18,9,28,1,11,17,1,18,16,1,20,1,18,1,11,9,1,1,1,10,1,8,2,12,21,6,1,15,16,6,15,1,4,2,75,15,1,1,9,13,11,25,1,15,10,10,1,1,1,1,1,1,1,1,16,1,1,10,12,1,1,1,1,17,13,1,15,1,1,1,1,12,25,12,1,1,1,15,9,12,1,4,10,22,1,1,6,16,1,4,8,1,1,1,17,5,22,13,1,1,1,18,12,23,1,1,1,1,1,66,19,19,12,1,5,1,11,11,1,6,1,10,23,1,1,1,15,1,1,14,18,1,15,16,15,7,6,1,9,1,17,16,17,11,1,1,10,1,15,1,20,1,12,1,1,1,1,13,3,1,1,14,11,15,1,1,14,14,7,1,20,11,17,16,1,1,1,15,1,14,12,12,10,1,1,15,1,1,1,10,1,14,1,16,10,1,16,1,1,18,15,1,1,5,1,23,1,1,1,4,1,9,1,12,8,14,32,2,13,6,1,16,8,6,1,8,7,13,1,8,1,17,14,1,15,1,12,1,1,10,1,10,1,1,1,1,1,12,1,15,9,9,3,9,1,1,17,13,1,1,1,2,12,5,14,1,1,15,10,7,10,2,1,4,1,10,1,11,18,1,1,5,1,18,16,12,1,111,1,11,1,13,1,15,3,11,1,17,1,15,6,83,8,1,18,1,1,10,16,8,1,1,9,4,1,10,11,1,1,9,1,1,1,6,18,1,1,1,1,21,9,11,1,1,18,25,1,14,1,1,1,1,1,1,14,11,19,5,1,16,9,1,1,1,1,1,4,71,1,1,1,12,6,1,1,14,97,7,1,1,1,1,19,11,1,15,17,1,1,1,1,13,1,5,1,14,5,1,1,8,1,9,1,1,1,13,21,1,13,14,19,191,14,1,12,1,5,1,1,1,1,1,7,1,18,9,1,8,1,14,1,11,1,1,11,23,1,1,2,21,10,7,20,1,9,2,12,5,1,1,1,12,1,3,1,1,1,1,1,1,20,15,13,1,1,3,1,1,1,1,10,15,1,1,1,5,1,20,13,1,20,25,1,13,11,39,1,10,14,1,1,10,1,8,15,11,1,19,1,1,2,9,1,8,1,11,1,21,1,7,1,1,20,1,21,19,14,8,14,1,6,9,1,1,1,8,1,1,1,14,1,1,16,6,1,1,4,1,15,15,1,1,10,10,1,1,11,17,7,15,1,13,13,1,18,1,8,1,3,1,1,86,1,14,14,12,14,1,1,1,1,12,1,8,5,1,1,9,4,16,1,1,1,18,12,13,14,14,8,16,2,16,1,10,10,10,12,11,1,1,1,1,2,1,1,9,8,1,15,8,1,1,11,2,1,1,1,1,11,2,9,10,1,5,1,1,7,18,1,7,1,5,5,1,17,5,16,1,11,14,9,2,1,17,15,16,18,1,1,40,16,6,14,10,4,1,1,1,11,1,1,11,10,8,1,1,14,10,15,11,20,1,1,10,1,17,6,1,50,1,1,14,1,1,12,94,6,13,37,1,1,1,1,1,8,15,2,18,1,9,11,1,1,21,8,10,1,1,1,1,13,16,22,16,1,16,1,9,1,1,15,1,1,1,1,1,1,1,1,12,1,2,1,15,1,1,1,8,10,1,6,16,13,1,10,2,14,1,9,1,1,9,1,1,1,6,12,1,1,8,1,16,1,1,1,10,1,1,10,13,2,8,65,11,7,8,1,1,1,14,10,1,15,100,16,8,1,1,27,9,14,1,19,1,14,1,11,1,1,1,1,1,18,1,24,17,1,10,13,1,6,1,1,1,21,1,15,1,15,12,1,14,1,1,18,1,9,11,1,1,10,1,1,18,29,9,11,1,1,8,2,8,114,1,1,8,1,15,1,16,11,11,2,1,1,1,8,17,11,1,1,17,1,25,1,1,10,18,11,16,1,4,16,1,1,11,1,22,12,4,1,1,1,1,10,15,1,9,2,1,13,30,20,16,9,14,1,1,10,1,5,1,9,1,27,11,1,1,77,1,13,11,1,1,1,6,1,13,14,13,3,10,1,10,29,1,1,9,8,8,1,7,20,1,1,1,1,1,16,2,1,1,11,12,1,8,1,1,1,17,9,1,1,9,1,25,5,9,9,1,19,1,1,1,9,1,1,17,1,13,1,11,6,1,1,1,10,1,1,9,1,1,15,10,1,1,11,1,13,10,16,1,13,1,1,11,12,1,7,1,1,8,28,1,1,1,1,7,1,1,16,1,5,18,14,16,13,1,15,1,1,7,1,18,4,13,13,7,15,1,1,25,1,1,1,16,1,1,9,1,11,10,16,1,12,13,3,18,8,1,10,1,1,11,11,1,1,1,16,10,1,29,18,1,1,11,8,7,15,1,1,1,24,11,12,7,14,1,19,22,22,1,1,11,17,12,12,12,1,1,1,1,1,12,25,1,8,125,1,13,2,16,1,9,75,1,12,11,1,1,14,1,1,1,9,10,6,74,13,1,1,5,1,2,5,4,14,1,3,1,14,14,1,1,22,16,18,1,7,26,1,1,1,1,1,1,1,1,1,1,1,9,1,17,12,33,1,1,11,6,9,12,1,8,15,1,1,6,9,1,1,11,1,13,1,18,1,3,1,12,1,1,13,14,1,5,1,1,18,1,1,9,10,1,14,9,1,14,14,5,5,15,1,9,4,9,15,1,1,1,10,1,33,12,1,11,8,2,5,2,8,8,18,7,8,17,12,1,10,16,6,22,13,12,1,14,1,1,12,1,1,1,9,12,5,14,1,4,18,1,1,2,4,1,15,1,1,1,1,1,15,1,1,5,1,1,1,11,14,12,11,7,13,12,1,17,1,12,1,1,1,13,1,1,9,11,129,1,21,9,11,12,1,1,2,8,18,13,17,1,31,9,10,4,14,1,1,1,1,1,1,1,17,9,1,10,1,36,22,15,10,6,10,8,1,1,1,12,38,16,10,9,1,1,1,1,29,1,20,1,10,1,16,15,10,1,8,1,1,10,13,6,1,7,1,12,12,6,14,1,1,12,1,1,9,1,1,1,1,10,1,1,16,1,17,1,1,5,39,5,14,8,1,14,9,1,1,12,1,1,16,1,1,1,23,12,9,1,1,1,1,15,17,14,17,17,11,1,11,1,15,17,15,1,10,6,12,1,1,15,1,12,3,1,1,1,45,11,7,1,7,1,1,10,42,1,7,1,12,20,14,14,1,16,9,14,1,1,1,11,6,13,9,1,1,13,11,1,10,18,9,2,1,1,16,1,4,10,1,1,9,1,8,3,1,10,17,18,7,1,14,9,20,14,1,9,1,1,8,9,1,1,1,1,1,1,12,1,15,10,8,1,4,17,1,1,13,1,15,1,8,13,9,21,1,8,19,11,13,1,15,1,1,15,1,16,1,1,1,17,15,7,1,1,12,1,1,1,4,1,13,1,1,14,1,109,18,17,1,14,1,1,1,1,10,10,1,20,1,11,1,6,31,13,14,14,17,1,14,1,2,12,11,1,16,13,1,9,6,11,1,17,22,1,1,26,12,1,1,1,1,1,1,1,9,1,1,1,19,9,13,1,12,1,18,9,18,1,19,11,1,11,1,1,1,1,1,1,1,11,1,10,1,28,1,12,15,16,8,68,1,1,12,2,8,1,1,1,1,18,1,1,1,39,13,11,1,1,9,1,1,1,1,1,8,12,1,9,7,1,1,1,1,1,20,1,1,5,1,6,9,10,24,14,1,12,19,1,17,1,1,10,1,1,9,2,1,18,1,1,1,1,3,17,1,11,7,1,1,11,264,18,11,5,15,11,8,8,1,1,23,21,7,11,1,8,19,1,14,1,1,10,21,1,1,14,17,2,1,1,1,1,1,17,1,1,1,15,1,1,1,1,4,2,1,16,5,5,1,28,1,1,17,1,6,12,18,12,15,1,1,1,14,1,19,1,16,1,14,8,11,3,12,1,11,16,1,1,1,9,1,9,12,51,1,1,11,7,1,8,25,13,12,7,1,1,1,1,1,15,2,1,1,12,27,1,22,12,2,14,9,1,16,13,12,10,1,11,1,1,1,1,1,1,19,18,16,1,15,1,19,5,1,13,18,1,1,9,1,1,15,1,10,7,1,1,1,1,1,17,1,4,10,1,1,1,87,1,7,1,1,1,1,14,14,1,19,1,1,21,17,2,762,1,1,1,10,1,1,1,38,12,1,1,9,1,1,11,16,1,1,7,14,14,8,13,13,17,11,17,13,16,13,1,14,1,12,1,11,10,13,12,8,23,1,8,1,1,9,1,1,18,167,19,16,1,1,6,1,1,4,9,16,17,13,1,9,19,1,7,11,13,21,1,1,9,1,1,4,11,1,1,14,1,1,16,11,1,1,6,4,10,1,10,1,1,8,1,1,1,1,22,1,18,311,13,21,20,10,1,11,17,12,3,54,1,18,1,1,14,18,2,16,1,1,10,1,11,14,1,12,1,1,66,1,1,7,1,12,9,24,1,2,1,1,1,12,5,26,4,13,1,1,11,12,17,16,1,1,1,14,1,11,16,7,13,1,6,1,1,7,1,1,1,23,1,1,1,1,9,12,12,14,1,36,18,18,38,1,1,3,16,1,1,1,16,18,19,1,10,4,1,11,13,1,13,1,1,9,78,5,9,1,29,11,16,11,29,1,16,18,1,1,1,1,1,1,1,22,1,1,6,6,5,9,1,19,1,13,17,1,6,1,1,15,1,12,1,30,8,2,14,1,18,1,46,1,1,1,19,1,8,1,8,1,9,32,1,1,1,18,1,16,1,1,1,1,14,22,16,16,16,1,1,16,12,16,10,11,2,15,25,1,17,1,1,6,9,1,15,1,20,1,10,11,1,14,15,12,1,1,1,13,16,1,18,13,1,3,1,4,56,1,12,1,1,10,1,1,17,11,1,3,1,1,2,1,14,1,1,12,1,20,11,10,1,8,3,17,9,16,1,2,18,12,12,15,7,1,20,107,1,1,1,1,8,1,13,1,1,10,1,18,12,8,17,1,1,2,10,18,11,1,6,5,11,1,9,1,1,1,1,12,14,15,15,1,1,1,1,1,15,7,11,1,57,16,1,1,1,1,1,10,1,1,21,1,19,25,14,16,7,14,1,16,11,17,12,12,26,13,1,7,1,1,1,2,1,11,7,2,1,10,1,1,1,1,15,11,4,13,1,1,1,18,1,1,1,10,1,11,2,8,1,9,17,18,1,1,15,14,1,14,4,1,38,2,10,1,1,10,8,1,10,13,1,8,17,1,4,1,16,385,2,2,16,1,13,12,1,1,9,1,1,20,1,13,1,16,6,7,24,13,12,4,1,11,11,1,13,1,1,10,1,1,1,1,1,13,21,17,1,1,1,1,14,2,1,1,14,1,4,61,1,1,13,8,2,13,10,101,16,12,1,1,1,1,12,9,1,13,2,1,1,16,9,15,4,1,1,9,10,1,9,1,4,8,1,16,9,8,12,13,1,17,6,67,1,1,11,1,14,12,1,1,16,14,1,1,1,11,13,1,1,16,9,12,5,12,1,22,13,1,11,1,15,1,18,8,1,8,1,1,13,11,3,1,7,10,1,18,1,1,1,2,1,1,1,10,1,7,1,1,12,1,12,8,15,14,12,1,28,1,4,15,1,14,19,1,15,8,15,10,1,10,11,1,10,32,11,13,1,11,12,1,25,21,1,1,7,7,10,13,15,1,1,7,13,5,24,11,1,15,12,9,1,1,1,16,9,1,1,1,31,17,1,16,10,20,16,11,10,1,3,10,1,1,14,1,2,1,19,21,1,1,1,1,14,1,5,1,10,12,12,1,6,6,7,12,6,53,1,1,10,12,21,1,1,13,1,12,1,21,10,1,1,1,9,13,1,1,1,1,1,1,1,1,20,7,20,7,1,9,21,11,3,1,1,12,42,22,1,15,1,9,1,11,1,13,1,9,1,13,1,1,3,12,1,8,7,1,12,1,1,9,1,9,1,1,8,1,13,12,8,1,1,11,13,1,15,30,1,11,27,19,1,1,1,9,15,114,1,1,10,1,1,14,1,8,12,8,20,1,1,17,12,1,1,2,1,1,1,33,12,20,1,1,9,13,1,1,1,16,1,2,1,12,11,16,1,1,12,11,5,13,1,2,1,1,1,1,17,1,1,11,1,14,1,1,1,1,1,1,1,1,12,1,10,10,10,11,14,14,4,1,30,7,10,1,12,13,10,2,1,1,6,70,1,6,8,1,20,14,13,6,10,1,18,19,1,1,15,1,1,1,6,1,1,2,13,13,8,1,2,1,1,36,12,2,1,2,1,1,1,1,13,23,10,1,39,1,1,1,19,1,8,18,6,1,10,22,4,25,1,1,7,1,1,1,10,17,1,21,8,1,18,1,9,9,1,1,8,19,10,9,12,7,14,2,9,1,1,18,1,1,1,1,1,10,67,1,30,1,39,13,20,6,1,12,1,1,1,1,3,7,8,7,1,1,10,1,15,1,18,13,13,7,8,10,15,10,1,1,15,1,14,1,12,16,1,1,12,15,10,1,8,1,1,7,1,16,15,9,1,21,1,1,16,1,6,14,1,5,9,1,8,1,3,9,9,22,13,1,10,13,1,10,1,12,10,10,9,1,1,1,1,3,6,1,6,2,1,1,1,10,1,11,9,10,1,1,1,33,8,1,14,17,2,11,1,20,9,15,1,1,14,12,15,6,5,19,10,1,17,7,17,1,19,1,1,1,1,8,1,1,12,1,1,12,1,9,1,16,1,1,1,16,6,15,2,13,1,1,1,1,1,13,5,1,1,1,13,6,1,14,18,19,5,1,1,1,11,26,12,1,1,10,1,1,21,11,11,20,2,1,10,1,1,1,1,13,14,1,1,1,1,20,7,1,1,1,1,1,11,1,22,1,1,17,10,1,15,1,10,16,9,5,1,1,16,4,1,20,1,13,14,9,1,1,1,11,1,24,1,1,1,1,18,16,1,1,17,15,10,1,13,7,1,6,13,3,14,1,1,13,1,13,1,14,1,14,1,1,9,11,5,11,25,13,15,1,1,10,1,1,1,1,1,1,1,1,1,1,1,11,12,1,1,25,12,1,1,1,29,2,1,1,15,1,13,3,13,1,17,1,16,14,1,12,1,10,1,12,1,1,1,4,1,7,1,9,1,16,1,1,10,8,1,1,8,1,1,12,13,12,5,1,3,7,14,1,8,1,6,1,7,1,14,13,1,10,19,1,1,7,12,15,1,9,1,1,1,1,18,1,1,1,13,1,1,1,22,1,1,1,19,1,1,7,9,1,1,1,1,17,20,1,6,1,18,1,19,9,12,1,10,1,5,1,17,10,15,9,8,1,10,16,1,17,13,14,1,5,1,16,1,1,1,1,12,22,1,2,7,1,1,15,7,2,1,29,1,13,1,20,1,1,1,22,16,1,11,12,1,1,11,12,1,1,1,15,14,8,1,1,20,16,1,9,1,9,1,24,13,1,1,22,18,15,1,17,1,1,14,12,1,1,13,4,1,1,1,20,1,4,10,1,1,11,1,1,10,1,1,1,1,12,1,15,1,1,9,1,7,1,1,18,11,21,1,26,1,7,16,1,1,13,1,1,20,1,17,18,1,11,1,6,10,17,6,10,21,14,12,2,7,1,1,24,1,1,4,11,1,1,1,8,19,7,1,1,1,1,1,2,15,15,1,7,1,1,1,1,1,1,14,11,1,1,12,1,4,2,1,1,1,12,10,10,56,11,6,1,1,1,7,18,7,1,1,1,1,1,1,23,1,5,25,9,15,14,20,1,19,1,14,1,3,13,26,20,14,13,11,1,10,1,1,1,1,9,10,1,1,1,1,1,14,1,20,1,23,1,6,1,1,1,1,7,14,1,10,10,1,13,1,1,7,8,1,1,11,1,1,19,1,2,59,19,1,1,17,11,1,1,1,1,1,11,1,1,12,1,1,19,11,1,1,14,11,17,15,14,1,15,13,7,16,1,9,6,1,11,1,1,12,12,1,1,1,14,15,1,12,12,1,7,17,1,1,1,21,1,1,1,1,12,11,1,1,1,1,19,1,15,17,1,1,14,1,1,1,15,1,1,17,1,1,9,1,14,6,16,24,1,11,17,1,14,1,12,1,10,8,10,2,2,1,2,2,11,1,14,10,8,14,20,2,1,15,12,19,1,10,1,1,1,12,11,10,1,1,23,9,22,1,1,7,7,1,12,1,1,19,16,1,1,10,12,14,12,6,1,14,1,24,1,1,1,1,10,1,1,1,1,15,1,1,1,13,10,15,1,8,1,1,1,11,9,8,1,15,84,15,15,2,106,1,12,9,1,9,16,1,1,1,11,1,1,1,1,1,16,10,17,1,14,1,1,1,1,1,1,12,9,1,17,17,3,1,1,1,19,2,8,7,1,9,1,10,14,21,11,1,1,1,12,12,9,16,8,11,12,1,17,1,4,1,1,22,5,1,1,12,13,5,11,13,7,4,8,1,1,8,1,8,1,1,5,1,1,1,1,1,8,7,13,1,21,1,1,1,1,8,12,1,15,15,1,8,18,14,16,1,1,1,16,17,1,1,1,29,1,1,10,1,7,2,9,14,9,1,1,14,8,8,1,1,1,1,1,10,1,1,4,10,13,1,11,1,2,1,1,2,6,15,1,1,1,1,1,8,1,1,5,17,1,1,12,1,13,12,11,1,1,11,14,1,1,1,9,9,11,13,7,1,1,14,1,1,12,15,12,28,9,15,11,1,4,1,1,1,16,9,12,14,1,16,1,11,2,13,6,1,1,1,20,13,1,1,1,13,1,1,8,1,11,20,1,7,10,8,1,1,1,12,1,1,1,1,6,14,13,1,11,1,1,1,14,10,6,5,19,1,8,1,1,1,1,15,10,1,1,1,1,1,1,1,1,1,10,18,1,1,20,11,17,10,9,16,1,15,10,11,1,1,15,1,8,1,43,1,15,1,6,10,3,16,1,7,15,1,8,1,1,15,1,1,1,8,14,5,2,10,16,18,1,16,1,15,1,1,13,12,13,14,16,1,5,1,1,1,12,16,1,1,1,1,1,1,1,40,14,4,7,1,15,1,1,14,10,11,1,15,1,1,7,1,31,26,5,12,2,17,13,1,1,1,17,1,1,1,14,2,1,16,18,1,8,1,9,1,1,1,16,10,12,18,16,3,1,8,2,16,1,7,10,1,7,9,1,1,6,1,2,12,14,1,1,8,1,18,1,2,14,1,1,1,1,1,11,1,15,1,11,1,10,1,14,11,18,12,10,14,13,13,1,10,1,1,9,22,1,1,21,1,2,1,10,12,1,8,11,6,10,7,19,16,9,16,1,9,1,1,1,1,7,1,1,1,13,8,15,17,9,1,7,1,8,1,2,8,14,1,1,1,1,5,8,15,17,1,12,23,1,1,1,1,1,9,1,12,17,1,23,11,1,14,19,3,1,11,17,1,15,1,40,14,9,1,10,1,1,1,9,1,1,24,8,9,4,1,7,23,3,13,14,1,1,1,13,9,1,9,7,1,9,1,1,14,1,1,24,1,1,1,15,9,1,11,1,1,1,1,1,1,9,13,1,2,1,10,14,15,17,1,7,12,6,1,13,1,14,1,14,1,1,1,42,37,1,17,1,1,1,1,1,1,10,15,20,1,3,7,10,7,5,3,3,14,1,5,1,1,1,10,1,2,19,1,9,2,9,1,1,5,2,16,10,1,3,1,11,37,12,17,1,8,31,1,10,1,11,1,1,20,19,13,16,1,1,4,12,1,1,11,13,11,1,1,2,1,19,1,1,1,16,14,1,13,13,1,1,19,1,4,1,10,3,1,12,1,12,1,1,9,1,1,14,1,24,1,12,3,10,8,1,1,13,23,7,1,10,1,1,4,12,10,1,1,7,1,7,19,1,18,1,15,12,6,2,1,1,1,4,1,7,5,1,1,13,1,18,10,62,5,12,1,16,13,7,1,1,1,1,59,1,11,9,1,1,17,1,11,14,12,1,1,13,13,4,7,1,1,12,1,15,7,1,1,14,13,1,1,1,1,16,1,18,16,5,14,1,1,1,1,1,12,1,12,12,1,1,1,17,1,1,1,1,1,16,9,1,14,2,11,5,2,14,5,9,1,9,1,1,1,1,16,1,1,14,11,22,1,5,1,1,3,1,1,1,1,5,17,1,1,18,1,1,11,14,12,1,14,1,7,38,1,13,1,1,2,1,1,16,13,1,1,15,9,1,12,1,1,8,3,15,1,10,10,1,1,2,5,13,1,1,1,16,10,14,22,1,16,1,1,1,1,1,1,1,19,1,1,1,1,16,17,1,12,2,1,8,1,1,14,1,1,1,1,1,14,1,561,1,1,1,25,9,1,6,15,10,13,7,5,10,1,12,1,1,1,15,5,2,1,13,10,22,1,1,11,1,1,1,4,18,1,1,8,2,1,1,1,11,13,1,1,9,13,21,8,1,1,11,12,15,9,12,17,8,1,1,13,1,4,20,14,24,6,1,2,14,23,1,10,10,7,1,5,1,1,14,13,16,1,15,2,1,3,1,10,1,1,1,6,1,11,1,1,1,12,15,1,9,2,9,24,5,1,116,14,20,18,16,14,9,8,18,1,1,12,1,6,1,8,9,1,1,1,1,11,14,7,1,10,1,14,16,7,12,12,1,11,1,1,1,1,1,1,1,4,1,1,16,17,7,1,1,1,1,2,1,1,1,14,1,12,1,1,16,15,21,5,1,13,16,1,20,6,1,15,15,1,10,1,11,1,1,1,11,1,8,2,16,1,11,18,8,14,10,10,10,1,16,8,17,18,1,11,19,14,15,3,1,107,1,24,1,21,1,1,13,17,7,1,1,1,20,1,7,1,21,1,13,12,11,1,4,1,1,1,9,16,1,1,1,1,1,1,2,1,17,7,1,1,35,1,1,10,1,1,16,1,16,1,19,1,13,1,7,1,1,6,1,7,9,1,14,1,9,13,9,1,13,1,9,2,5,4,1,13,1,7,4,2,14,6,20,1,17,1,9,1,13,1,1,3,7,8,1,1,1,13,1,1,1,8,16,21,16,1,1,8,13,9,1,1,21,14,26,10,15,10,1,16,1,1,7,7,1,18,15,1,1,10,1,10,1,8,13,8,10,1,1,1,14,13,14,11,1,22,9,16,11,1,6,8,13,4,1,1,1,14,1,1,5,10,4,9,16,19,17,9,23,1,13,27,8,10,22,1,1,1,10,12,1,7,12,18,1,11,6,1,14,6,11,12,4,8,1,12,1,17,9,1,1,1,19,1,16,1,1,12,1,1,1,15,1,12,2,1,2,20,13,1,7,12,1,1,16,7,5,9,8,1,11,1,7,11,1,1,14,11,20,1,20,8,1,10,16,1,18629,13,11,1,1,15,7,18,16,13,8,14,12,1,5,11,7,1,17,14,18,5,11,1,14,1,10,1,13,9,1,1,14,10,16,1,26,20,1,1,19,15,1,1,9,1,19,1,16,1,6,2,8,1,1,1,7,1,14,1,18,1,1,9,12,25,15,46,1,22,16,1,14,13,1,5,1,1,12,16,1,10,17,14,1,9,1,12,8,8,8,13,8,4,1,12,73,16,9,13,1,1,1,1,5,15,15,10,8,1,1,1,1,35,11,16,1,1,13,12,1,13,1,1,18,10,1,1,1,8,1,1,10,9,13,18,1,1,1,2,14,1,1,16,39,1,19,106,1,1,1,1,1,1,12,1,1,1,15,1,13,2,1,9,1,6,11,1,11,15,10,1,1,2,1,11,2,12,6,2,1,1,1,1,1,1,1,21,1,2,1,8,1,1,15,1,15,1,1,8,20,1,9,1,12,1,1,1,18,1,13,10,1,7,1,9,9,1,9,1,1,14,3,1,1,1,1,1,12,2,3,17,18,1,1,26,1,1,1,1,2,24,1,8,8,1,10,1,26,1,8,9,1,13,14,16,1,9,4,6,1,1,16,1,1,6,1,1,14,1,18,1,15,10,13,5,18,10,9,6,7,1,1,15,1,1,7,11,17,1,1,1,1,7,145,1,1,1,17,11,4,26,12,19,11,1,1,15,1,1,1,1,10,10,1,1,13,1,1,1,24,13,1,1,15,19,8,8,20,1,1,2,1,1,13,1,1,16,15,1,1,1,1,12,7,8,1,1,1,16,9,1,1,3,1,1,24,1,5,15,16,1,1,9,14,7,10,1,1,1,1,1,8,11,1,7,1,1,1,1,1,10,1,1,1,17,26,7,38,1,1,1,16,18,1,1,15,29,1,1,8,1,1,8,1,1,1,12,4,1,6,10,10,9,13,1,1,10,1,1,1,85,3,1,1,1,14,1,2,10,13,19,1,6,12,1,14,10,20,8,1,1,1,1,23,1,13,10,1,1,14,14,4,16,2,6,8,17,1,6,1,1,1,18,21,3,1,11,1,2,3,1,1,1,1,1,18,6,1,16,1,10,7,38,22,27,19,15,10,17,16,1,8,2,1,10,7,10,1,10,17,1,1,1,20,8,15,1,1,16,8,15,1,1,1,1,1,1,1,13,1,11,1,1,1,4,1,9,1,1,1,1,12,1,1,1,1,25,1,1,42,12,15,17,1,14,1,1,1,1,10,1,12,1,18,1,1,1,1,1,16,1,1,1,8,1,16,1,16,7,1,11,13,1,1,6,12,1,22,1,1,10,12,14,1,1,1,1,7,1,15,13,9,10,1,10,1,5,13,1,1,1,4,21,1,8,1,1,15,1,5,10,1,1,1,1,1,9,1,9,1,19,1,13,1,16,18,1,17,15,25,1,20,1,16,1,8,12,15,1,13,76,10,27,1,11,1,1,2,14,17,1,1,1,1,1,1,1,13,10,1,12,1,1,1,1,14,1,5,6,4,1,2,1,1,13,13,1,1,1,1,1,3,1,1,4,15,17,11,14,1,10,13,17,1,8,1,1,1,1,24,8,1,3,1,25,1,1,1,87,15,16,11,1,1,12,2,1,10,1,10,20,10,15,12,1,1,11,4,1,1,1,1,34,13,1,6,1,11,5,11,11,1,1,2,8,1,1,1,1,20,1,1,1,1,1,1,5,1,1,1,12,1,11,9,8,11,15,13,13,6,1,13,1,1,8,16,1,3,7,82,1,13,10,16,13,1,16,3,80,21,12,8,12,18,1,1,5,1,21,10,10,18,9,10,18,6,1,1,14,1,1,1,1,9,1,1,4,1,1,12,1,6,15,13,9,1,1,3,15,17,17,13,7,19,14,12,1,15,1,1,5,1,18,5,1,22,1,1,12,21,4,6,9,7,17,1,2,1,15,1,11,1,12,1,1,8,9,10,3,8,3,10,4,1,1,17,1,12,17,1,13,3,1,8,1,1,1,19,1,8,21,1,12,15,1,10,10,11,9,79,1,1,11,1,1,10,13,18,14,12,1,13,32,11,12,8,1,17,1,1,9,1,1,1,1,9,15,1,1,15,14,14,10,1,1,8,15,7,3,1,7,1,1,10,15,21,1,64,1,27,1,1,3,1,20,11,1,3,1,1,11,1,10,18,7,15,16,1,12,1,13,16,1,1,6,1,1,11,7,12,1,16,1,14,12,1,1,1,14,4,19,1,26,1,1,9,9,1,1,7,12,21,13,1,1,1,1,11,1,1,13,12,1,17,1,12,15,13,1,11,18,15,1,12,1,13,17,1,1,8,11,1,1,27,1,5,9,1,1,17,13,8,86,16,5,1,21,14,17,1,21,19,10,13,1,1,1,18,7,1,14,1,14,12,10,1,12,1,13,10,1,1,15,1,12,1,11,1,9,19,12,1,1,1,1,12,10,1,1,1,1,11,1,21,1,11,1,9,12,10,10,15,12,21,1,1,12,90,1,1,14,8,18,1,1,2,3,1,11,4,7,19,16,1,1,1,15,2,13,1,1,15,10,1,16,12,1,12,1,17,11,1,2,1,4,1,5,17,13,1,14,1,14,1,1,1,10,16,9,33,1,1,1,1,1,2,1,1,12,16,12,1,1,3,15,1,1,16,1,1,1,1,1,11,22,9,1,15,91,1,11,29,1,14,10,13,1,1,1,11,1,1,13,1,11,1,9,1,1,1,14,3,16,1,14,1,1,11,15,1,13,16,1,1,21,1,14,1,5,1,1,12,1,19,13,22,1,11,7,1,1,11,1,11,12,14,8,1,1,1,1,7,7,9,6,7,1,13,1,1,1,16,1,1,8,15,8,1,11,1,6,1,1,10,1,9,1,15,13,1,1,1,21,14,18,15,13,1,6,13,2,1,3,10,1,3,1,16,1,14,1,1,22,12,1,1,10,10,45,14,1,1,1,21,67,1,1,1,1,1,6,10,1,1,8,11,1,1,107,11,1,9,1,1,15,1,14,1,1,4,1,2,16,1,1,1,4,1,1,1,8,20,1,9,1,1,1,11,11,1,16,10,1,12,11,11,1,12,3,1,1,1,14,8,12,18,19,16,3,12,1,20,13,13,1,1,1,11,1,1,1,6,10,1,1,16,10,1,13,1,18,1,1,1,1,1,1,1,1,1,17,12,1,1,1,1,1,1,23,1,12,1,1,1,1,47,8,12,1,1,26,1,1,13,1,1,15,2,9,1,16,1,1,8,1,1,1,18,12,10,14,1,13,4,1,1,15,9,1,12,17,4,18,1,13,11,5,13,230,1,1,1,9,8,1,12,7,1,10,26,1,1,1,12,2,1,13,10,7,1,1,1,1,9,11,14,1,1,15,6,7,1,12,1,7,10,21,11,15,1,1,1,12,3,14,7,1,10,1,31,10,10,1,1,1,24,16,1,23,13,1,1,1,234,2,9,12,11,26,1,1,1,1,11,1,8,11,10,1,4,4,1,3,20,1,1,1,96,3,1,10,1,1,17,1,1,11,16,14,4,1,1,12,10,6,14,3,16,1,1,13,12,1,1,1,14,14,1,15,1,23,3,7,13,1,9,4,9,4,1,19,1,15,1,1,1,16,14,1,1,1,1,12,1,1,1,9,1,1,3,15,1,9,8,1,13,1,8,13,7,12,15,1,12,17,1,1,20,1,1,16,1,1,9,1,1,1,59,1,30,3,9,1,14,1,19,2,6,13,1,8,13,1,12,25,19,2,11,20,25,9,1,12,17,11,7,1,10,10,1,1,9,10,1,10,10,1,2,23,19,1,17,1,1,1,2,9,1,1,1,9,21,16,1,1,1,1,10,1,4,1,1,11,21,1,1,2,12,14,9,1,10,16,1,1,1,13,1,6,1,1,10,1,1,1,16,1,4,9,8,1,1,4,5,1,1,15,1,1,1,29,1,15,1,12,1,1,15,1,1,16,24,1,1,12,1,10,10,90,1,19,1,10,10,1,1,1,9,11,1,10,11,20,15,18,6,1,10,1,1,9,14,38,11,17,1,17,8,15,1,1,12,1,1,1,7,1,1,1,1,17,12,9,7,1,14,13,32,11,12,1,7,1,1,2,11,29,10,1,3,7,8,1,1,13,1,1,11,7,1,11,1,11,6,1,21,12,16,2,1,30,1,1,9,17,16,13,14,3,2,1,11,1,11,23,14,1,1,5,1,1,1,11,1,12,1,13,1,16,13,1,1,1,1,12,1,16,17,26,8,1,1,1,53,18,16,1,15,8,1,1,11,10,12,17,1,1,19,1,23,6,4,1,1,12,1,1,1,19,1,10,9,22,1,13,11,1,13,14,1,1,1,14,11,1,10,1,1,5,7,1,1,6,13,1,1,1,1,1,7,7,1,1,4,10,1,18,20,12,20,14,12,6,11,1,1,1,23,1,1,1,12,1,13,10,6,1,1,1,1,1,25,1,1,12,1,17,11,7,11,1,21,10,1,1,36,15,15,20,2,14,1,9,9,1,10,12,12,1,7,1,1,1,8,4,1,2,4,6,16,11,1,3,1,1,1,13,13,8,1,8,16,3,1,1,1,1,12,10,1,1,11,1,1,1,14,1,1,8,8,1,1,1,15,2,1,16,1,11,6,1,1,22,11,1,12,1,16,1,1,13,14,3,1,14,13,1,1,19,1,1,1,2,10,16,14,1,1,1,1,1,18,13,19,17,1,2,8,2,1,1,11,18,11,1,20,17,1,1,1,1,1,1,13,12,15,1,15,11,1,1,18,1,12,16,1,1,13,1,9,1,6,1,10,22,1,49,1,6,2,1,1,1,20,1,27,1,9,6,1,1,1,1,7,12,1,1,39,6,10,1,1,1,4,9,12,1,19,1,1,1,10,9,7,16,16,2,1,1,1,21,23,1,15,1,10,11,11,1,1,18,1,1,12,3,6,20,1,1,1,4,17,1,6,1,1,1,8,2,12,15,19,34,13,1,1,5,13,1,11,1,1,1,14,14,1,1,1,1,1,1,1,19,5,1,1,9,23,1,11,11,1,1,1,1,1,4,9,20,5,1,1,1,1,1,8,1,1,1,10,1,1,1,1,1,13,10,5,1,9,13,12,1,1,13,1,11,7,1,1,15,14,1,1,1,17,13,1,1,13,1,18,12,1,1,1,1,15,13,1,14,1,7,7,14,1,1,2,1,1,2,7,23,15,1,1,1,1,1,11,11,1,1,77,12,1,1,1,12,1,1,6,1,1,1,16,6,1,1,14,1,1,11,1,1,17,1,1,1,13,1,15,1,1,1,12,1,1,30,6,1,12,18,1,13,1,1,1,1,14,16,11,1,6,15,15,11,1,171,9,13,1,13,10,6,13,9,11,1,6,6,11,1,1,11,12,4,13,15,15,3,1,16,1,1,1,10,17,1,5,1,18,19,1,1,1,12,8,1,1,15,18,5,1,16,1,14,1,15,1,6,17,98,13,11,1,1,1,1,8,1,1,14,1,10,15,1,1,1,12,1,10,4,10,1,7,19,1,1,1,1,1,6,1,9,13,5,16,1,9,10,10,1,11,1,1,11,2,1,10,1,1,11,1,1,14,1,1,10,9,9,15,1,1,9,1,108,10,11,1,3,76,1,1,1,1,1,1,15,9,1,2,9,1,21,1,24,11,1,1,1,5,7,15,13,1,17,12,19,1,1,1,1,10,6,1,2,1,1,1,1,19,1,1,1,1,12,10,11,1,1,9,1,1,1,12,1,1,26,12,5,41,75,1,1,4,1,10,1,13,7,59,1,3,1,1,7,8,2,15,1,9,1,12,1,1,1,1,1,2,18,2,9,1,1,1,10,16,21,10,1,1,19,1,2,1,15,10,15,1,7,13,4,513,10,8,1,13,21,1,1,1,1,25,4,1,1,1,1,1,15,20,1,13,11,11,1,16,17,1,14,1,11,5,1,15,1,2,1,19,1,8,10,16,1,20,9,1,10,1,13,1,18,10,1,23,25,11,1,1,1,1,5,20,1,2,16,24,1,18,16,10,3,1,1,1,12,13,1,1,1,7,14,1,1,1,11,1,1,1,5,1,12,1,7,1,1,10,18,10,9,1,10,1,16,11,3,1,2,1,30,12,12,1,1,10,16,18,15,6,1,1,1,1,1,1,13,3,7,1,7,15,1,11,17,1,1,8,6,1,10,15,1,9,11,11,27,11,1,78,6,1,15,12,3,1,10,4,2,7,14,1,9,12,16,1,1,1,19,1,6,1,1,8,1,1,10,1,1,16,1,1,1,20,12,1,9,1,1,1,17,1,12,1,15,1,5,13,1,12,1,10,10,12,3,10,15,1,1,18,15,2,28,18,1,1,8,1,1,21,18,9,1,1,2,2,6,1,1,15,20,1,1,5,1,16,12,12,1,1,13,1,1,14,1,9,13,1,1,17,7,1,1,1,1,12,1,1,12,13,1,14,1,17,1,1,1,1,15,11,18,12,14,10,1,1,5,1,15,2,14,10,1,16,1,1,4,1,1,1,7,1,23,9,12,20,1,1,7,1,13,13,1,1,11,1,1,1,10,1,14,1,1,1,1,18,9,9,1,15,1,1,1,1,1,10,1,14,1,1,10,11,1,1,1,1,5,12,1,11,1,1,6,10,5,11,14,1,4,1,1,1,1,7,1,1,15,17,9,1,14,2,13,16,4,1,1,13,1,13,17,1,1,1,5,34,1,1,1,14,1,6,1,1,1,1,1,2,1,27,10,37,1,1,5,18,16,1,7,1,14,16,1,1,1,1,16,1,11,1,1,13,6,1,16,10,5,13,1,1,13,1,7,17,21,27,15,1,9,1,1,1,1,1,1,19,17,22,1,1,16,1,16,10,2,9,1,1,1,1,6,1,2,4,1,13,19,1,9,1,1,1,1,7,1,1,1,81,1,1,1,1,1,1,2,1,1,1,17,1,1,1,12,11,7,13,15,37,1,23,1,1,15,4,9,1,1,3,1,1,18,1,1,1,15,1,1,1,11,5,1,1,1,1,14,13,6,1,10,1,14,18,19,5,3,1,18,1,1,1,1,2,1,6,16,10,10,8,2,1,17,1,1,1,1,16,4,1,1,15,4,9,1,14,11,1,16,17,1,1,5,1,11,9,1,13,6,1,1,1,1,2,17,1,8,1,1,12,1,1,1,8,6,1,13,8,1,21,26,1,14,1,8,23,16,12,1,20,11,1,1,1,1,14,1,1,1,15,1,8,5,10,18,18,1,13,1,3,1,33,14,14,90,1,5,5,7,1,1,11,2,13,1,1,14,15,1,14,1,11,1,1,13,1,1,1,6,1,31,1,1,9,14,5,1,14,11,1,13,13,15,13,60,1,1,1,1,17,13,17,7,1,13,18,6,5,13,17,1,3,1,1,6,1,83,1,10,1,4,1,1,1,1,1,12,24,1,1,16,19,5,1,13,1,1,30,1,10,19,1,1,9,6,13,1,14,1,12,17,1,11,6,10,1,9,1,71,1,1,1,1,1,1,1,1,9,1,8,12,8,1,20,1,22,1,11,1,15,11,12,1,10,10,1,1,1,23,21,13,1,1,69,1,1,1,1,1,1,11,1,1,10,17,1,9,11,25,1,1,25,1,7,1,1,1,20,21,1,1,1,1,15,22,2,4,18,15,4,161,15,18,1,1,2,16,9,1,11,1,1,66,34,1,9,1,9,14,10,1,1,1,24,1,1,1,1,7,1,8,106,1,16,1,2,9,12,12,15,1,1,8,12,17,1,1,2,11,10,17,13,1,1,1,1,5,10,8,1,1,2,11,1,1,1,1,12,1,1,1,1,1,1,19,12,15,9,13,1,15,12,11,3,1,1,1,1,1,14,11,11,1,1,18,1,1,10,19,13,6,1,1,1,36,17,1,11,1,16,13,16,1,21,1,1,1,17,10,1,1,1,16,3,13,1,1,7,26,1,17,6,1,1,1,18,17,22,1,20,7,1,1,1,1,1,1,1,3,14,9,16,10,1,10,13,2,1,1,7,1,15,14,13,4,20,9,1,10,12,1,1,9,12,81,1,12,1,1,1,1,1,5,14,2,1,1,7,1,12,18,1,20,12,17,14,15,1,13,1,1,6,1,1,1,1,15,1,16,1,1,12,12,9,15,1,1,9,1,1,49,1,1,1,1,1,11,1,1,11,13,1,9,1,1,11,1,15,18,1,7,1,25,1,6,27,16,1,20,11,15,1,19,1,13,1,12,1,1,7,10,8,1,14,1,14,1,1,24,1,1,1,16,1,1,1,1,19,2,14,1,1,8,4,1,13,2,8,12,8,17,1,17,1,1,1,13,13,1,1,13,13,7,1,16,16,1,10,15,1,1,1,1,1,22,7,10,1,13,10,5,7,11,1,21,29,9,8,13,8,4,1,39,4,13,17,14,19,1,15,20,13,17,17,1,9,4,1,3,1,1,11,1,13,1,15,12,1,19,1,14,1,1,22,1,1,11,5,14,1,13,1,1,1,8,10,14,10,6,4,1,2,7,13,1,10,1,8,9,1,1,1,1,11,1,10,1,31,1,1,7,14,11,1,1,15,13,7,9,14,1,19,1,11,1,1,1,1,1,20,1,1,9,19,18,1,9,5,8,1,1,9,16,11,22,11,16,10,1,5,14,9,5,1,1,18,1,1,1,1,8,1,1,8,18,3,1,5,12,7,7,15,1,1,6,1,2,1,19,1,3,1,10,1,9,88,21,12,3,1,16,1,1,2,10,14,1,1,16,16,5,1,1,1,10,1,1,1,9,9,1,9,1,6,21,21,1,19,12,15,3,12,16,1,1,1,16,1,8,1,1,2,1,1,78,18,1,1,12,1,20,1,12,6,1,10,15,1,33,1,4,8,1,14,12,19,15,1,1,1,8,9,1,18,1,1,1,8,14,12,1,12,1,1,3,10,1,1,1,14,2,12,8,26,12,1,1,12,1,6,12,1,1,8,15,12,14,1,1,1,22,19,10,1,1,9,1,1,1,2,2,1,1,27,1,12,1,10,72,7,9,1,9,1,79,11,1,9,1,1,1,9,1,1,43,13,1,1,1,1,12,1,14,1,19,11,11,1,1,2,37,12,1,1,6,5,14,1,1,1,8,18,2,95,1,1,1,1,1,13,20,11,11,1,1,1,15,1,1,1,1,12,10,8,12,1,18,1,1,16,5,1,1,1,9,1,1,10,1,11,24,1,1,1,21,13,2,9,1,24,1,11,21,16,7,11,1,13,1,12,1,33,9,14,1,1,1,12,11,1,1,18,1,10,11,1,1,9,1,9,12,8,1,14,8,25,1,1,9,1,1,1,1,2,14,1,18,29,11,1,1,14,1,1,1,11,7,10,14,4,7,1,15,1,9,1,6,12,1,14,8,6,22,1,1,2,1,1,1,1,1,11,1,1,1,1,1,1,15,9,16,5,7,11,1,1,1,11,1,15,9,1,1,1,1,19,13,1,18,1,1,1,2,13,11,1,10,1,10,1,15,16,1,7,12,1,1,1,4,15,1,8,16,19,15,12,1,16,1,1,5,12,1,13,15,1,16,1,10,1,1,12,1,2,12,17,11,10,20,1,8,30,1,1,1,13,8,17,1,50,1,14,1,6,1,1,19,11,11,1,12,4,1,13,1,1,15,1,13,1,1,18,18,13,10,27,10,1,1,1,1,13,1,13,1,2,10,1,7,20,14,1,18,45,14,1,16,3,10,10,11,12,12,9,1,7,4,1,1,7,22,12,1,1,5,23,1,1,10,1,1,1,11,8,11,1,14,1,8,1,1,4,14,1,8,1,1,2,1,1,20,1,15,21,1,1,1,1,1,1,15,20,1,13,1,7,1,5,13,1,1,1,1,1,13,1,17,1,1,1,10,1,6,16,11,14,17,19,11,14,69,1,15,1,1,1,1,9,1,1,1,1,12,5,1,17,1,1,1,1,10,1,18,1,24,10,1,1,1,1,8,20,1,1,17,1,23,1,6,1,1,7,1,15,13,1,11,376,1,1,13,11,14,1,40,12,1,1,1,1,1,1,4,12,11,1,1,17,23,1,1,11,1,16,1,12,1,1,1,2,5,2,1,1,1,1,11,15,1,9,1,8,14,1,1,9,16,1,1,1,1,9,19,1,13,11,1,11,1,9,1,14,4,1,14,9,1,1,1,6,1,21,8,11,1,1,18,10,1,1,11,2,1,1,1,11,1,17,3,1,1,1,17,1,1,1,14,1,1,11,6,1,14,13,3,1,7,19,3,14,13,6,26,9,10,20,11,5,4,1,1,7,68,5,1,1,20,1,1,16,2,1,11,1,11,2,9,5,1,14,10,1,10,1,7,13,16,4,1,11,13,1,1,7,1,1,14,1,1,1,18,1,1,1,25,1,18,1,13,22,2,1,1,14,1,6,21,1,17,10,11,11,1,1,1,17,16,14,1,1,1,12,10,1,1,14,10,4,9,2,13,13,1,1,6,1,1,6,1,18,12,1,7,14,3,14,1,2,1,9,8,2,20,11,10,1,14,8,1,9,1,1,1,1,1,13,14,16,11,12,1,6,21,18,1,1,15,2,1,10,1,2,18,1,13,1,1,23,10,8,8,15,1,4,1,15,17,4,1,1,12,1,10,16,1,1,20,1,13,10,7,12,6,7,2,1,1,1,1,19,12,12,2,14,374,1,35,18,1,1,16,1,1,25,1,11,12,1,1,2,9,6,14,1,1,10,1,7,22,20,52,1,15,1,13,8,1,8,33,11,4,13,1,15,8,14,7,9,13,12,17,11,1,1,649,1,13,1,7,9,1,11,1,1,1,1,5,12,14,25,1,12,20,1,18,15,17,9,1,1,1,1,19,1,1,1,1,15,4,1,1,1,9,16,8,1,1,7,14,1,17,1,1,6,27,1,1,14,1,11,1,10,1,15,1,32,17,3,1,1,1,9,2,1,1,9,1,11,11,16,1,18,1,1,17,9,1,14,1,15,1,20,1,2,5,1,11,3,1,14,7,9,1,11,80,19,8,1,9,1,1,1,12,1,1,1,16,1,12,1,8,14,14,3,15,36,6,1,1,1,14,1,14,16,8,1,28,14,1,1,10,34,1,1,26,18,3,1,13,7,10,11,7,1,1,14,1,7,1,21,1,1,1,1,6,1,3,3,1,1,7,6,1,1,14,1,1,1,14,1,1,1,17,4,18,1,29,7,14,1,1,1,18,4,1,10,1,16,1,1,1,17,1,1,17,13,5,1,21,1,20,12,18,13,1,1,1,1,7,1,6,1,8,1,13,1,1,1,14,1,1,1,1,1,1,1,9,7,1,12,13,6,1,16,2,10,1,12,1,15,8,1,1,10,4,17,5,1,354,16,20,18,16,1,9,6,10,12,13,32,13,1,4,1,1,20,14,1,1,16,29,1,11,1,1,16,10,1,1,9,1,1,1,24,1,1,11,7,3,1,19,7,10,1,1,15,19,7,16,3,7,12,3,1,10,19,1,15,1,8,16,13,8,10,7,7,21,16,1,7,1,2,7,5,2,5,10,1,1,120,16,1,1,13,1,1,13,1,1,1,14,22,1,8,11,2,1,2,11,15,12,9,1,1,1,1,9,6,15,1,12,11,14,9,1,1,760,1,1,11,7,1,1,1,15,6,13,16,1,9,13,26,1,1,5,11,1,14,16,4,1,1,2,13,1,8,10,1,1,14,1,17,16,9,1,13,1,1,9,14,13,8,1,6,13,1,1,1,15,1,10,1,11,15,8,1,1,1,1,14,9,1,1,13,1,12,11,15,17,1,1,1,1,1,15,1,1,12,17,1,1,13,2,16,1,13,31,10,6,1,21,1,14,16,6,1,1,13,1,21,16,1,1,5,7,12,1,7,6,11,2,12,7,11,1,15,1,1,1,5,17,24,1,1,17,14,1,16,1,4,5,1,1,9,1,1,3,16,15,1,1,20,1,1,19,1,10,1,1,1,2,6,1,1,11,11,1,2,12,1,1,1,10,13,1,1,18,9,1,1,1,1,3,11,10,7,10,1,9,10,1,14,2,10,65,1,4,21,1,1,14,1,14,14,12,11,14,8,1,12,1,12,1,10,1,1,3,1,14,1,1,1,1,1,2,12,1,7,1,1,9,1,1,13,6,1,16,8,1,1,16,1,1,1,17,10,14,1,1,1,1,1,4,10,10,13,1,6,12,3,10,1,15,47,1,11,7,5,31,11,1,1,9,2,12,10,15,1,12,1,19,26,1,15,1,16,1,1,1,9,12,10,22,15,1,22,1,17,1,3,1,20,18,11,18,11,12,1,13,11,1,2,1,1,24,18,15,1,1,1,1,22,1,13,8,1,7,1,1,11,14,1,1,8,14,17,1,1,1,14,1,18,2,7,7,1,17,18,1,7,22,1,8,1,32,1,12,1,19,3,1,1,16,1,16,1,22,14,13,1,10,1,1,3,8,26,10,1,16,1,1,10,2,1,5,17,1,1,1,1,1,17,4,1,1,13,1,1,3,1,13,1,5,1,11,1,1,1,18,11,13,12,9,1,11,1,9,1,1,10,5,17,1,1,8,7,12,16,1,15,1,1,1,21,11,15,2,1,1,17,1,1,17,15,1,5,1,2,1,1,12,6,5,1,1,4,12,15,1,4,11,17,13,10,19,8,1,8,18,1,19,1,1,14,1,10,1,11,17,11,1,1,17,1,1,1,1,1,1,1,26,10,1,13,1,6,13,16,1,13,13,1,15,14,1,1,20,1,10,1,1,1,1,12,6,12,9,1,1,1,6,1,11,10,16,15,1,1,11,1,13,1,1,1,1,2,12,1,1,1,14,16,36,10,3,9,34,1,16,7,1,1,1,1,7,1,1,26,1,1,1,11,1,7,10,14,23,20,1,2,1,10,7,1,6,13,1,1,1,1,15,9,15,7,1,1,7,3,15,1,1,27,13,22,1,12,15,1,1,11,20,1,2,11,1,1,1,1,11,1,9,1,15,1,4,1,14,1,13,10,1,1,1,1,9,21,1,10,18,1,1,1,1,15,1,1,10,1,10,1,1,2,19,24,13,1,15,9,1,1,2,1,13,14,1,1,18,8,1,9,1,1,1,35,17,10,2,1,16,24,1,8,11,1,1,1,2,1,6,1,1,17,1,1,7,10,1,1,1,10,10,12,1,7,17,8,14,19,1,2,10,15,1,18,1,1,1,1,10,1,15,18,1,19,9,12,1,1,1,1,1,57,1,15,5,12,1,24,1,1,1,1,1,13,4,18,10,8,1,1,1,1,14,1,8,15,1,1,10,1,17,1,1,1,9,1,7,9,9,11,1,10,7,17,10,67,1,1,1,1,1,2,15,17,7,13,150,11,8,1,1,1,1,9,11,1,8,9,1,22,1,1,2,2,33,100,9,11,1,9,1,1,7,1,2,1,1,1,14,1,1,1,1,1,1,1,20,18,1,19,1,16,12,9,10,1,16,1,1,10,1,1,1,1,1,13,1,1,1,1,12,12,15,1,6,10,19,1,13,1,3,1,1,1,12,1,8,11,1,1,1,20,31,9,1,1,13,1,15,16,1,1,11,5,17,34,1,12,7,10,19,13,1,1,1,3,11,13,13,16,1,1,14,13,9,1,6,1,6,1,11,18,8,18,23,15,11,1,21,1,19,1,1,17,1,14,7,4,10,1,10,18,10,9,1,9,15,1,1,1,13,1,3,8,9,1,1,16,1,11,5,1,16,1,8,12,14,7,1,10,1,1,13,1,17,1,14,1,9,17,21,1,32,1,1,18,12,31,6,22,1,14,12,15,5,1,1,1,19,14,1,1,1,1,1,11,1,1,25,1,9,14,1,1,15,22,1,17,11,6,1,9,18,14,11,1,1,13,10,16,1,1,13,68,1,11,11,14,1,1,11,9,15,4,1,1,1,14,14,1,1,15,1,16,11,1,1,5,1,1,2,13,1,1,15,1,10,9,11,3,15,8,14,1,14,1,11,1,1,14,26,1,10,1,1,1,1,9,54,12,14,66,1,1,1,1,12,6,1,16,1,8,18,1,1,15,9,6,6,12,1,8,9,1,1,55,1,1,1,11,10,1,20,15,8,19,23,6,19,1,1,6,1,1,18,1,26,1,7,15,1,13,1,10,15,1,44,1,13,1,14,1,1,1,14,1,48,10,17,11,11,1,1,13,30,1,7,1,30,2,11,1,1,10,1,15,1,5,17,1,16,1,1,24,1,7,1,7,1,1,3,36,15,1,14,35,18,1,1,1,1,1,1,6,1,1,1,1,1,9,12,1,9,1,7,15,1,1,14,1,18,1,9,21,12,1,1,2,20,3,1,7,1,15,14,1,4,9,12,13,29,1,16,1,6,1,1,10,16,2,15,1,10,7,10,1,1,4,1,1,16,1,1,7,14,19,17,11,14,4,1,14,1,170,1,1,1,23,8,7,1,1,15,1,1,1,27,13,12,1,18,22,12,8,1,14,1,1,12,4,1,11,1,1,9,1,15,1,2,1,12,15,8,16,1,6,6,1,1,19,1,7,1,1,1,1,21,20,12,13,12,5,9,1,15,1,1,1,15,1,1,1,13,16,17,8,1,11,4,13,8,1,1,1,1,1,1,1,15,9,1,14,1,1,1,11,1,17,16,1,1,1,1,1,1,18,6,1,6,1,2,2,46,7,1,1,1,1,18,1,5,16,11,5,11,1,9,1,15,17,30,1,1,4440,1,12,1,13,1,1,14,1,1,1,13,13,16,14,10,1,1,10,8,1,1,10,1,21,15,10,1,11,11,1,1,12,1,1,1,7,18,13,4,1,1,2,21,1,1,9,39,1,1,22,1,16,5,24,1,4,1,6,1,17,1,10,2,14,1,1,12,1,1,1,10,9,22,1,6,5,1,18,1,14,8,1,8,1,20,1,1,1,79,1,1,1,10,20,12,4,12,26,11,30,11,12,19,19,9,1,1,12,7,1,1,1,13,1,11,19,2,1,11,10,1,18,17,1,9,14,1,14,14,9,22,9,1,9,9,10,10,18,19,18,11,8,1,11,1,1,1,7,2,1,1,1,1,1,1,7,1,1,1,9,1,1,1,12,1,15,19,1,1,1,19,11,1,11,29,2,11,17,1,8,11,3,1,15,4,1,8,1,1,13,12,1,1,11,1,1,1,1,1,1,1,15,9,1,14,1,1,1,8,10,1,15,1,5,1,1,8,18,14,14,1,14,5,1,1,1,6,3,19,10,2,1,1,5,1,1,11,1,1,1,13,1,1,21,14,1,1,16,13,4,1,23,1,17,13,2,1,1,1,11,1,1,1,4,1,11,1,1,1,35,1,15,1,1,1,1,9,13,1,24,1,1,1,1,25,501,1,12,12,10,23,14,10,20,1,9,4,1,5,1,1,16,1,634,18,4,14,1,21,1,9,11,1,9,15,6,1,15,10,7,10,1,1,1,9,1,13,1,22,7,1,1,14,1,17,14,1,8,26,1,1,14,13,1,8,5,7,11,2,13,1,1,9,1,1,12,1,1,11,11,1,14,1,1,1,1,1,1,16,12,1,1,1,1,8,13,14,17,15,1,1,8,12,1,22,1,1,12,1,8,1,12,12,10,6,1,20,1,11,78,9,1,1,16,19,4,9,1,18,1,10,1,11,17,41,14,1,11,11,1,9,12,13,12,27,1,1,1,1,1,1,1,22,22,1,1,1,13,13,1,1,1,13,1,1,1,1,1,8,28,16,1,5,11,6,12,8,12,3,8,1,1,10,1,6,1,1,1,8,1,1,41,9,18,1,13,11,8,1,1,16,22,8,1,112,1,11,7,14,19,11,9,16,1,9,18,1,1,1,19,19,1,12,8,1,14,4,1,1,1,1,1,1,18,1,14,1,13,1,2,1,18,1,13,1,1,12,8,1,12,16,1,1,1,14,16,1,1,15,12,3,24,1,1,20,13,1,1,1,1,11,16,10,1,1,1,1,12,12,16,85,1,11,1,3,1,22,1,17,17,1,1,1,1,13,8,1,17,1,12,1,10,1,12,145,1,10,35,2,1,1,12,12,16,1,1,19,1,1,11,6,1,1,8,1,1,14,9,1,1,1,1,1,7,8,1,1,43,44,1,1,10,10,14,1,16,1,17,1,1,1,10,8,11,7,1,14,1,1,9,13,1,1,1,1,1,1,10,1,11,1,1,8,1,22,5,1,11,18,3,1,12,1,15,13,15,6,1,1,1,10,8,2,11,1,15,1,15,8,1,1,15,14,5,21,1,1,1,13,7,11,7,1,6,6,10,13,1,16,14,4,1,23,6,1,16,1,13,8,1,15,1,10,1,14,15,9,13,10,1,1,3,1,8,1,21,11,14,36,1,1,1,3,1,15,1,10,12,15,10,26,1,1,1,10,17,8,1,23,13,13,19,9,1,14,1,1,10,1,1,2,10,1,1,10,2,1,1,1,1,1,16,12,1,8,14,1,1,12,14,1,5,1,22,33,8,1,1,16,10,5,13,1,3,1,2,1,1,7,1,23,1,26,1,14,17,1,1,4,1,1,1,1,1,1,4,10,5,1,14,1,12,1,1,1,9,15,9,13,1,1,9,10,14,13,1,5,1,1,7,1,1,1,9,1,2,7,31,8,18,13,1,1,1,1,1,1,15,1,1,8,1,1,1,14,1,36,27,10,15,1,1,17,10,1,6,1,15,1,1,10,10,10,1,1,10,1,10,3,2,1,1,1,23,13,4,1,1,12,1,1,1,19,14,17,10,8,1,8,6,1,4,75,10,1,1,7,17,17,11,10,1,12,11,11,1,1,1,11,25,22,1,1,9,15,10,14,6,15,5,5,13,17,1,5,1,1,1,21,14,1,22,17,1,13,35,33,1,1,7,1,20,21,1,1,12,12,8,10,15,1,13,8,1,10,1,1,16,67,17,15,9,1,3,13,7,1,1,12,1,1,15,10,12,36,16,1,24,1,1,1,84,1,1,22,11,1,14,15,13,1,1,14,1,1,1,1,15,16,1,1,16,2,16,7,14,1,14,2,1,1,1,60,1,21,9,1,14,18,13,9,8,1,1,14,2,26,12,1,12,13,15,12,1,1,1,17,1,8,4,34,1,1,12,12,15,12,12,6,18,10,1,11,14,1,1,12,1,8,1,32,18,1,1,1,1,1,1,15,12,10,8,1,1,1,3,21,3,1,1,1,1,16,82,1,15,17,15,19,1,1,14,1,16,1,1,1,1,10,1,1,29,11,2,1,1,17,5,10,14,13,7,17,1,1,1,14,13,1,10,1,6,8,1,10,9,1,1,9,6,17,1,2,11,17,1,25,16,14,12,10,1,14,1,19,1,16,1,1,6,63,1,17,22,9,10,14,1,1,1,10,1,9,1,1,16,1,11,2,16,79,19,12,1,15,13,1,16,1,1,1,15,1,1,4,1,1,1,20,9,11,5,1,17,14,1,1,13,9,1,1,1,1,101,1,1,9,1,1,16,12,11,1,1,14,1,1,2,9,1,17,1,1,3,6,1,1,17,1,8,1,8,14,77,1,20,9,1,16,10,4,15,4,9,17,1,4,5,1,1,1,30,1,14,1,1,5,1,1,1,17,12,9,1,10,38,1,1,8,9,9,1,1,5,8,1,1,9,14,1,10,1,6,1,9,1,15,1,13,1,2,14,1,4,9,1,1,1,1,17,9,1,13,1,2,1,35,1,1,1,1,20,1,1,3,15,1,10,6,15,16,13,12,2,2,21,1,1,1,1,1,1,1,28,1,1,1,1,1,1,17,1,1,1,1,1,14,1,2,7,1,12,8,1,8,20,17,19,1,1,5,18,14,11,1,15,10,11,13,12,18,1,1,12,14,1,1,1,4,8,1,1,12,1,1,14,5,11,10,10,18,1,1,1,1,1,7,1,1,1,1,1,1,15,1,1,9,1,1,11,1,1,17,1,13,2,1,4,1,9,1,1,23,1,8,9,1,1,9,12,1,1,18,6,1,1,1,1,1,1,16,1,15,73,1,19,1,1,15,14,1,2,15,1,1,10,1,1,1,1,1,11,1,16,1,20,9,1,1,7,9,21,11,15,3,1,8,7,6,14,1,2,5,11,1,15,1,1,1,1,13,9,12,15,3,12,3,1,1,1,2,1,1,1,1,11,1,1,14,1,1,1,1,11,1,1,14,14,17,1,14,1,1,11,1,1,1,11,5,8,1,19,1,11,1,1,18,1,2,1,8,19,1,1,3,15,1,1,20,1,1,1,2,1,7,13,1,23,14,5,1,13,1,1,1,20,1,1,1,1,13,17,1,9,1,1,11,1,17,21,1,1,1,10,1,5,1,11,1,1,1,2,1,20,4,16,20,9,1,1,2,1,12,1,11,15,1,15,12,1,1,8,2,15,1,18,13,1,1,1,1,1,1,9,12,1,53,1,1,1,1,14,1,10,18,1,4,1,1,74,1,7,1,11,8,18,1,2,14,18,12,14,1,1,7,12,12,1,19,1,11,1,19,119,1,1,1,6,1,1,1,1,5,22,19,1,7,21,6,21,1,10,1,9,4,1,21,1,1,15,1,12,9,15,1,1,1,1,1,10,11,1,1,1,14,1,1,1,1,1,1,1,3,11,20,75,1,16,21,4,2,14,2,1,1,1,16,13,1,1,1,1,9,8,1,23,3,9,12,1,10,14,10,1,8,13,15,1,1,16,12,1,1,5,1,11,12,8,1,1,3,1,11,1,1,12,1,5,1,1,3,18,1,21,1,1,9,7,4,1,10,1,3,19,15,9,1,14,11,8,9,8,1,14,1,16,1,1,1,1,1,1,12,1,1,1,11,1,1,22,15,4,1,1,4,11,17,1,21,1,12,4,1,14,10,18,14,12,8,1,1,2,19,10,14,4,14,1,17,1,1,1,1,1,1,14,10,1,12,1,1,1,9,1,11,1,33,1,14,1,13,22,16,1,1,18,1,10,8,10,19,21,1,20,1,1,1,7,12,1,1,9,1,1,10,14,9,11,15,1,1,1,1,1,1,1,6,1,1,1,9,1,2,28,7,16,9,15,1,14,13,21,1,17,1,15,25,1,13,1,9,1,1,10,11,16,20,1,7,3,13,1,20,11,11,1,3,1,1,1,1,1,1,1,1,1,1,1,1,1,4,1,12,27,20,9,9,14,8,44,8,14,1,160,10,1,3,25,1,15,12,46,1,11,1,6,1,11,1,10,16,7,1,1,1,11,1,1,13,1,12,6,1,1,3,7,9,11,12,11,7,1,7,11,20,1,13,12,17,11,1,13,1,13,3,28,17,15,1,25,13,17,1,16,1,12,12,1,5,11,7,13,1,13,2,1,11,1,1,9,22,1,1,1,17,11,4,1,1,3,13,1,32,1,20,19,1,1,5,20,18,1,1,19,7,1,1,18,1,1,1,21,1,9,1,13,16,1,13,13,7,20,1,25,1,1,10,1,1,1,16,1,12,1,1,1,1,23,1,1,16,1,17,13,10,10,5,18,5,9,1,11,1,12,1,14,1,12,1,16,10,1,30,1,1,1,11,17,18,9,1,13,1,11,2,1,17,1,7,1,15,1,1,3,14,16,1,8,9,19,15,1,1,2,1,8,3,1,1,11,1,14,12,1,1,1,11,1,9,1,20,2,1,18,14,1,8,1,1,12,7,5,10,12,2,14,4,1,10,1,11,12,1,1,1,15,16,25,13,10,1,1,11,1,1,1,23,13,11,1,1,1,1,1,13,1,10,19,1,1,9,4,1,10,32,1,1,15,11,2,1,1,13,1,1,1,12,1,14,13,1,27,1,1,1,1,14,17,22,13,1,1,8,1,11,18,1,7,14,12,1,1,12,1,1,1,11,1,1,15,9,13,7,9,2,8,1,1,15,1,13,7,5,1,1,1,1,19,1,16,10,10,1,1,1,1,12,20,2,1,1,1,1,10,22,1,12,1,1,7,17,1,15,1,1,1,1,1,32,8,1,1,21,16,1,1,10,1,8,1,14,17,7,13,14,21,2,14,1,9,18,16,1,1,1,1,1,1,1,10,4,20,14,12,1,1,1,9,7,9,1,14,19,17,86,1,1,1,1,9,1,20,8,10,1,1,1,1,1,2,11,1,8,9,12,1,1,1,1,3,11,14,14,13,1,1,1,1,1,13,17,16,1,5,2,1,17,31,12,1,1,1,1,15,1,1,9,29,11,6,87,1,13,13,9,1,1,5,10,1,1,1,1,1,1,1,11,4,19,1,1,10,17,8,10,1,1,1,10,1,12,1,2,11,1,9,11,1,7,12,1,12,1,1,1,2,13,11,1,1,1,1,15,11,4,1,1,1,1,3,1,8,10,1,1,11,15,1,17,1,1,1,1,1,18,4,4,1,1,15,1,1,1,1,1,22,1,23,1,16,1,1,1,16,1,11,13,13,1,17,1,21,1,1,1,1,21,12,12,3,11,14,1,12,9,1,9,1,1,1,1,4,1,1,13,12,1,13,14,13,7,12,11,1,13,9,3,9,1,11,1,12,5,12,1,113,1,15,1,1,88,1,1,19,1,1,1,11,1,18,1,1,1,23,1,11,1,4,12,1,6,9,11,1,1,16,21,1,1,1,1,11,11,9,20,14,11,1,36,1,1,23,12,8,15,11,1,8,9,11,11,1,14,1,15,4,1,8,4,27,1,12,18,87,7,13,5,3,15,9,1,1,1,19,16,11,1,11,6,6,1,7,9,13,17,7,12,12,2,18,20,14,18,12,15,11,1,31,1,1,1,1,1,18,1,10,13,20,3,7,13,15,1,6,6,1,19,30,12,14,1,1,1,16,17,1,12,13,6,3,1,1,13,12,10,16,1,20,15,1,16,10,1,1,11,1,26,7,1,1,1,1,9,1,1,7,1,7,1,41,1,1,1,13,1,13,1,1,13,1,1,8,1,1,19,14,18,1,9,1,18,22,1,10,10,1,1,1,1,1,17,1,19,1,11,1,1,1,10,13,11,1,1,1,1,1,1,24,1,2,12,11,1,1,14,21,1,17,11,1,1,20,11,1,11,5,23,8,10,1,17,16,12,1,1,1,16,10,1,12,13,18,12,1,19,9,1,19,1,11,1,1,10,1,1,1,10,24,13,1,8,1,19,2,7,1,1,10,1,13,1,8,10,4,28,1,1,7,8,16,2,13,9,13,6,2,9,1,8,16,19,1,45,1,5,9,1,1,12,1,8,1,1,18,14,11,2,1,22,1,1,1,13,1,1,1,1,8,1,9,14,13,2,1,1,6,1,1,4,1,6,6,1,1,19,9,5,8,11,1,1,1,10,14,1,14,1,1,18,14,1,3,7,2,1,1,15,12,821,1,11,1,1,2,1,11,1,13,1,16,1,1,1,13,32,1,10,11,16,18,1,1,15,1,1,8,15,1,8,1,9,5,1,1,1,1,1,5,1,1,1,1,10,1,1,1,1,1,1,19,1,6,1,7,1,16,11,16,13,6,12,16,10,1,24,1,2,18,1,1,7,1,12,1,1,6,14,1,1,1,16,1,20,1,1,13,1,22,2,1,17,1,1,1,1,14,50,1,1,1,16,7,1,1,1,10,17,1,2,1,17,1,2,12,33,1,2,18,13,19,15,25,18,22,1,5,11,1,13,9,1,2,1,11,1,1,1,20,1,13,3,8,8,1,9,1,1,17,15,17,12,1,1,5,1,14,13,1,9,11,20,12,1,1,1,1,11,12,23,1,8,16,2,21,2,1,1,18,3,17,6,3,13,1,1,1,17,15,1,23,10,2,7,14,1,1,13,7,10,1,14,12,1,12,1,1,1,14,1,18,15,16,27,2,1,1,10,1,6,1,1,25,14,1,1,1,1,1,1,13,1,1,19,22,1,14,8,1,7,13,1,5,2,1,2,1,116,1,1,6,13,1,1,7,1,1,17,24,8,1,21,16,1,1,1,18,7,5,1,1,1,11,9,1,1,16,1,1,1,7,16,1,1,1,1,8,11,2,1,3,16,6,9,9,11,7,1,17,1,7,14,1,1,1,1,13,2,1,9,1,6,1,1,13,1,1,1,1,17,1,10,1,13,4,1,1,17,1,1,9,9,1,1,1,1,15,17,1,1,1,1,25,9,1,1,5,15,1,15,9,8,8,1,16,9,1,1,3,1,19,1,1,1,1,8,1,1,9,9,1,1,1,1,1,1,1,5,16,14,1,15,11,10,13,1,19,1,99,1,1,20,1,13,1,1,1,19,23,3,13,7,1,13,1,1,12,1,1,2,1,1,14,1,13,1,8,22,1,1,12,17,13,12,1,1,1,10,1,12,20,1,2,1,1,1,4,1,1,2,15,22,1,9,10,1,6,2,1,1,1,1,1,1,1,9,1,11,1,13,11,12,24,7,1,12,1,13,13,1,1,11,19,18,8,12,14,1,1,7,15,1,11,1,1,11,7,1,7,18,15,1,1,11,1,14,1,4,1,1,16,11,1,1,15,1,5,16,1,1,1,28,1,1,16,6,1,1,1,15,1,54,23,11,16,1,14,1,12,1,18,1,10,18,9,1,1,13,11,9,8,16,1,1,28,1,1,16,1,1,12,14,1,1,1,1,1,1,16,1,1,1,9,13,3,8,9,43,10,14,14,11,1,15,1,7,67,10,9,1,1,1,1,1,1,1,1,6,1,1,10,17,10,1,12,2,1,1,15,11,19,1,1,12,14,11,1,17,11,12,3,11,1,1,1,7,1,15,1,1,8,1,14,14,1,1,3,1,11,15,1,4,35,1,9,1,1,6,4,1,11,10,1,1,8,1,1,8,1,1,1,1,1,7,10,1,9,4,1,1,1,18,1,11,1,13,1,1,10,19,18,1,8,1,11,1,9,1,7,13,3,1,7,1,1,1,13,30,1,1,6,1,1,1,13,5,7,12,9,1,6,14,1,1,19,1,1,1,1,8,12,1,1,12,1,14,1,1,1,20,10,1,1,1,1,8,10,11,15,7,11,14,1,1,12,10,1,8,10,21,1,21,5,8,1,1,14,8,17,1,5,1,9,1,19,1,1,16,2,1,1,1,9,16,1,10,1,2,2,7,8,9,9,9,8,16,1,15,19,1,1,1,19,7,13,1,1,1,1,1,7,1,12,12,1,1,1,14,16,14,22,13,17,1,9,1,1,1,13,16,11,12,10,1,15,1,1,1,12,1,1,4,8,15,1,1,10,12,1,1,21,1,11,10,1,40,26,1,1,1,6,1,3,3,12,81,1,49,1,1,1,14,16,1,1,2,17,1,14,13,20,1,9,8,4,7,1,9,5,14,1,22,2,1,1,17,12,13,21,1,14,10,1,14,1,1,1,15,8,1,1,3,1,13,1,17,8,1,10,20,12,1,1,35,1,1,12,1,2,46,1,1,1,1,13,1,12,9,1,6,1,1,8,1,14,1,10,1,1,15,6,9,16,1,32,1,11,15,3,14,1,20,1,8,1,1,10,24,18,1,9,1,15,19,1,1,2,12,1,1,1,1,1,16,1,1,6,7,19,15,1,21,1,7,1,1,12,14,26,12,19,5,1,18,10,19,3,1,1,1,1,1,1,7,12,1,10,17,1,1,8,9,1,7,17,8,13,10,1,32,4,1,1,1,36,9,1,1,5,1,6,1,1,5,1,5,14,11,1,8,1,14,14,16,1,1,8,1,13,5,1,1,15,13,16,1,14,13,1,21,1,1,1,1,15,1,7,13,10,19,6,20,1,16,9,1,19,1,18,23,18,8,23,1,1,10,7,15,16,1,1,1,9,4,1,11,13,18,10,13,1,8,1,1,8,1,1,18,1,12,17,1,18,1,13,13,1,1,7,15,11,1,22,1,13,5,10,11,1,1,10,1,1,9,1,1,5,17,1,11,1,1,9,12,19,1,18,1,15,17,19,1,2,1,21,1,8,1,16,1,11,1,1,1,9,13,7,1,1,9,1,9,13,11,1,8,1,1,1,18,1,1,32,1,1,1,14,1,1,1,1,1,7,1,1,8,18,1,1,7,1,11,16,10,1,1,11,16,15,14,1,1,12,17,1,1,1,10,1,17,10,1,8,17,1,1,1,12,12,1,1,3,10,1,1,1,1,16,12,1,21,13,15,1,5,1,1,20,8,1,9,11,5,8,1,16,2,8,1,1,1,1,14,1,1,1,1,11,1,1,1,13,1,1,10,1,11,1,19,1,16,1,1,8,12,1,12,1,1,1,13,20,1,7,7,12,1,18,13,15,15,1,1,12,1,18,14,1,3,11,1,1,11,1,15,11,1,11,1,1,1,1,1,14,1,2,1,1,1,14,15,18,12,10,1,1,4,1,70,12,1,1,14,1,1,1,2,13,1,1,1,1,2,1,17,1,1,11,4,1,13,1,1,7,1,1,1,1,1,1,15,1,18,8,15,1,14,18,22,1,11,1,8,15,9,1,1,26,1,11,10,1,1,11,17,2,1,1,1,1,1,8,1,1,1,1,13,1,10,1,12,1,1,2,64,6,1,11,1,19,1,1,1,1,1,1,1,1,1,1,1,48,1,13,1,19,7,10,1,1,4,16,25,11,1,1,1,1,14,22,16,1,1,4,9,1,1,1,1,14,1,1,2,19,1,1,1,5,10,1,1,1,8,1,14,4,23,14,8,1,1,3,15,7,7,1,18,16,1,1,1,14,1,23,1,4,8,1,7,5,1,8,5,5,1,1,1,1,5,1,6,10,1,1,24,1,13,1,1,7,13,9,1,1,7,5,17,1,1,16,1,1,1,11,1,1,10,19,11,17,24,1,34,1,1,1,1,1,1,1,1,23,1,8,1,2,15,8,8,11,9,14,1,1,2,1,1,21,14,1,13,11,1,9,23,1,15,1,21,5,14,4,15,1,10,6,12,18,1,5,12,5,12,1,15,2,1,1,27,1,18,1,1,1,1,8,1,24,12,1,11,16,1,1,14,6,15,10,15,14,6,9,1,1,1,1,9,1,1,17,15,8,3,1,1,1,1,1,1,1,7,1,1,1,11,1,13,19,1,1,1,1,1,1,1,14,1,12,1,4,1,12,11,1,4,3,3,6,1,11,1,15,6,12,1,1,8,25,20,2,30,11,7,10,14,1,13,11,13,1,14,10,2,9,14,1,56,1,1,1,9,1,1,1,1,1,1,1,1,11,1,1,19,11,11,3,12,1,10,10,1,1,1,13,15,1,12,16,1,3,1,12,16,11,2,1,10,1,6,1,1,1,1,1,1,32,25,1,1,3,1,11,6,1,15,8,1,1,12,1,15,1,1,14,7,1,6,9,10,19,10,1,1,6,19,17,12,10,14,1,1,11,1,11,11,1,15,1,1,1,1,2,1,13,1,6,1,16,11,1,15,1,9,1,1,1,1,1,1,10,13,1,17,1,17,1,1,20,18,1,16,1,11,1,1,1,1,14,1,16,10,1,13,11,15,9,1,16,1,1,1,9,8,11,2,13,13,1,11,6,1,16,1,1,1,12,25,1,1,1,1,1,1,12,7,1,16,1,10,13,2,1,2,11,14,1,1,8,1,1,18,1,9,1,1,1,18,1,9,1,1,10,10,13,13,12,1,1,2,1,7,24,1,12,6,14,13,1,11,1,1,13,1,6,8,1,1,1,11,1,17,6,6,17,1,8,1,1,64,10,3,1,1,4,1,1,1,1,17,1,8,8,1,11,1,1,1,13,10,1,16,1,5,18,20,1,8,18,4,1,1,77,13,1,100,1,15,23,20,13,1,17,1,1,18,11,17,1,1,1,1,11,8,1,1,8,10,1,2,10,1,7,2,1,1,5,1,11,1,1,8,1,11,1,18,15,13,16,15,1,5,3,9,1,1,8,1,1,1,1,10,11,12,11,10,12,14,2,1,8,14,1,18,2,8,17,13,23,1,19,15,12,1,21,3,10,5,14,14,1,10,13,11,8,1,5,24,17,1,12,10,4,1,1,13,1,1,1,1,20,2,1,11,15,11,8,23,1,1,17,1,1,20,7,15,14,1,21,9,1,3,1,17,10,8,8,8,14,1,13,12,14,18,15,12,1,2,12,1,51,12,18,1,5,1,1,12,1,10,14,1,1,1,6,1,1,1,12,1,21,1,1,9,9,11,1,1,14,1,1,4,1,8,8,14,11,1,11,16,18,11,1,15,1,1,1,1,5,1,8,34,11,1,8,1,1,1,14,12,8,15,1,1,1,23,30,17,1,19,13,13,1,7,9,1,12,1,1,12,14,19,11,19,1,9,17,20,1,1,10,1,10,1,20,21,1,1,11,18,17,1,3,16,9,1,1,1,3,18,1,1,1,34,1,13,1,1,1,1,15,1,1,1,14,1,16,1,11,1,1,13,1,12,10,1,8,1,19,1,2,19,8,31,1,1,4,1,1,15,1,10,14,22,1,1,4,1,1,13,1,11,1,16,15,16,1,10,1,3,12,38,7,1,8,9,1,1,1,16,3,16,1,1,1,13,1,18,1,1,40,1,1,14,8,8,7,1,10,1,14,1,10,1,1,1,22,1,1,15,17,13,1,1,1,1,16,1,15,6,15,1,8,12,7,14,19,11,27,1,11,1,1,1,1,18,1,10,1,1,1,1,1,1,1,13,1,1,1,2,14,1,6,1,16,6,1,15,1,11,1,13,1,1,12,1,2,1,13,6,3,8,1,1,1,14,1,1,1,9,30,1,1,8,1,1,11,9,4,1,1,12,1,108,21,14,1,1,16,9,6,15,7,19,10,1,1,1,17,1,7,31,1,9,8,2,1,11,9,1,1,1,2,12,1,16,1,15,9,12,1,3,1,1,12,9,6,1,6,10,1,5,1,17,1,1,10,1,10,9,1,11,1,1,1,1,19,1,13,1,1,3,9,16,1,9,1,1,1,10,10,17,13,18,16,18,1,13,12,17,8,1,9,1,1,1,1,1,1,1,1,13,10,1,19,7,8,2,1,1,12,1,118,1,1,1,3,1,13,12,1,1,19,16,25,1,12,12,1,14,17,7,13,10,11,12,9,1,12,4,1,14,10,12,14,17,1,1,12,7,10,15,13,1,13,8,2,14,1,10,1,1,11,8,4,1,2,1,1,17,1,1,13,19,16,1,10,1,9,9,23,9,1,14,1,18,9,1,11,1,1,1,2,1,10,1,1,8,11,1,1,10,1,1,17,1,1,19,1,1,4,1,6,1,16,8,13,1,16,1,3,1,1,13,1,11,15,1,12,1,1,1,10,20,1,21,1,1,16,1,1,17,1,13,13,16,1,1,1,55,8,12,5,1,1,6,9,11,17,20,11,9,1,9,16,1,1,9,13,1,6,17,1,7,6,1,1,16,1,1,12,11,11,1,12,1,1,10,19,1,19,12,1,1,11,23,1,19,1,13,1,6,16,8,2,1,1,1,1,3,8,1,1,15,1,2,14,21,1,17,1,1,7,13,11,18,8,2,1,15,1,1,13,6,7,21,13,6,10,19,1,12,1,15,11,1,11,1,1,1,2,1,9,15,11,1,1,2,7,3,1,1,1,16,1,1,1,17,11,6,14,1,1,1,1,10,24,1,1,13,1,1,6,11,1,11,1,1,14,4,9,9,1,21,13,18,1,1,9,8,1,3,12,1,1,14,12,12,11,5,11,1,1,11,1,11,4,12,11,1,4,8,51,14,22,12,1,1,1,15,1,1,13,11,1,13,9,1,30,1,88,9,9,1,1,1,1,1,1,20,1,10,6,14,1,13,12,14,8,1,16,13,1,13,13,1,1,11,12,10,1,1,12,1,1,1,17,7,1,1,1,13,1,1,1,1,13,9,1,10,14,4,10,1,25,18,1,16,1,13,21,1,42,12,1,1,10,1,12,13,7,9,2,11,16,12,1,1,13,11,1,1,1,1,1,1,1,1,6,1,1,23,55,21,1,1,1,1,8,82,13,1,1,14,1,12,20,23,7,17,18,5,5,15,10,7,1,2,1,1,1,1,13,10,9,1,15,11,11,1,11,11,1,7,17,1,12,13,1,1,1,13,1,15,1,1,11,1,16,53,11,1,6,1,1,1,16,1,1,13,14,6,1,1,1,1,15,9,17,1,1,1,10,1,1,1,1,1,5,16,14,14,1,1,1,14,16,11,1,16,12,2,16,1,1,1,13,1,1,1,10,1,1,1,16,1,1,1,11,9,1,15,1,13,12,1,1,1,2,1,24,1,1,6,1,1,23,2,6,1,9,9,8,1,6,26,22,1,5,12,6,25,7,1,1,10,1,1,1,1,1,6,1,2,6,7,1,8,1,1,1,1,12,8,11,1,1,1,43,15,14,15,9,9,25,1,8,6,1,1,1,13,1,18,12,8,1,20,3,1,1,6,1,14,1,1,1,1,1,15,4,9,1,1,6,14,2,3,1,17,1,1,1,17,7,1,1,1,1,2,7,12,1,37,1,1,1,1,14,14,13,7,1,1,22,12,1,1,9,1,17,2,1,18,1,1,18,6,1,1,1,1,8,20,1,12,1,25,16,10,1,12,1,1,17,1,12,18,11,1,1,1,15,31,32,1,2,1,1,1,1,21,9,15,1,14,1,10,7,1,13,1,3,1,13,2,11,10,2,8,1,1,13,1,1,1,43,9,33,1,9,16,1,14,8,11,7,12,8,20,1,9,13,7,2,1,17,1,28,1,2,7,1,1,1,9,17,15,7,18,11,1,8,1,1,1,11,1,8,1,1,1,5,1,8,14,1,1,8,1,25,12,1,1,13,1,13,12,1,4,7,10,1,27,20,12,11,10,1,10,15,1,6,1,1,13,1,32,15,15,14,3,1,4,1,1,12,1,9,6,14,2,1,2,16,1,1,1,1,1,1,18,5,9,10,9,1,1,1,10,1,4,12,1,1,9,1,5,17,11,18,21,8,1,1,1,8,9,12,1,2,13,10,21,2,1,3,1,1,13,16,12,13,9,2,4,1,14,1,17,2,16,10,15,11,5,10,1,9,1,1,1,1,1,1,21,1,1,1,1,1,1,1,13,15,1,11,17,1,1,20,14,14,22,16,1,18,1,1,13,12,14,1,14,1,1,4,5,1,1,11,1,1,12,3,1,12,12,16,1,1,3,1,1,12,14,6,1,4,15,1,1,6,1,1,20,7,1,12,1,1,1,1,1,5,1,23,1,1,15,17,5,1,1,239,14,1,16,13,1,1,12,3,1,12,1,3,7,12,18,1,3,4,16,19,1,1,12,19,1,1,10,1,17,1,46,1,15,1,1,14,1,1,5,12,1,1,15,12,8,19,24,1,14,17,12,14,1,1,1,12,1,1,1,13,1,13,1,10,1,1,1,10,17,11,31,1,1,8,13,1,1,20,12,1,4,1,1,15,11,33,10,1,11,20,1,1,1,9,11,1,7,10,3,1,1,17,1,20,5,1,13,1,15,14,1,1,8,1,10,12,1,8,1,2,14,1,1,15,1,19,20,1,1,1,16,1,5,16,15,1,1,1,1,1,1,1,12,22,19,15,1,1,18,15,9,1,1,1,1,10,1,30,16,1,1,15,1,1,11,8,1,12,10,318,1,1,1,12,8,1,20,22,1,1,1,14,15,1,1,16,9,1,7,15,17,8,1,5,1,1,17,1,1,13,8,1,1,8,1,71,10,19,4,38,1,1,1,10,1,26,1,107,29,1,6,9,1,19,1,11,1,15,17,2,1,12,1,1,1,16,1,6,11,1,1,6,9,1,16,1,2,1,11,1,1,1,14,1,1,1,1,17,1,1,1,1,1,1,13,24,17,5,1,1,1,1,1,15,15,1,1,1,2,1,1,1,14,14,12,1,1,1,1,1,2,1,1,1,5,1,11,3,1,1,8,1,1,1,1,1,7,1,18,8,1,1,1,15,1,1,1,40,1,1,1,11,1,3,1,16,1,17,1,1,8,1,2,8,15,1,5,8,5,6,9,7,1,1,1,21,1,1,1,11,1,11,16,1,2,1,1,16,1,1,3,1,1,1,1,11,20,5,1,1,1,1,7,1,11,19,15,15,12,1,1,1,1,1,3,15,15,1,1,7,12,1,1,54,26,13,18,1,15,77,1,1,11,7,1,13,1,10,6,10,21,8,1,1,11,22,18,1,13,1,10,1,1,10,11,1,1,8,1,1,8,1,1,19,2,2,1,6,13,1,1,1,1,1,15,1,1,1,1,1,11,1,1,11,27,1,2,9,1,10,1,1,8,15,12,1,15,1,8,1,12,1,6,1,7,1,1,1,1,1,1,18,4,11,1,1,10,1,1,8,12,1,14,4,2,8,1,10,50,1,17,2,1,1,1,11,1,3,1,18,5,6,1,1,13,1,5,60,9,1,1,1,10,7,1,1,1,15,1,1,1,1,1,1,10,14,1,1,1,65,1,20,11,10,1,1,7,1,6,2,1,18,110,15,9,1,1,1,9,1,1,1,9,1,1,8,13,11,1,1,14,15,1,1,10,1,1,11,1,1,16,12,1,1,8,1,1,9,1,1,12,1,1,9,1,1,1,4,22,1,1,1,1,8,11,1,15,1,1,9,1,1,1,1,14,2,1,2,13,1,1,65,1,21,1,1,1,17,1,11,12,14,1,1,1,12,11,13,14,1,1,1,1,10,1,1,8,1,40,1,1,1,13,1,1,8,1,2,9,1,10,70,23,11,16,1,1,1,1,1,5,7,1,13,1,1,14,1,13,14,25,1,1,1,3,1,1,10,11,13,7,1,1,3,1,17,1,6,1,19,19,1,1,1,12,12,17,1,1,1,9,12,1,1,13,1,1,1,1,17,18,19,2,18,1,283,1,1,9,14,1,1,5,2,1,1,1,1,1,11,1,8,5,13,10,8,1,1,1,14,18,14,1,1,1,1,1,11,92,7,1,10,81,17,27,1,1,1,3,2,15,4,1,8,1,1,6,1,1,1,1,1,1,4,1,1,13,9,1,21,16,1,15,11,15,1,46,1,1,1,1,1,1,12,9,1,1,1,19,20,13,13,2,13,1,7,14,15,11,8,1,14,1,19,17,1,1,6,17,1,1,1,1,15,1,1,1,1,7,1,8,17,10,1,13,1,9,6,14,9,1,1,1,15,1,16,1,1,9,1,1,10,1,14,1,11,1,6,11,1,11,10,1,1,17,1,1,1,4,11,14,2,9,1,7,11,48,1,12,1,1,4,8,9,1,9,1,14,1,1,13,11,1,1,13,2,6,11,1,12,10,1,8,1,1,7,1,1,1,1,13,11,17,1,1,9,1,12,12,13,20,1,2,1,10,1,7,1,1,12,1,1,23,1,12,15,1,11,3,15,19,3,8,18,11,16,1,1,1,4,15,6,8,1,1,1,9,1,14,1,1,14,10,16,1,1,11,1,1,13,18,1,7,14,1,1,17,1,1,1,8,21,14,7,9,1,1,19,1,15,1,12,1,13,1,1,1,13,8,1,10,10,9,15,12,6,1,11,13,19,9,14,16,1,1,9,1,12,13,1,3,1,1,1,3,7,12,1,18,14,1,1,1,13,40,1,10,10,1,16,1,11,1,11,1,15,11,1,65,13,11,1,1,10,568,1,11,1,18,1,1,118,1,19,12,17,14,1,16,12,1,1,9,1,1,1,1,12,1,12,1,8,1,19,12,10,1,1,1,1,1,1,1,1,14,18,1,1,1,9,20,10,1,13,16,14,18,11,1,1,1,8,1,11,19,1,1,1,8,21,1,11,1,17,10,1,9,13,1,12,22,1,1,1,1,1,16,8,9,2,1,16,19,11,18,1,10,7,1,1,3,8,10,1,19,18,9,1,1,6,5,12,1,1,1,1,1,1,12,1,6,8,11,1,12,10,73,1,1,1,16,1,1,12,11,20,8,1,15,22,1,12,20,33,1,20,1,10,1,15,1,2,16,1,18,20,1,23,1,7,1,1,1,1,1,3,1,1,12,11,22,18,12,10,9,1,6626,1,2,1,20,1,1,14,12,1,8,1,1,1,1,1,1,17,1,17,12,1,15,10,8,2,13,1,12,1,1,4,1,1,1,1,17,9,1,1,14,10,1,1,11,14,1,10,16,13,1,1,10,1,1,13,4,1,1,1,1,8,9,1,40,10,1,4,19,1,1,9,1,1,1,18,16,1,8,14,1,6,1,14,1,6,8,1,4,1,1,13,1,1,1,1,2,22,1,1,5,46,1,4,1,1,1,1,12,6,10,2,10,1,1,12,12,1,16,12,1,19,10,15,1,7,1,1,26,14,15,9,1,16,12,1,13,1,1,8,1,1,1,16,22,1,1,1,1,2,1,15,153,12,1,7,2,8,1,1,7,13,7,1,9,1,1,1,67,1,22,12,1,8,1,38,17,1,1,1,1,1,15,1,1,1,13,13,12,1,1,16,1,1,1,1,1,14,1,13,6,1,1,12,8,4,1,8,1,1,1,1,1,1,14,14,1,3,9,1,14,7,1,13,9,1,13,5,1,1,15,14,1,1,3,8,1,8,1,1,56,4,15,6,1,14,1,1,1,1,1,1,1,1,1,6,1,1,1,10,1,5,18,26,1,18,11,1,15,1,9,2,1,12,1,1,1,1,1,4,11,1,1,5,1,1,1,7,1,5,10,1,5,1,14,1,15,1,1,29,17,16,1,1,1,12,10,15,10,18,1,7,1,1,7,40,12,1,1,14,7,1,8,1,1,3,94,12,1,1,20,1,39,17,1,13,1,21,13,1,11,2,1,1,1,2,1,1,1,1,17,1,17,1,62,16,6,16,1,1,1,1,15,1,11,1,1,30,1,6,11,10,1,1,1,461,1,1,1,1,17,1,1,1,12,2,7,4,63,1,16,1,1,1,43,12,11,1,1,17,10,1,1,14,1,19,2,18,1,1,1,7,1,11,1,4,17,9,20,8,1,9,1,1,1,11,20,1,1,1,1,1,1,19,16,1,13,1,21,1,1,1,1,13,10,2,41,10,1,7,9,1,13,15,1,18,1,1,1,1,21,1,15,16,22,14,17,10,8,1,15,8,14,1,1,14,1,14,7,1,1,9,12,10,9,1,1,1,1,1,17,14,10,1,1,1,7,1,1,1,13,13,5,1,14,2,12,10,2,59,11,1,1,1,9,1,2,11,1,1,14,9,1,11,1,1,1,13,6,633,1,3,1,5,11,11,16,1,12,2,1,1,1,1,1,13,1,1,10,10,1,1,1,11,3,1,1,8,1,1,17,1,13,1,69,1,1,11,1,11,13,1,1,1,1,10,1,5,13,1,15,12,1,1,4,16,8,1,1,135,9,16,9,13,1,1,185,18,1,11,4,13,1,1,1,11,1,12,1,1,1,7,18,1,1,14,1,2,1,1,1,12,1,14,18,9,12,10,1,1,2,1,10,1,1,11,8,1,11,1,11,1,14,14,1,1,26,5,12,1,8,1,20,1,1,1,5,11,1,14,10,1,2,1,13,1,11,13,1,1,10,1,11,1,20,8,1,19,1,11,9,15,9,1,9,1,10,1,1,16,16,44,13,9,1,10,4,1,6,1,12,1,2,12,19,21,1,8,1,16,19,5,9,1,16,10,15,7,1,20,6,19,1,1,22,10,7,1,1,1,11,1,1,31,1,9,1,21,1,1,3,18,1,9,14,10,1,14,1,1,14,19,14,2,1,1,1,28,12,1,17,8,7,10,6,15,16,9,1,12,1,1,13,16,14,1,8,1,8,1,30,1,1,6,1,1,16,7,11,7,12,1,12,1,24,12,1,1,1,12,1,1,1,13,1,11,1,10,1,1,1,1,1,18,1,1,16,1,14,12,17,71,14,9,1,1,13,1,1,1,1,8,1,1,6,14,13,18,1,10,8,1,1,12,16,1,1,1,1,1,15,10,13,1,14,1,1,2,22,11,14,1,3,1,15,17,1,1,1,1,1,11,10,15,10,1,7,15,1,1,1,1,5,1,1,1,10,1,9,1,10,1,261,1,16,1,15,13,1,1,18,1,1,11,1,9,1,1,1,6,1,1,1,16,1,9,1,10,1,10,1,1,10,16,12,4,1,14,1,1,1,11,1,12,1,1,1,1,11,11,11,18,1,1,1,3,10,1,1,2,1,1,11,1,3,1,10,13,9,1,8,20,16,14,12,1,10,2,1,14,1,12,11,4,2,1,1,1,23,9,23,1,15,1,1,7,6,1,1,1,1,9,10,2,1,10,16,12,13,9,1,4,11,1,1,1,1,18,10,12,13,1,15,5,12,1,1,1,12,11,14,2,1,16,1,8,1,16,1,1,1,9,10,1,10,1,7,15,10,1,16,9,1,1,1,1,4,1,24,20,1,11,7,1,13,1,35,1,16,1,1,1,6,6,40,1,1,1,1,14,26,1,13,1,17,1,1,3,22,12,1,1,13,1,2,14,11,1,18,1,1,11,1,20,17,1,1,6,1,1,1,10,1,13,11,1,104,17,1,1,11,1,24,20,1,14,1,12,1,11,1,6,2,17,1,15,11,12,1,15,21,8,1,13,15,12,6,9,8,12,6,11,1,13,13,13,1,1,1,13,1,7,1,5,13,18,1,8,1,1,11,12,1,10,9,92,1,1,1,13,1,1,1,1,1,9,1,5,11,1,11,1,10,12,1,10,10,15,9,9,6,1,12,1,1,1,1,1,11,1,1,1,3,1,1,1,1,1,15,1,18,19,3,14,6,1,1,1,12,1,1,17,1,16,9,13,13,19,1,1,1,13,1,29,1,1,17,1,8,11,2,13,1,1,1,1,1,15,11,1,12,1,1,1,9,14,1,13,6,2,16,1,21,15,1,1,1,11,11,12,5,4,20,1,1,7,10,16,7,17,2,1,1,1,11,1,17,5,1,1,1,1,1,3,13,1,2,1,1,1,10,15,1,1,1,1,37,16,1,3,16,1,1,12,1,1,7,19,10,11,13,4,12,1,7,1,1,15,1,1,14,18,20,1,10,14,1,1,11,6,6,9,21,19,30,5,1,1,1,1,1,1,1,1,1,1,15,1,1,10,1,1,1,1,17,1,2,23,1,1,1,5,1,1,1,10,1,7,18,9,13,1,9,1,1,1,4,1,1,1,11,1,2,13,14,1,13,5,15,7,1,9,3,1,2,2,1,3,1,1,5,12,1,1,9,1,16,1,1,22,9,1,13,9,12,5,1,19,13,1,1,7,14,13,1,1,1,2,1,12,16,11,16,1,8,73,1,1,14,1,1,1,18,8,1,1,2,1,1,1,10,8,1,2,1,25,14,1,1,14,1,1,1,6,1,11,1,14,12,1,15,16,18,1,13,15,15,1,10,1,12,15,1,9,89,4,13,1,1,1,7,2,20,1,1,1,1,10,1,4,1,12,1,1,1,1,1,1,1,1,1,1,1,13,20,11,8,11,8,12,12,10,1,1,1,1,11,1,1,1,1,28,9,1,1,1,15,1,2,1,15,1,17,1,1,13,1,1,1,22,27,13,24,9,2,5,13,1,8,1,1,2,5,1,1,1,19,1,16,10,2,1,1,8,12,8,21,1,1,15,1,17,15,1,14,1,7,1,8,1,1,1,1,12,1,14,1,15,7,1,79,23,6,1,1,7,1,34,8,11,8,22,14,13,1,1,1,1,1,12,1,18,8,8,4,1,1,11,1,1,12,18,1,16,8,27,1,1,11,11,1,14,1,19,18,8,1,5,13,11,22,27,11,8,11,50,10,13,1,9,12,7,10,1,17,1,13,1,9,9,1,12,14,13,11,13,43,14,1,1,11,1,11,7,1,2,1,25,1,1,1,1,1,5,15,1,20,3,18,1,8,8,1,1,1,1,14,8,1,11,11,14,2,1,1,1,9,1,1,1,8,1,1,10,1,7,1,1,13,1,1,1,6,5,1,22,8,1,1,16,10,16,1,10,91,17,1,8,1,1,16,9,9,1,1,1,15,16,9,1,11,1,1,17,1,12,13,13,1,8,17,1,1,9,1,13,16,1,1,1,9,93,1,1,15,16,1,7,1,1,19,1,58,9,65,1,1,10,17,7,1,12,1,20,1,1,1,12,1,1,14,1,1,11,15,12,1,1,1,1,1,1,1,1,5,12,9,7,1,1,24,1,8,1,1,1,14,21,8,1,1,1,1,14,1,1,1,1,17,12,16,1,15,17,1,1,18,1,5,1,2,1,1,1,1,1,5,1,1,1,14,14,1,1,1,1,1,1,17,1,7,1,6,9,1,1,9,1,12,1,9,7,16,1,20,4,1,8,16,6,9,1,1,1,8,1,1,1,9,9,27,13,12,14,6,1,10,1,22,1,19,7,1,5,7,1,1,1,1,17,13,1,15,1,9,1,2,10,8,2,1,1,1,1,9,1,1,9,1,1,18,1,3,1,1,1,1,15,1,17,1,1,1,1,4,14,1,12,13,38,1,1,15,1,11,5,12,12,16,1,16,17,17,1,1,1,1,2,1,1,2,1,17,11,1,1,1,1,8,20,1,11,13,1,1,11,7,13,1,1,1,36,14,9,1,18,1,1,12,1,2,1,1,26,14,1,7,1,12,1,26,48,1,9,1,1,1,12,1,7,1,16,13,17,17,1,2,9,1,24,1,1,1,1,1,16,2,19,1,18,18,7,5,9,1,1,12,1,1,8,8,15,12,7,15,13,12,1,9,1,5,1,19,1,7,1,17,9,1,9,6,12,15,4,14,2,8,15,1,1,1,1,1,13,1,1,1,1,95,19,1,1,1,1,1,14,1,1,11,2,1,1,20,1,1,1,4,1,1,19,1,1,16,16,1,1,15,15,18,13,17,9,1,1,1,17,19,1,9,11,10,15,2,1,4,16,10,1,13,2,1,1,11,10,16,1,1,1,1,1,14,11,3,1,17,1,19,15,18,18,12,1,7,1,1,15,1,9,7,12,1,1,1,11,1,6,1,11,1,11,13,8,13,17,1,1,22,1,9,11,1,15,14,16,7,1,1,10,1,1,1,1,35,1,6,1,4,16,1,19,1,1,3,1,16,9,1,1,1,1,1,3,1,2,1,1,1,14,15,1,9,19,14,10,1,12,1,2,1,1,12,1,10,13,1,1,9,2,12,1,12,1,12,1,14,1,14,36,8,12,9,1,8,12,7,1,1,21,1,1,17,10,1,1,30,93,1,13,1,1,8,1,3,1,17,1,11,1,14,10,1,1,1,14,1,11,1,14,1,1,1,1,1,1,10,15,1,1,3,1,1,17,26,1,18,13,19,15,1,1,16,6,1,1,2,1,1,1,1,10,1,5,1,1,1,11,1,1,5,1,1,13,12,1,87,1,1,17,6,1,1,1,1,1,1,1,11,1,1,9,1,1,1,1,1,1,10,15,1,16,10,5,1,1,1,1,1,1,5,14,15,1,1,26,1,1,1,16,19,1,4,8,7,1,1,1,1,17,11,1,17,15,1,1,23,15,13,22,6,15,1,12,1,10,1,11,1,1,1,1,17,1,5,2,2,9,12,18,1,2,12,1,11,20,1,11,1,2,11,7,1,1,1,17,1,1,2,1,7,1,21,1,8,1,2,1,18,13,18,1,1,1,1,13,1,1,1,1,2,17,11,28,8,1,1,1,11,1,15,1,1,1,1,1,1,1,8,9,2,3,10,1,14,17,1,17,10,1,22,4,1,1,1,14,9,1,1,13,8,15,16,1,1,2,1,1,1,1,1,1,3,8,1,14,15,1,2,5,9,1,1,1,3,1,1,1,18,1,1,1,13,8,1,16,1,1,15,1,1,8,1,1,99,31,1,1,1,10,1,6,12,13,1,10,1,1,15,1,1,67,15,18,1,1,20,1,13,3,14,11,8,12,1,9,14,1,8,1,14,6,9,13,10,2,2,10,1,1,1,3,1,1,11,6,1,1,19,19,3,1,11,10,16,1,1,1,11,1,10,13,1,10,15,1,2,1,1,1,1,1,20,29,1,1,17,9,17,1,6,1,1,11,11,9,1,11,1,18,14,1,17,34,19,4,16,15,1,1,1,3,1,1,1,11,18,1,1,4,1,1,13,17,20,1,15,21,9,23,1,16,9,8,7,16,1,3,1,11,11,1,1,12,1,1,9,6,13,1,1,1,1,10,11,1,1,1,18,3,20,13,1,20,1,11,1,1,1,13,6,54,1,8,26,3,9,1,1,19,12,8,15,18,12,1,1,1,75,1,1,1,13,1,19,16,15,4,1,1,7,14,1,18,11,50,1,13,1,1,1,1,1,1,1,1,12,19,13,10,20,1,19,24,13,1,12,14,1,1,11,11,1,1,6,1,8,1,1,1,12,1,12,16,1,5,6,1,1,17,1,1,12,13,7,1,1,1,1,1,13,1,1,11,14,18,10,12,12,1,56,26,1,1,8,13,8,1,11,8,4,16,7,1,1,1,12,13,10,11,16,1,1,13,10,6,16,1,7,6,1,1,8,1,14,22,1,1,1,12,64,12,1,13,9,1,17,1,3,12,1,18,1,55,1,9,12,16,1,1,234,11,12,1,1,14,17,10,21,1,1,1,5,1,1,1,1,1,16,1,1,1,1,16,1,1,1,1,1,10,14,1,2,1,11,1,16,10,1,13,1,17,15,13,1,1,1,17,1,1,1,9,14,12,1,1,1,14,8,9,22,1,1,5,6,1,1,49,21,1,12,11,10,10,16,17,18,12,13,1,10,1,13,1,1,6,1,1,1,1,15,13,9,1,10,19,3,1,149,17,1,3,8,10,20,1,7,1,1,15,8,4,1,12,1,1,1,12,1,1,27,1,13,1,1,1,1,15,9,1,5,1,8,1,18,1,9,15,12,11,9,26,1,11,12,1,1,1,20,9,12,1,17,10,12,9,1,1,18,1,13,14,1,14,1,1,1,1,1,10,17,4,15,1,1,1,1,8,1,15,21,1,9,1,15,1,1,1,14,1,1,8,1,13,1,21,1,1,1,1,1,3,1,1,1,83,1,1,12,7,1,1,1,1,1,1,5,12,12,1,18,13,1,1,10,10,7,17,1,7,13,13,1,1,1,12,18,16,6,1,1,14,1,10,1,4,5,1,1,13,1,1,1,1,1,1,1,1,31,9,1,1,12,1,8,1,1,4,1,20,1,1,1,14,1,18,1,20,1,1,17,12,1,1,13,1,1,16,1,1,1,7,12,10,1,1,1,16,1,12,2,11,1,1,13,1,11,1,11,1,1,1,1,1,1,9,11,12,1,1,1,21,1,14,10,11,14,1,6,13,6,1,1,1,1,11,1,10,1,6,11,12,1,3,10,1,21,12,6,1,7,9,12,8,1,6,1,12,8,22,19,16,1,8,1,9,1,1,17,1,2,10,1,7,1,1,17,1,11,20,10,18,15,1,1,1,18,1,6,8,13,1,48,1,12,1,1,1,21,5,1,50,5,9,15,1,6,1,6,5,1,1,26,13,1,11,1,10,28,1,1,17,17,7,17,20,16,18,12,13,17,1,18,13,7,1,7,10,5,14,76,1,1,1,10,6,1,1,5,10,2,10,1,1,4,15,1,1,18,3,1,1,12,1,1,1,7,21,1,1,1,1,1,13,18,1,16,1,1,1,16,14,1,1,2,1,1,9,1,1,14,1,14,1,1,1,1,1,20,1,10,1,1,1,10,11,12,1,1,9,1,4,1,1,14,1,11,12,1,25,1,1,10,15,14,1,10,13,11,1,4,1,13,5,11,9,1,1,1,9,13,1,2,13,1,1,11,12,7,1,1,17,1,20,1,16,12,16,1,12,10,1,6,1,17,25,14,4,1,1,20,1,16,2,1,14,1,1,12,16,6,1,9,1,1,15,1,20,12,17,15,16,1,1,1,22,11,1,10,1,14,1,1,19,10,16,4,1,12,2,1,1,1,1,1,1,1,3,18,2,1,11,8,15,1,1,15,16,1,8,1,1,5,1,13,1,9,1,15,1,9,1,1,1,12,4,7,14,22,1,14,1,1,15,1,1,1,14,13,1,11,1,1,1,83,13,1,17,1,1,6,11,1,11,1,1,1,1,12,11,11,1,10,15,6,11,1,1,1,11,1,10,1,1,10,1,15,6,1,1,1,1,15,1,13,1,11,17,5,1,1,8,16,1,14,1,1,10,11,1,10,1,9,17,1,1,1,1,5,9,1,14,127,1,1,1,10,1,1,16,1,12,1,10,22,32,1,2,1,18,16,1,1,10,1,15,2,18,1,1,1,2,17,10,1,13,16,10,1,18,14,15,1,13,21,9,1,17,4,31,1,18,1,20,1,14,18,14,40,12,11,1,12,9,8,1,16,16,17,11,18,13,1,1,24,3,1,27,8,15,1,17,8,10,19,11,9,22,1,1,10,9,1,11,9,1,1,1,2,1,9,1,1,12,20,10,14,1,13,1,6,1,1,1,12,1,15,1,17,1,1,15,1,1,1,11,1,10,6,1,1,1,1,22,13,2,11,1,8,1,1,1,18,1,15,14,1,1,9,14,1,15,1,1,18,1,12,12,12,1,1,13,13,3,21,1,1,1,1,24,1,10,1,13,7,1,1,2,9,9,1,1,13,27,13,1,9,20,1,1,6,12,1,1,19,1,1,1,1,3,1,11,1,1,16,1,1,1,10,1,1,1,7,1,2,1,1,16,1,20,14,11,17,44,1,1,11,8,8,11,12,1,1,1,20,16,1,1,1,1,1,1,1,23,1,1,13,5,1,17,5,18,1,7,7,6,1,22,12,16,1,15,10,12,1,1,1,11,11,1,9,1,1,29,1,2,17,24,8,1,1,1,1,7,10,15,19,1,4,8,9,1,1,2,1,1,1,11,1,1,1,24,11,1,1,1,17,4,15,1,15,1,1,1,20,2,15,5,1,1,1,1,2,11,13,1,1,14,1,54,1,14,13,16,20,13,1,1,1,1,2,11,3,11,1,8,8,14,1,1,1,16,15,1,1,20,1,1,1,18,8,6,9,1,13,1,27,1,13,2,1,11,1,11,43,12,1,1,6,1,1,1,16,1,1,1,19,1,12,17,10,1,27,1,1,7,18,1,8,21,13,11,12,1,1,1,1,1,1,20,1,6,22,20,10,15,13,1,1,1,20,1,1,15,1,11,12,8,1,1,1,1,1,1,1,5,1,1,1,1,7,13,1,13,19,15,10,1,16,1,1,5,1,1,1,1,16,10,14,1,18,1,16,17,1,1,1,9,8,1,1,14,10,19,1,1,1,1,1,9,1,1,20,1,1,1,10,1,1,10,13,14,1,14,13,30,8,15,1,1,10,1,1,1,1,1,16,9,1,8,1,1,10,10,1,74,1,4,9,1,13,1,1,9,13,1,17,1,13,11,10,1,3,1,8,1,15,7,18,8,13,13,1,1,1,9,1,1,1,15,1,13,11,1,1,1,1,11,11,1,11,21,16,17,1,12,1,12,5,1,2,16,1,9,18,18,13,1,20,18,1904,1,1,13,1,1,14,1,12,1,12,1,1,1,20,1,1,21,1,11,1,1,5,13,6,1,6,1,1,34,4,11,1,15,3,3,1,12,1,8,7,1,13,11,17,8,1,12,19,9,1,7,1,21,19,1,8,1,16,12,1,1,11,13,1,1,11,9,11,26,22,7,4,1,1,8,18,1,42,1,11,7,14,18,45,1,13,1,1,1,3,7,13,10,1,12,1,11,8,1,18,1,1,109,1,1,10,15,13,20,1,14,1,1,22,1,5,1,1,7,10,1,9,1,13,1,1,5,1,1,17,1,16,1,1,3,1,1,1,8,16,13,14,9,2,21,1,21,13,18,1,13,1,15,1,2,5,1,6,18,1,1,9,8,14,23,1,13,1,1,1,16,7,20,12,1,1,1,2,17,1,1,1,8,11,1,1,1,1,77,4,11,10,1,38,11,1,1,3,2,12,8,15,1,11,13,13,2,17,14,1,1,7,1,16,12,2,2,13,16,13,1,1,13,9,1,17,1,1,3,3,1,1,1,13,1,1,14,1,17,14,1,13,15,2,9,17,1,1,14,12,24,11,11,1,7,1,1,1,14,19,1,1,1,15,13,7,9,1,11,1,1,1,1,12,1,12,1,1,1,1,42,17,15,1,1,1,1,7,16,1,1,1,11,15,11,1,11,1,1,10,1,6,1,10,9,14,23,1,1,7,1,10,1,1,11,13,1,5,25,1,193,1,1,23,6,14,3,12,15,10,17,1,16,15,2,2,1,6,1,1,8,22,7,6,1,12,17,56,1,23,1,1,1,10,8,15,1,1,13,12,1,9,21,1,1,17,11,1,17,14,10,16,1,1,12,1,1,1,12,15,10,10,9,1,14,1,9,7,1,18,10,1,6,19,26,1,1,1,14,37,1,9,16,2,1,8,13,14,1,13,6,6,10,9,6,1,1,1,1,8,13,9,1,10,16,33,17,1,1,7,17,1,9,10,18,1,1,1,4,1,1,10,15,1,1,12,14,1,16,17,16,11,5,4,15,16,1,8,3,12,12,15,1,15,11,1,13,1,10,12,15,7,13,13,19,16,12,8,12,52,23,1,10,7,1,10,13,5,24,17,14,22,1,1,1,7,1,326,19,12,1,1,14,1,1,19,15,1,1,1,1,14,5,8,1,10,1,13,48,1,1,16,1,15,1,9,1,1,1,9,1,1,1,1,1,21,1,7,2,1,1,1,19,14,3,1,1,1,1,18,1,11,1,12,17,3,12,1,13,1,1,1,1,1,1,1,1,1,1,1,1,17,1,8,4,14,1,1,1,15,1,9,1,12,16,1,1,12,14,10,1,4,14,10,12,1,1,13,13,19,14,12,1,1,13,14,23,1,2,1,1,15,6,11,10,11,1,1,1,2,1,1,17,15,1,1,1,2,18,1,88,20,1,11,1,6,12,1,11,10,1,1,1,5,9,8,11,7,9,1,1,1,1,21,12,12,1,16,1,16,1,1,1,5,1,2,14,1,14,11,10,1,9,3,1,22,1,12,1,101,12,15,3,1,1,9,1,13,1,1,1,8,9,1,1,1,19,9,1,1,1,10,2,12,12,19,1,1,15,58,18,14,1,12,1,1,1,1,8,1,1,1,1,13,1,12,1,1,1,14,10,1,5,1,16,11,1,1,14,1,4,12,1,29,1,1,15,1,14,1,15,1,1,1,1,1,11,5,14,1,8,1,17,29,2,8,1,9,18,1,31,1,7,15,11,8,1,1,2,1,7,1,1,10,9,5,14,1,5,1,1,15,12,14,14,1,14,10,6,1,15,1,3,1,2,11,1,12,1,9,15,1,9,1,11,20,1,1,15,4,1,202,1,1,1,1,14,1,6,9,6,1,1,1,99,1,1,1,20,15,14,1,13,1,1,1,1,1,1,10,1,1,1,12,1,9,18,94,9,1,1,2,1,1,1,15,1,1,15,1,1,1,1,15,7,15,1,28,1,15,19,15,11,17,1,5,12,8,13,11,16,1,4,1,1,7,5,7,427,16,33,1,16,1,9,1,1,13,13,1,1,1,1,1,18,1,10,1,14,1,6,14,1,1,11,16,17,1,15,5,1,1,1,5,10,15,13,12,1,1,6,1,4,4,13,14,15,17,1,12,1,1,1,1,1,20,96,1,1,10,12,1,2,29,7,16,1,1,6,1,12,1,4,4,1,24,1,5,18,1,1,1,1,1,12,17,1,15,5,16,11,1,1,1,1,11,9,14,11,7,5,1,6,10,1,17,1,1,1,9,1,9,14,1,1,1,1,1,1,6,13,15,1,1,1,15,1,14,6,11,11,1,1,1,17,11,15,1,8,27,1,1,1,1,1,8,16,1,18,6,1,48,25,1,1,1,20,1,1,9,2,1,9,1,1,18,8,11,1,5,1,2,15,10,13,13,17,1,16,2,12,17,1,17,105,11,8,10,1,12,1,14,1,8,9,1,1,1,1,26,10,1,1,9,10,25,1,16,1,15,15,16,1,1,13,12,1,8,1,140,19,9,1,12,2,1,11,12,19,1,5,10,1,12,11,10,1,1,1,1,1,1,1,1,5,16,9,22,11,6,1,6,19,1,1,9,1,17,17,10,14,4,11,1,10,7,6,8,6,1,13,10,11,13,12,1,1,1,1,21,1,1,16,1,1,1,13,15,16,1,1,12,1,1,12,14,11,12,11,1,9,9,8,11,16,1,14,1,1,182,1,12,1,10,1,19,1,10,1,6,12,1,1,1,2,1,1,1,9,13,13,1,10,14,1,15,1,1,1,2,13,1,1,1,32,1,1,9,10,1,1,1,1,14,1,1,13,10,1,1,12,1,17,2,16,1,1,1,40,7,21,6,1,1,1,1,13,1,14,13,1,1,1,13,13,10,1,1,1,10,10,1,17,8,1,1,34,16,1,8,1,11,8,15,11,25,1,2,1,14,1,2,12,1,1,1,54,8,1,4,1,1,1,1,1,1,1,1,1,1,21,1,10,1,12,16,11,8,1,1,5,4,18,1,11,11,16,13,5,2,9,8,2,2,14,1,13,15,30,3,1,6,14,12,5,1,1,1,1,36,7,1,1,12,1,1,10,1,121,9,1,22,2,1,13,1,13,7,21,1,16,10,8,1,13,11,1,12,1,1,10,19,1,1,1,1,12,6,13,9,7,10,1,1,14,15,7,20,9,1,1,1,8,14,13,12,1,1,1,21,1,20,1,1,1,13,9,1,7,1,7,1,1,12,1,20,1,14,1,1,1,10,298,1,1,1,11,1,1,11,15,10,1,1,13,1,8,9,1,5,12,1,30,18,1,1,13,1,1,22,1,1,2,13,1,1,1,14,1,1,1,1,1,10,9,13,1,18,1,1,1,22,1,10,1,9,2,10,1,18,2,1,1,14,9,1,1,1,1,11,6,12,14,12,11,16,18,9,3,1,13,1,12,1,16,1,7,18,1,2,8,35,12,1,1,14,1,3,8,8,12,1,9,1,49,15,5,1,13,12,9,1,16,16,2,14,1,10,1,1,1,35,5,5,1,19,13,1,1,1,16,16,8,1,17,14,14,13,1,12,1,15,1,1,5,7,12,1,6,1,1,16,10,1,1,1,2,1,1,1,13,6,16,19,23,10,5,1,18,42,1,1,11,1,10,15,1,14,10,11,1,15,1,2,1,1,1,1,9,23,5,11,8,6,1,1,1,8,17,13,1,9,1,9,18,16,10,20,17,1,13,1,1,16,7,1,3261,11,19,13,9,1,15,1,1,15,12,2,3,16,1,7,11,9,1,1,1,11,1,8,1,16,13,1,1,10,1,1,1,7,15,1,16,12,1,1,7,14,1,1,4,1,18,1,1,1,23,12,11,13,6,1,12,11,16,15,1,4,1,1,6,9,1,1,1,1,1,1,1,96,21,120,1,8,1,2,1,3,1,1,1,37,16,10,12,7,19,2,1,5,9,1,14,1,15,1,1,1,1,1,1,18,1,6,1,12,1,13,1,1,9,13,1,17,1,1,9,21,1,13,12,11,42,1,1,1,13,1,12,11,1,1,1,12,9,4,11,9,1,12,1,12,26,1,1,10,15,1,1,1,17,14,1,1,8,1,1,1,9,8,11,1,16,2,5,19,1,1,1,1,17,8,1,1,7,1,10,13,1,9,16,1,10,1,1,9,1,11,1,1,6,9,16,17,17,1,1,20,17,8,14,1,14,5,2,5,2,1,1,9,13,1,19,2,1,14,1,1,19,10,1,1,6,1,16,10,1,16,28,1,30,15,2,7,26,6,1,19,12,1,1,1,1,1,12,1,1,1,1,1,1,2,16,15,1,16,18,1,1,17,19,1,9,18,1,1,1,19,19,1,4,1,1,3,8,18,12,29,8,17,1,10,7,14,8,1,6,4,14,1,1,12,9,15,17,1,21,1,12,15,1,1,1,7,1,1,1,11,8,1,1,1,12,36,1,1,1,1,13,16,1,21,11,1,11,1,1,1,1,9,9,1,19,18,1,1,18,1,8,1,13,1,1,1,1,16,16,1,17,1,14,10,1,1,1,6,13,9,14,1,3,1,7,1,1,2,2,11,1,15,19,17,17,1,1,1,6,1,1,1,1,13,1,1,10,2,1,14,4,18,11,1,9,6,1,1,1,1,29,7,1,15,1,10,10,20,18,1,10,13,1,15,24,8,27,8,11,1,11,1,9,1,10,1,12,9,7,13,9,1,9,11,14,19,4,29,1,11,2,11,10,19,1,15,1,12,15,1,1,1,1,7,1,19,11,16,1,1,20,10,11,1,1,12,3,18,10,1,2,1,9,1,425,1,1,13,14,3,1,1,7,70,1,1,14,1,1,3,1,19,1,11,2,12,1,13,25,7,95,1,1,1,11,6,1,1,12,17,1,14,23,14,32,9,1,2,35,11,19,13,14,7,1,1,11,1,15,8,12,8,1,16,1,7,14,11,13,1,14,1,1,1,12,19,6,1,1,1,1,11,12,1,1,1,3,10,1,18,11,20,1,4,1,1,1,11,1,12,11,16,10,6,1,1,25,9,1,20,10,18,15,17,1,1,18,1,1,13,1,14,8,15,20,1,18,3,1,13,1,9,9,14,12,1,1,7,1,79,6,1,10,1,9,1,1,1,8,21,1,16,1,12,11,1,19,1,1,8,1,1,6,9,1,1,9,16,13,59,1,1,1,13,1,11,10,7,1,14,26,3,2,15,1,1,12,1,1,12,1,1,1,1,13,3,17,7,1,8,1,6,18,1,1,1,16,15,3,16,1,15,1,7,15,17,1,10,1,14,4,18,1,1,1,2,1,14,1,7,17,10,19,1,1,15,10,19,15,8,10,1,13,1,1,1,4,4,6,12,1,12,1,1,1,1,2,1,1,1,1,1,1,1,2,1,10,1,18,9,17,5,25,12,2,1,16,1,1,17,14,1,14,1,1,1,12,12,1,7,9,14,1,14,39,10,12,10,1,1,1,1,2,4,1,1,1,1,1,1,12,2,2,1,18,16,15,1,1,9,1,14,15,1,10,1,8,1,1,10,16,10,1,1,1,7,20,12,1,1,1,1,1,1,9,1,13,1,10,1,2,22,1,1,10,1,1,11,1,11,9,12,10,22,17,8,1,26,12,1,1,15,11,1,1,18,18,1,1,14,1,13,1,1,17,1,20,7,10,1,1,1,1,25,1,17,2,19,26,1,10,2,2,12,1,15,21,1,14,1,1,1,20,1,1,9,1,9,8,265,15,1,2,12,1,1,10,1,1,13,10,14,1,1,15,5,1,1,1,6,1,12,1,14,3,1,1,1,1,11,8,1,1,1,12,1,2,10,15,14,1,17,1,1,11,13,1,1,1,1,1,19,29,10,17,9,1,7,11,5,1,1,1,6,1,7,1,34,1,9,1,1,18,17,14,1,8,1,1,9,1,1,7,8,16,2,10,16,17,16,1,1,1,12,1,20,1,1,9,1,9,13,1,1,2,1,16,10,1,11,1,13,14,7,8,9,31,17,1,11,3,1,2,1,15,17,1,1,1,1,1,1,20,1,10,1,10,24,11,19,1,1,1,1,7,1,1,13,9,1,1,33,1,1,1,8,21,1,11,1,9,1,14,1,1,16,12,1,16,27,11,16,8,1,30,8,6,1,25,1,2,1,1,1,1,8,1,11,1,15,6,1,1,1,1,1,17,5,1,4,6,1,1,1,6,5,1,1,1,1,6,17,19,12,13,1,12,9,11,14,1,11,9,14,10,2,1,1,1,7,8,36,18,19,117,6,14,1,1,14,12,1,10,106,8,8,3,19,1,1,4,9,12,1,1,1,1,10,1,5,1,14,1,1,1,7,9,1,16,1,1,9,1,15,1,5,19,14,1,1,23,8,1,15,13,12,1,1,2,1,11,1,1,14,1,11,1,22,1,1,1,58,1,13,1,2,15,1,12,1,21,1,5,1,11,1,14,13,17,12,10,1,1,13,1,1,1,11,1,1,14,21,1,8,8,15,3,1,1,15,1,12,1,13,1,8,28,16,24,2,9,15,15,9,17,1,1,16,14,11,18,11,1,2,10,1,18,8,1,13,17,8,10,1,1,1,70,15,1,7,1,2,1,11,21,24,13,2,14,1,10,1,13,271,7,1,1,2,1,1,3,1,12,14,12,33,14,1,3,7,1,13,14,10,12,14,1,15,1,1,4,1,10,1,12,4,1,9,93,12,3,1,1,10,9,3,11,1,8,10,8,27,17,40,1,13,10,1,1,6,13,1,1,12,1,21,24,11,14,6,1,11,10,15,13,1,1,13,17,1,1,1,1,21,16,1,2,26,15,1,17,10,9,15,18,22,96,1,6,1,9,14,8,1,1,1,5,1,1,1,11,1,14,7,10,1,7,1,1,1,28,12,1,1,1,1,13,1,8,18,1,1,1,12,1,1,14,6,11,14,9,1,10,6,5,1,22,1,12,9,1,1,1,10,1,10,14,9,34,14,7,7,13,14,1,7,7,6,15,1,23,1,12,7,1,1,83,1,12,20,8,10,1,16,19,9,16,1,1,1,10,1,1,11,1,1,5,17,1,11,1,1,10,15,1,7,1,1,8,6,11,1,1,6,1,10,17,22,1,10,7,8,1,1,1,4,16,7,1,1,3,1,15,1,19,1,1,1,17,1,1,14,15,5,1,1,16,1,1,14,18,14,11,9,1,1,7,1,1,22,6,13,1,1,1,11,1,14,7,14,10,1,16,13,1,11,8,13,1,1,1,6,4,14,5,1,1,4,1,11,17,13,13,11,1,11,1,1,1,7,7,6,65,1,15,1,1,1,13,1,20,1,1,8,75,5,14,1,1,10,29,1,25,1,1,1,8,12,1,1,9,20,1,1,1,13,1,1,6,17,11,10,4,10,1,5,1,1,37,1,1,18,27,1,11,1,17,1,1,1,1,1,12,11,6,1,1,2,10,2,22,1,1,40,1,1,1,1,1,1,1,18,1,12,1,1,9,9,11,13,21,15,1,12,9,19,1,19,1,1,1,1,9,58,9,6,1,1,1,3,1,11,1,1,12,1,1,12,1,10,1,18,1,1,1,1,20,4,15,1,9,6,12,1,1,11,11,1,8,1,1,14,15,12,1,14,1,9,1,16,16,10,8,10,1,12,9,14,14,14,1,1,1,1,20,32,7,18,1,20,12,10,1,14,3,23,10,43,1,10,2,17,1,13,1,2,1,1,15,2,8,13,5,1,1,10,1,1,1,1,1,9,9,5,11,18,11,8,21,1,1,15,13,7,1,1,22,14,5,10,1,1,1,16,16,15,7,1,1,1,8,1,14,1,8,12,1,8,12,9,1,1,7,1,1,1,11,1,14,1,12,1,1,3,6,9,17,4,1,13,1,2,11,19,4,1,1,1,1,1,1,1,1,1,1,21,1,11,1,13,12,14,11,1,6,1,13,9,1,2,11,10,1,12,1,1,18,10,1,6,1,123,22,1,14,1,1,1,1,1,10,13,1,44,11,26,1,1,1,1,1,9,1,8,1,4,13,14,1,10,1,16,1,140,1,1,1,18,12,1,13,1,7,1,10,1,1,1,11,29,1,1,13,1,17,1,1,11,1,7,8,1,9,5,15,1,14,16,9,1,18,7,5,1,1,4,11,1,1,14,1,15,12,24,1,1,12,1,11,14,1,7,12,1,25,105,18,28,1,10,1,12,1,19,1,18,1,1,1,19,3,1,9,1,1,1,1,1,1,13,13,10,9,1,1,1,9,1,10,6,1,23,1,14,1,15,1,1,16,2,14,1,11,5,17,13,11,9,1,16,14,13,16,10,15,1,1,11,13,5,1,7,1,11,1,29,1,4,1,8,1,13,16,15,17,1,12,6,12,17,25,4,1,1,10,17,1,16,1,1,6,4,4,1,11,13,16,16,1,1,65,1,1,1,1,22,1,16,10,1,2,1,16,11,1,17,9,1,33,7,21,1,1,5,13,1,3,20,1,1,1,146,14,1,1,1,7,8,6,12,14,11,1,1,1,1,1,14,1,1,1,1,7,6,1,1,1,9,1,1,2,1,14,16,1,7,1,34,5,2124,12,18,12,11,12,1,11,8,1,1,14,1,9,1,11,7,1,7,1,22,1,1,12,8,1,1,1,1,14,1,3,1,10,18,1,1,1,1,12,8,22,20,1,1,1,1,6,10,1,1,9,17,10,3,5,7,15,1,1,10,10,24,11,14,10,1,1,16,1,1,1,3,8,1,1,8,1,10,1,1,14,7,10,14,9,11,1,1,1,1,11,15,13,21,1,18,21,12,1,1,12,17,1,1,12,13,1,2,9,11,8,1,10,13,1,1,11,18,1,1,19,14,8,1,20,18,1,16,1,14,22,7,8,25,12,3,21,1,11,1,14,7,2,1,15,14,5,6,17,1,1,1,1,1,1,1,1,1,1,1,18,6,12,21,8,1,10,18,1,13,11,15,1,10,1,1,1,9,5,1,1,1,11,17,1,21,1,15,14,23,10,15,1,1,10,4,10,10,2,24,9,16,1,1,5,1,1,9,11,3,1,1,1,17,1,12,1,5,1,11,11,1,1,1,1,1,4,17,1,8,7,19,3,14,1,15,14,11,1,7,22,1,15,52,1,15,13,13,1,11,2,3,14,10,1,1,14,1,1,1,1,1,10,1,1,12,1,16,12,18,1,9,1,1,1,1,12,8,13,2,1,14,10,6,1,16,12,1,1,1,1,1,1,20,1,46,1,1,1,1,14,16,7,18,1,1,1,1,5,25,16,1,1,15,13,16,10,1,1,3,12,18,14,1,1,18,1,1,9,1,13,15,1,19,16,1,19,1,18,5,16,17,2,11,22,5,1,19,15,10,2,14,17,9,15,14,1,1,14,1,1,9,1,10,65,1,1,1,9,17,26,2,1,15,16,6,1,17,13,1,10,1,8,16,8,9,6,1,12,1,5,13,9,10,9,18,11,11,1,3,38,12,6,14,1,8,5,10,9,9,14,1,2,10,2,1,1,1,18,1,1,5,1,13,11,1,17,19,15,9,20,1,13,5,10,1,1,2,1,6,1,25,1,20,12,1,1,14,15,1,11,6,1,1,8,4,1,25,1,1,15,1,11,1,2,1,25,13,20,4,1,12,1,1,12,14,1,17,7,16,1,1,1,1,1,17,13,1,1,15,9,11,1,1,1,1,21,1,14,5,1,10,16,11,2,2,8,7,14,9,1,1,11,1,1,1,1,1,1,2,1,1,1,2,11,1,1,12,19,1,1,5,1,13,1,1,7,11,10,1,15,8,1,16,17,18,1,1,1,12,10,19,7,1,1,1,1,1,1,9,1,1,1,21,10,1,96,15,1,1,1,8,8,22,5,15,6,1,310,1,22,1,1,17,1,12,1,7,10,17,16,2,1,1,10,1,11,18,5,1,7,17,1,1,1,7,19,23,1,1,19,9,1,1,13,16,9,9,1,1,1,9,1,18,43,1,15,1,1,9,1,1,1,1,14,1,15,1,14,1,1,17,2,1,1,10,1,1,15,1,6,1,13,5,1,15,14,1,3,11,1,12,1,1,1,1,14,5,13,10,7,1,11,21,15,1,1,1,11,13,6,17,1,1,1,8,7,17,1,16,12,1,1,1,11,20,1,8,22,8,1,5,1,10,1,1,1,15,1,10,12,7,10,15,13,11,17,10,22,1,9,1,4,28,1,12,1,1,9,30,1,1,1,25,1,12,1,15,1,1,11,12,1,8,9,1,17,6,14,14,1,1,12,12,1,1,1,15,3,1,1,1,29,1,1,1,1,1,1,29,1,1,1,1,6,10,10,1,1,9,1,4,9,7,1,1,12,1,11,1,1,8,12,70,11,1,1,20,6,2,1,8,8,1,1,9,13,11,10,13,1,11,14,1,1,1,1,1,17,10,17,14,1,1,14,1,8,1,1,1,19,1,11,13,1,9,8,34,11,1,1,1,7,39,15,1,14,1,1,17,15,1,1,1,11,1,15,20,23,1,1,1,3,1,78,1,8,5,5,17,1,7,1,14,12,15,10,1,1,1,13,1,1,9,7,1,12,1,5,1,1,1,19,1,1,13,1,18,1,1,8,16,1,11,21,19,11,12,18,27,11,1,5,1,1,1,18,17,11,1,6,13,9,1,9,24,1,8,13,2,1,15,1,1,1,1,12,18,1,1,12,16,1,16,13,23,15,1,1,1,15,12,2,1,1,1,1,18,1,14,6,31,1,1,1,1,1,9,1,1,1,13,14,5,1,1,1,1,5,1,1,14,1,15,1,2,16,5,1,11,1,15,5,1,1,1,1,6,1,8,11,18,5,1,1,2,1,36,1,10,6,6,1,1,1,1,13,8,1,1,1,7,15,13,9,16,4,1,10,1,1,1,8,1,1,15,1,1,1,9,7,15,1,1,9,1,21,1,13,1,9,12,24,1,21,1,10,1,18,11,1,10,1,8,1,1,1,10,4,17,18,17,16,1,18,12,18,14,1,1,1,1,13,21,15,1,1,2,1,16,18,7,12,15,14,1,10,1,1,1,7,1,1,1,10,21,13,13,12,1,14,17,11,16,24,1,1,22,12,1,11,1,79,10,1,17,15,8,18,1,10,12,10,13,20,1,1,1,13,14,10,6,1,1,10,14,12,1,1,1,1,1,7,1,9,1,22,1,8,1,1,1,11,15,19,1,1,11,13,1,1,14,1,9,8,1,10,14,1,1,1,3,9,1,9,1,1,11,1,1,9,21,20,1,1,1,14,1,17,7,1,14,1,9,10,1,16,13,15,14,7,6,17,1,1,15,11,17,16,1,6,18,1,3,12,15,16,1,1,1,1,81,5,1,13,62,7,12,1,1,1,9,9,1,1,8,3,1,1,18,6,1,13,8,31,9,1,1,5,1,7,1,31,1,1,7,3,10,1,15,2,1,1,1,6,5,11,20,1,13,17,1,7,19,379,1,9,11,13,1,38,19,1,8,1,18,20,11,1,11,1,14,17,25,10,12,87,6,1,1,11,12,4,1,1,1,1,15,10,2,11,12,1,13,1,18,7,1,10,12,5,1,1,2,1,12,8,1,1,1,1,1,16,2,16,1,1,1,1,21,15,1,1,11,17,1,1,4,1,1,1,11,6,5,1,15,1,10,9,13,36,19,9,14,10,1,1,5,1,6,1,11,1,28,1,10,15,1,1,1,1,1,1,17,1,11,1,1,5,1,1,1,26,1,13,1,4,10,19,14,1,1,1,1,13,10,6,1,10,1,1,1,17,17,1,2,31,85,21,21,1,1,1,10,1,12,29,1,1,8,1,12,11,4,15,3,1,1,79,1,9,16,10,15,1,1,19,13,8,27,17,16,14,1,1,15,1,18,14,17,14,6,1,10,1,15,1,1,1,9,1,1,1,2,11,14,1,11,12,83,1,12,11,1,1,20,6,1,1,12,1,1,7,1,1,1,14,9,2,1,25,1,1,1,10,1,10,1,17,11,8,13,3,1,2,1,15,1,1,10,1,1,13,1,15,1,1,12,1,11,1,1,1,9,1,16,10,1,11,7,13,8,1,15,20,1,21,10,14,15,1,1,19,10,15,1,21,10,6,1,1,1,7,14,1,1,1,11,12,23,1,1,9,57,1,17,15,1,14,1,24,1,25,18,1,1,1,19,12,11,1,9,20,1,10,1,14,1,1,1,1,13,4,16,1,1,1,1,13,13,7,9,1,5,11,1,1,1,1,1,1,2,1,1,1,26,13,1,1,1,15,22,1,1,6,1,1,1,1,17,1,11,1,17,1,1,14,1,9,1,10,1,12,28,2,7,6,74,1,10,1,1,1,10,8,10,1,1,1,13,9,8,14,10,1,1,22,12,1,1,1,1,11,15,1,1,9,1,1,15,1,2,12,1,9,15,10,1,1,15,11,109,9,15,8,1,16,21,1,9,18,13,10,1,12,1,14,1,10,1,1,15,1,1,1,1,1,11,1,1,1,1,16,8,1,1,8,2,14,14,17,1,1,9,1,1,1,27,2,20,1,11,1,13,9,1,1,1,1,8,1,9,5,9,12,13,1,5,1,1,1,1,10,1,16,13,1,18,12,1,1,1,1,8,1,9,1,7,11,2,10,1,11,1,9,15,1,1,7,11,1,12,13,20,20,1,13,1,19,22,1,1,8,5,10,9,1,8,15,1,1,16,1,1,1,4,1,1,1,10,14,8,4,8,11,1,12,14,12,14,1,10,12,2,12,1,1,20,16,1,8,20,1,5,1,4,12,2,1,7,13,8,1,19,1,1,27,1,1,13,1,19,9,15,12,10,1,11,3,1,8,14,10,1,11,1,6,1,14,10,9,2,6,16,11,20,1,1,1,12,1,20,10,1,10,5,1,1,8,9,2,1,1,1,1,15,3,9,1,9,1,1,12,9,9,18,16,6,1,1,1,11,1,2,1,1,9,11,16,1,1,15,17,1,13,1,9,2,17,1,1,12,35,1,19,1,15,1,1,1,1,11,2,1,1,1,8,18,10,1,1,11,1,18,13,1,1,19,1,15,1,12,1,1,1,1,17,19,7,1,1,14,1,1,1,9,12,1,1,1,23,17,1,1,9,4,12,11,1,10,1,22,12,13,16,15,12,11,1,1,12,1,1,1,2,1,11,12,10,1,1,1,1,2,1,16,1,17,1,1,1,7,1,9,18,7,1,1,8,1,1,1,1,5,4,1,12,1,1,1,1,1,1,5,1,1,6,1,25,1,9,3,1,10,1,13,10,1,14,1,22,13,3,13,7,8,2,1,1,11,16,1,12,1,17,1,1,20,16,1,1,1,1,12,9,16,23,1,40,17,10,1,1,10,13,1,1,29,13,10,13,1,18,1,1,11,1,16,15,9,6,1,1,1,9,11,1,1,10,1,14,1,13,15,1,1,2,8,3,16,1,12,16,1,12,14,6,10,1,5,1,9,1,16,1,1,1,1,1,4,13,1,6,1,16,14,1,10,20,18,10,21,6,1,1,7,15,19,12,1,1,1,10,12,1,8,13,7,16,19,1,1,1,18,22,12,15,16,17,13,1,1,1,14,1,1,1,1,16,18,14,5,16,17,2,5,21,10,26,1,1,19,1,17,9,1,1,2,15,9,1,12,1,1,15,9,1,1,6,1,1,6,14,6,1,19,1,13,9,1,1,23,1,14,11,1,13,24,1,10,2,1,7,1,2,1,1,12,8,1,1,114,13,1,1,13,1,15,1,1,1,19,13,16,1,4,1,9,13,8,9,33,9,13,3,5,1,1,1,13,4,4,6,59,1,1,7,1,1,8,1,1,13,13,16,27,1,10,1,8,1,1,6,9,12,1,1,13,1,1,1,1,10,1,17,1,6,9,1,7,1,1,12,9,1,1,1,14,10,1,13,14,14,2,10,10,1,1,1,12,1,8,10,8,1,1,22,15,16,10,1,1,1,11,1,2,9,1,10,1,1,1,11,10,11,7,5,10,1,9,11,9,1,87,1,7,7,14,1,2,11,14,1,15,14,1,1,11,1,16,16,1,1,1,10,1,1,5,1,1,4,1,13,23,1,16,1,15,1,1,6,15,1,12,19,1,1,1,8,18,1,1,1,5,21,1,1,1,20,1,6,15,1,14,39,1,13,2,1,11,1,1,11,1,13,1,11,9,1,1,5,3,9,17,1,1,1,1,1,12,8,1,12,9,8,1,7,12,17,1,8,1,1,1,1,1,8,12,1,10,1,13,1,1,30,1,1,3,2,14,5,1,1,10,14,1,13,7,1,1,1,6,14,1,1,11,1,1,15,1,1,8,16,1,1,7,1,14,1,9,15,17,1,1,23,1,1,17,1,1,12,1,19,1,1,1,1,1,1,1,1,8,1,1,2,1,1,2,1,1,14,1,1,8,8,9,1,14,21,1,1,1,15,14,1,1,1,1,1,5,1,67,1,24,3,17,1,1,1,7,14,1,10,1,1,94,2,1,15,1,1,1,18,1,1,4,1,1,1,1,12,1,1,1,1,12,1,16,1,1,1,1,10,1,8,15,14,1,15,16,1,1,13,1,1,1,1,10,1,10,6,1,18,8,1,74,14,1,1,1,1,7,9,12,8,1,1,1,2,24,1,1,7,1,1,14,1,1,1,1,16,1,1,14,16,13,11,13,16,1,1,6,1,1,1,8,17,20,22,1,7,1,13,15,1,1,1,9,13,1,20,1,1,2,1,11,24,1,1,1,17,1,1,4,1,1,7,1,9,12,13,1,13,6,1,15,4,4,7,1,11,1,20,20,1,7,3,1,13,15,1,8,8,18,10,11,1,11,13,13,1,15,1,1,1,10,17,11,13,2,1,16,13,19,1,4,1,12,1,20,13,1,1,1,1,1,10,12,68,1,17,1,74,17,15,12,10,11,11,2,5,1,5,10,1,1,1,1,11,11,1,1,1,16,6,15,1,11,1,1,6,1,1,1,11,1,17,13,10,26,1,17,23,1,17,12,1,1,7,14,6,1,1,10,1,7,1,1,1,3,1,18,1,1,1,17,1,84,10,6,1,31,20,16,88,13,1,12,1,6,1,14,10,1,7,1,14,10,1,18,1,1,1,15,1,1,1,6,1,1,1,1,1,13,34,1,1,3,1,12,28,21,21,14,10,16,13,1513,8,1,1,1,11,1,18,1,1,13,1,1,11,10,17,1,1,10,1,1,10,14,1,1,1,1,1,22,12,11,15,9,12,1,1,19,1,15,14,12,1,13,11,1,12,16,14,12,1,1,1,1,1,13,1,15,14,12,1,1,1,1,10,1,19,1,1,1,6,7,4,14,1,17,1,1,1,1,15,1,12,15,1,1,10,79,1,20,1,1,14,1,1,1,10,1,1,1,1,1,1,14,1,66,8,1,1,1,1,17,17,1,14,1,12,7,1,1,1,1,1,1,1,1,13,19,7,15,1,1,16,1,1,1,9,2,1,21,1,15,45,1,1,1,1,1,1,10,2,1,1,12,18,13,1,9,1,1,1,1,1,15,1,1,21,17,19,16,10,5,1,13,1,1,30,9,1,1,1,9,8,30,1,1,1,1,1,9,19,1,14,1,12,12,9,10,1,13,9,5,9,14,15,1,4,1,1,8,1,18,10,19,1,1,1,12,9,1,15,17,1,12,1,1,18,10,2,1,11,1,1,10,8,10,1,1,9,7,1,1,1,1,1,1,1,10,1,15,26,11,23,13,1,1,30,13,8,1,8,1,1,10,1,15,1,12,1,31,14,1,11,1,1,10,1,11,1,19,6,15,16,9,1,1,1,11,1,10,1,9,4,13,11,8,2,16,14,17,1,11,1,1,17,1,1,23,7,11,2,2,22,1,15,14,1,10,1,1,1,15,1,10,1,6,1,7,9,12,9,1,14,1,1,1,65,1,73,16,1,8,1,1,4,1,10,8,6,12,1,11,5,15,11,19,12,15,14,1,12,11,8,1,16,2,1,14,1,8,7,15,12,1,17,19,11,7,20,18,14,9,11,1,17,4,1,9,1,15,1,1,2,1,1,18,1,13,1,1,1,1,1,1,14,1,12,13,12,1,5,8,1,18,1,9,10,13,1,14,13,11,13,12,20,1290,1,17,2,9,1,1,18,1,350,9,1,1,1,13,17,8,10,9,1,7,25,1,13,15,1,35,1,15,16,11,9,8,1,12,1,9,1,1,1,10,1,6,18,10,17,1,1,1,25,20,1,17,25,1,13,16,1,1,1,1,14,7,21,1,1,18,1,19,1,1,7,1,4,16,1,9,3,1,13,12,13,2,1,1,18,17,15,1,14,21,1,1,17,3,1,90,1,1,14,8,7,11,1,8,1,9,12,9,7,1,10,2,1,12,14,1,1,1,12,21,1,14,1,1,15,1,1,1,1,1,1,1,15,19,1,1,45,16,1,9,1,1,14,13,1,1,1,1,1,1,1,3,15,15,17,1,11,10,5,17,13,1,10,1,1,10,14,12,12,1,1,17,1,1,1,10,1,22,1,8,1,16,1,22,16,3,1,12,13,10,1,19,12,12,15,13,6,12,1,10,4,1,5,10,1,13,18,1,14,10,18,18,9,1,1,15,1,18,13,1,9,13,1,26,1,13,1,1,1,14,1,17,3,13,1,13,11,17,20,13,20,1,7,10,1,7,1,1,15,10,36,9,20,16,23,3,1,15,1,1,31,15,1,1,13,1,1,14,8,13,1,17,1,1,8,1,21,1,1,1,1,1,10,12,1,19,1,1,11,10,13,6,10,1,28,12,14,1,1,1,10,60,1,1,1,31,17,9,1,5,1,19,12,17,1,15,1,11,7,1,1,13,10,6,21,12,1,8,1,1,4,1,11,1,1,17,1,9,1,23,1,20,14,18,1,1,1,13,1,7,14,1,1,1,12,8,1,18,1,1,1,12,1,13,1,10,1,9,14,5,6,17,1,13,12,9,2,7,17,9,23,1,1,14,15,1,13,1,10,1,14,1,1,15,1,15,10,1,12,1,1,1,19,13,1,1,25,21,19,14,10,14,21,12,8,21,12,1,1,1,1,1,8,1,1,1,1,1,4,1,1,17,17,32,1,13,1,19,1,1,13,1,1,2,1,1,14,15,16,10,15,1,11,168,10,1,17,16,8,1,1,1,8,16,1,1,1,24,22,9,7,1,1,14,9,17,1,16,10,12,17,12,1,1,1,1,9,16,14,1,18,12,22,2,11,1,1,11,8,2,15,1,1,1,9,18,1,9,1,1,1,1,1,10,1,1,14,1,11,1,20,9,1,1,12,1,1,1,16,1,1,6,1,16,1,10,1,14,15,9,12,15,18,13,1,4,18,1,1,1,14,1,10,1,1,1,14,1,15,13,9,1,32,1,1,1,3,5,7,1,1,14,1,6,11,1,2,14,28,1,12,12,10,1,1,19,7,2,12,8,18,1,1,1,13,8,18,5,1,1,1,1,15,1,1,1,13,1,1,1,12,1,1,1,1,1,8,16,1,9,1,13,10,1,9,1,16,9,1,1,9,1,8,6,1,1,14,1,2,12,8,1,1,3,1,16,12,11,14,1,1,1,16,1,9,1,1,9,17,16,17,9,1,11,1,16,25,26,11,1,8,1,1,2,17,17,13,1,9,9,11,1,1,1,7,8,1,8,28,1,1,13,1,17,12,8,1,1,4,2,1,13,1,17,1,1,14,1,6,1,15,1,15,1,1,1,1,1,2,12,1,11,4,8,9,8,1,1,17,1,1,1,4,1,4,1,1,52,11,10,14,1,13,6,1,1,8,1,1,1,16,19,21,9,6,1,1,24,1,4,6,1,19,1,3,9,1,7,1,15,8,1,1,1,17,1,11,12,1,13,1,15,8,17,1,1,1,1,13,20,7,1,1,12,3,9,6,1,1,13,1,1,1,19,1,14,13,1,1,1,10,20,1,1,19,14,10,9,1,21,11,17,5,29,2,20,4,3,6,19,1,1,1,1,7,1,1,15,5,12,1,1,1,1,18,1,19,1,14,5,20,1,16,2,15,1,10,1,1,1,19,40,12,17,1,1,1,17,11,1,1,15,16,55,16,1,14,1,1,1,12,9,1,7,13,12,1,5,1,26,1,19,1,1,9,1,1,1,17,16,1,1,16,1,15,69,13,72,2,9,11,11,4,17,2,7,1,12,1,1,17,1,3,1,1,13,15,1,1,20,3,1,1,15,22,1,17,1,13,1,1,10,17,1,11,19,1,14,2,14,1,1,12,4,1,1,1,1,2,1,5,8,10,1,27,1,8,8,21,1,1,1,1,20,12,15,1,1,1,1,1,12,12,19,17,1,1,6,1,10,1,1,10,1,1,19,18,4,1,1,1,1,1,1,20,7,1,1,8,25,13,1,9,1,12,12,26,8,1,1,10,1,12,1,7,1,6,1,6,9,7,1,14,8,7,1,17,1,14,1,17,2,1,10,20,1,15,18,1,4,1,4,1,9,15,1,10,17,10,24,1,1,1,19,1,1,8,18,1,1,18,19,22,11,17,27,1,1,5,8,1,1,5,14,13,6,1,1,1,10,1,8,3,1,9,1,1,22,2,1,1,1,1,1,100,20,10,16,1,6,17,1,11,5,13,1,12,12,16,23,1,19,1,1,1,13,12,11,11,2,1,19,8,60,1,9,11,29,12,12,1,7,1,1,1,1,8,7,12,15,8,1,12,1,1,20,1,1,1,1,1,15,1,11,2,31,14,3,1,1,9,20,1,1,1,14,1,9,11,10,1,1,1,1,8,1,1,12,1,1,1,8,1,28,12,14,1,33,15,14,1,17,1,1,1,1,38,1,15,1,14,16,1,1,1,9,14,20,6,6,1,18,1,6,1,22,21,1,9,12,12,1,12,1,13,23,1,11,1,12,1,15,1,14,15,1,1,10,22,2,1,1,17,1,1,1,5,1,13,1,1,1,55,18,23,1,18,1,1,1,1,1,11,6,17,1,34,19,1,1,2,7,1,1,1,1,1,1,17,2,1,1,1,16,15,1,1,2,9,15,1,1,9,23,6,8,18,1,1,1,1,17,1,16,1,1,1,1,1,17,6,1,6,1,1,11,10,21,1,11,8,27,11,8,1,1,17,23,1,1,13,1,11,8,9,10,1,1,23,4,1,14,1,1,1,1,1,15,1,14,21,9,15,10,1,17,1,10,13,17,1,1,1,1,15,7,16,10,1,6,1,5,18,11,12,37,1,14,1,12,1,8,15,25,12,1,6,13,1,1,1,1,1,20,57,14,1,1,18,6,10,18,1,1,8,1,1,1,8,1,1,15,1,1,10,1,1,1,1,15,1,14,1,9,1,1,14,22,8,8,9,1,21,1,1,1,16,12,20,12,1,4,26,2,16,8,7,21,1,1,1,1,15,1,1,12,8,16,17,1,36,1,1,1,10,1,1,13,1,1,13,1,1,1,1,2,13,1,18,1,12,6,12,1,13,19,9,1,16,12,17,12,1,15,1,12,1,11,1,9,24,1,1,1,15,1,3,15,22,1,9,1,1,6,2,1,15,1,11,9,14,13,10,18,11,1,18,2,1,1,1,1,7,1,13,8,1,1,13,17,89,1,11,1,1,1,9,10,1,1,1,7,1,20,1,1,1,1,10,1,27,1,15,17,8,4,13,1,8,1,13,5,1,1,13,17,1,1,1,9,12,15,1,12,1,18,17,13,1,7,20,1,26,11,1,1,1,13,5,1,4,1,9,1,1,1,17,1,1,23,1,8,17,1,1,1,1,11,4,1,4,1,15,1,1,13,1,10,16,2,1,19,12,1,1,14,6,11,9,21,13,1,15,12,1,18,16,1,6,1,1,1,18,7,17,1,1,1,10,18,1,11,19,1,1,12,10,1,2,1,14,1,1,1,1,1,1,1,1,14,16,10,1,8,1,1,1,11,1,1,1,1,15,20,8,12,1,7,9,1,1,1,1,1,10,16,16,16,14,1,1,1,1,5,1,1,11,1,16,49,9,1,1,21,29,1,11,1,9,9,8,1,7,1,2,4,5,1,9,6,1,1,15,1,1,9,17,1,14,1,1,8,1,1,1,1,1,1,7,14,9,1,1,8,11,7,14,7,15,1,18,15,1,20,2,1,12,18,1,9,22,11,46,2,1,16,9,1,1,9,1,1,22,15,1,10,9,1,2,16,1,13,4,1,12,1,15,1,1,6,1,15,12,1,1,1,1,1,1,8,1,7,12,10,67,17,1,1,1,12,1,1,1,19,1,1,1,1,1,9,5,1,1,17,7,12,1,6,7,69,80,6,132,1,1,1,1,1,12,1,1,10,14,7,16,10,1,30,13,1,10,1,12,14,14,1,1,12,1,12,28,1,8,8,1,1,2,7,8,86,1,1,1,16,4,1,8,1,5,1,18,8,1,13,1,1,1,17,1,10,1,12,1,1,16,21,1,1,13,18,8,16,1,12,1,17,12,8,22,1,13,12,7,1,14,1,14,11,1,1,10,1,1,1,1,1,1,1,1,19,1,8,9,20,1,1,1,1,11,1,7,1,1,1,15,3,19,17,1,1,1,10,1,7,12,1,12,1,1,1,1,16,8,1,1,2,6,9,2,32,1,11,13,1,1,22,1,12,8,1,1,1,15,14,1,16,9,24,1,12,6,7,11,1,6,1,8,12,1,13,14,14,6,12,8,9,8,16,18,955,28,1,1,1,1,9,11,1,13,1,1,1,14,1,12,24,14,1,18,10,17,1,14,6,12,1,1,12,1,1,8,1,13,1,1,1,1,1,14,1,1,11,5,14,1,1,5,7,1,10,1,1,1,9,12,1,26,1,1,2,86,13,13,10,17,20,1,1,14,8,13,8,1,1,1,9,9,18,1,1,1,1,5,10,13,11,11,5,1,1,1,17,10,12,15,1,1,12,1,1,14,1,13,1,11,12,1,15,30,1,1,8,1,14,10,1,1,10,14,6,14,1,5,15,1,1,9,1,5,13,17,12,1,1,7,10,14,18,18,7,8,1,1,28,16,13,6,16,13,18,1,1,1,1,10,16,7,1,1,1,1,1,7,15,10,1,11,18,14,1,21,17,10,1,11,1,1,1,20,1,13,13,3,1,1,6,10,11,9,13,1,1,1,1,15,1,1,17,13,1,14,4,1,1,14,1,9,1,1,1,23,13,13,4,11,11,4,1,1,12,1,14,1,5,15,1,12,1,1,1,7,1,1,18,1,13,12,16,8,1,1,8,1,1,1,10,25,18,30,11,11,12,17,1,16,1,134,1,1,1,1,1,14,1,1,20,21,23,1,13,1,1,14,1,1,1,1,9,16,1,13,17,12,15,12,12,1,11,12,2,1,10,42,18,6,1,16,1,6,9,1,16,11,1,15,14,9,1,24,15,50,2,10,10,1,2,15,1,1,16,11,5,11,1,1,24,4,8,1,5,1,10,8,1,1,1,1,1,15,1,1,1,1,1,13,1,21,1,1,19,12,17,1,1,12,1,19,1,1,16,1,1,1,1,1,1,9,5,1,1,1,12,1,15,13,13,2,19,1,1,9,9,1,1,13,16,1,1,1,18,1,22,9,31,1,1,26,16,1,9,16,2,11,1,16,11,26,1,8,1,7,1,1,28,1,18,1,9,2,1,7,8,1,1,15,7,10,9,1,1,6,17,1,8,18,1,2,1,1,1,8,14,11,16,1,13,4,15,1,1,1,1,1,1,1,18,1,13,12,13,1,1,10,1,1,6,9,1,4,1,1,17,8,1,15,15,1,1,17,1,1,1,1,1,1,12,1,1,14,12,13,1,1,9,1,11,9,1,1,20,13,6,1,1,1,1,6,14,1,5,1,12,1,1,15,1,6,1,14,13,1,10,1,1,1,1,12,19,1,1,1,17,1,10,12,1,10,1,1,1,6,8,1,8,16,2,1,1,12,19,1,15,12,14,6,1,924,1,5,16,1,1,2,6,1,1,2,1,13,11,1,3,1,20,1,1,11,12,1,26,1,1,9,8,9,1,1,1,1,7,1,1,3,10,12,1,1,1,12,13,1,1,10,12,1,1,13,15,12,1,1,6,1,1,6,1,24,1,1,15,13,11,11,14,1,1,14,14,6,23,14,19,9,11,22,8,3,9,1,1,8,1,2,17,6,15,1,1,1,1,14,1,1,15,1,2,2,9,1,10,12,1,1,14,11,1,1,15,20,1,1,1,8,11,1,8,11,1,7,1,15,21,1,18,1,12,19,31,1,16,3,1,2,9,15,1,1,1,1,1,21,14,9,1,22,13,12,1,9,1,1,1,12,1,5,14,1,1,8,11,14,7,15,1,11,13,1,6,14,1,12,1,1,1,5,1,13,1,17,1,9,1,14,1,1,1,16,1,1,1,1,1,13,15,12,1,7,15,16,1,8,1,6,1,1,1,7,1,12,1,1,20,1,7,18,1,1,1,6,11,12,1,6,1,13,1,9,18,11,1,11,14,14,1,1,1,1,9,45,1,1,14,1,1,1,16,1,9,1,1,12,20,7,1,1,19,1,1,20,15,8,11,57,18,13,1,1,2,1,9,1,1,1,22,10,4,1,11,1,1,1,12,2,11,16,2,16,1,1,1,1,17,6,13,1,1,19,5,1,2,1,10,12,1,7,10,6,11,15,1,11,1,1,6,15,16,1,1,1,16,14,8,27,16,1,1,15,1,17,1,10,1,17,1,1,1,14,1,1,22,11,4,10,1,7,23,19,1,1,1,8,1,1,5,1,14,9,17,7,1,17,1,1,1,17,1,25,17,1,1,1,7,7,10,1,1,7,16,1,1,14,1,16,6,1,13,6,13,16,16,6,5,9,1,1,19,1,5,3,14,1,26,1,16,4,5,1,13,19,1,1,8,14,10,1,4,17,12,9,12,24,2,6,1,16,1,1,1,1,8,17,12,16,19,1,11,1,19,1,1,1,1,5,14,1,12,1,17,10,9,17,18,6,1,1,16,1,13,14,18,16,9,5,1,1,2,1,8,28,14,2,1,1,19,9,17,1,1,1,15,10,1,9,1,16,14,1,10,14,2,6,11,19,1,53,1,9,1,9,2,10,1,1,1,8,1,1,1,142,4,4,1,1,9,22,13,27,1,1,20,9,2,12,1,1,1,18,23,1,6,12,1,21,16,7,7,1,1,10,8,12,11,1,20,10,11,1,1,4,13,16,13,12,1,1,10,19,1,1,1,1,1,14,12,8,1,2,2,4,1,12,12,1,1,4,1,1,40,20,1,32,19,18,1,9,1,1,1,1,1,1,12,15,8,7,1,1,11,12,17,1,1,13,23,5,15,1,9,4,1,7,14,1,6,3,1,1,7,18,1,1,17,9,1,12,1,1,1,1,14,1,1,1,1,1,1,1,14,1,10,26,10,1,13,1,7,12,1,1,14,1,1,12,19,1,10,1,26,12,1,1,18,2,1,15,4,1,10,1,17,1,1,3,8,1,10,1,1,1,1,1,23,1,14,1,1,1,10,11,1,7,1,9,1,16,14,11,14,18,1,1,1,31,1,8,5,14,10,13,11,2,1,9,12,9,15,6,1,6,11,23,10,7,6,21,1,1,1,5,15,2,16,1,1,26,10,1,12,1,1,1,8,10,1,12,16,1,99,15,1,14,9,1,1,14,1,1,1,11,1,22,1,17,9,14,1,1,19,15,1,16,18,9,20,1,4,17,18,8,1,1,11,1,26,1,10,19,18,13,8,10,8,15,1,9,10,15,1,8,11,1,12,1,4,14,10,11,11,1,22,1,10,1,1,1,2,1,1,1,14,1,12,8,1,1,1,16,14,6,1,1,13,12,8,8,7,1,1,7,9,1,1,17,2,1,4,3,1,17,8,2,12,1,1,10,4,9,13,1,11,8,16,1,1,1,1,15,1,8,1,1,13,1,1,1,1,1,17,9,22,17,2,1,1,1,1,1,10,12,14,1,1,16,5,12,14,1,20,1,10,1,1,16,413,19,1,16,7,2,10,1,1,17,1,1,10,6,1,32,9,19,1,1,11,1,15,1,9,27,12,97,1,1,1,10,16,1,24,1,7,17,1,1,1,13,12,22,7,8,1,1,12,1,10,17,1,5,1,146,25,10,1,16,17,18,32,1,14,1,22,12,1,11,1,1,1,10,1,1,11,11,14,23,14,1,1,4,22,1,1,9,1,20,1,5,1,1,15,1,1,2,19,13,8,1,12,1,1,19,6,7,12,15,1,1,1,1,1,4,1,9,1,1,1,36,17,1,2,16,21,16,1,1,22,13,9,1,1,1,9,1,1,11,1,1,1,1,1,1,6,1,16,1,5,28,13,1,7,1,8,7,1,5,9,1,19,1,1,1,1,1,11,21,1,2,1,1,8,1,9,15,1,13,1,14,15,2,13,15,11,1,1,1,1,1,1,13,18,10,1,1,1,34,15,1,14,15,15,8,1,1,15,1,19,18,1,9,1,10,1,1,1,1,9,12,13,9,2,1,1,1,1,15,1,11,12,6,6,1,26,17,8,5,1,15,10,16,1,1,16,7,17,11,16,1,1,1,13,20,7,1,1,1,1,1,6,22,18,1,15,15,1,1,1,15,1,1,1,1,15,2,1,5,8,1,1,9,12,13,1,10,1,1,11,2,2,1,1,7,1,1,9,8,18,1,6,1,17,1,96,1,2,1,1,1,1,12,14,9,1,1,29,1,1,1,4,9,4,9,15,1,1,1,47,15,10,1,16,1,18,14,10,14,17,15,1,1,1,1,2,13,2,16,11,23,8,7,1,10,1,1,1,1,9,8,19,24,1,15,1,1,1,1,1,11,18,1,10,1,1,1,1,1,8,1,12,36,1,9,1,12,1,1,2,15,19,15,1,1,13,2,2,17,12,15,16,1,1,1,1,11,16,16,15,12,3,2,1,9,1,13,1,1,1,1,15,9,1,2,10,1,12,11,15,1,6,5,1,1,1,1,14,1,17,15,1,1,22,1,20,4,1,1,23,1,4,11,7,1,4,11,10,1,1,18,15,8,1,12,5,1,1,13,14,17,12,6,13,1,1,1,11,15,1,1,12,12,1,1,1,1,1,1,1,1,9,1,23,17,26,14,1,1,20,1,6,1,1,8,2,1,1,11,1,11,10,12,23,4,11,13,7,1,12,2,3,13,14,1,1,11,15,12,1,22,10,12,5,1,30,1,1,1,1,7,1,2,1,74,19,12,1,20,1,18,17,11,1,9,55,18,3,1,10,12,24,4,1,1,1,9,1,1,17,1,15,13,1,10,4,1,21,17,4,1,13,2,8,14,1,1,1,1,12,1,5,1,1,14,1,1,11,1,8,4,18,1,1,1,1,13,13,16,1,15,20,10,1,1,24,12,13,2,1,1,11,1,11,1,1,1,14,1,1,15,1,12,1,13,1,7,9,1,1,1,13,1,19,1,10,13,16,1,1,1,7,17,1,11,1,14,1,1,1,4,18,10,1,1,1,1,1,7,6,9,15,1,9,1,1,2,1,5,5,1,9,14,13,13,1,1,17,1,1,9,14,1,1,8,11,1,1,6,12,16,16,11,11,1,10,4,11,18,14,1,1,1,10,1,12,1,13,1,5,23,1,7,18,1,13,8,12,1,1,1,12,1,19,2,1,1,1,2,1,14,1,6,1,1,12,1,16,27,13,1,5,8,9,1,1,1,1,13,1,1,11,17,9,1,1,8,1,15,1,15,1,20,1,12,1,3,1,10,13,1,1,11,8,1,18,11,1,1,1,7,1,17,14,1,8,19,23,19,13,3,10,1,6,1,10,11,1,20,1,1,13,19,1,9,2,18,1,16,1,12,10,1,8,1,15,1,1,1,1,11,1,1,1,1,12,1,1,1,1,15,1,4,1,12,1,1,1,1,1,1,7,4,7,1,12,12,1,15,10,17,1,19,1,93,2,15,1,1,1,1,9,2,14,1,1,1,10,11,11,14,10,2,1,1,22,17,5,10,18,1,1,3,1,1,1,32,1,1,18,1,12,1,19,15,9,1,14,1,3,1,1,15,1,1,11,12,11,15,1,127,1,1,13,8,10,15,3,15,1,1,8,16,20,1,13,22,12,12,1,19,1,27,1,7,14,1,1,12,13,22,2,1,2,62,9,7,1,26,1,8,1,1,5,17,9,12,12,17,1,14,1,17,13,9,13,1,3,1,14,1,11,1,1,1,16,16,1,16,2,1,1,13,1,1,13,9,12,6,12,20,6,16,7,19,1,1,10,18,12,1,8,1,45,11,15,1,13,1,9,1,17,1,16,18,1,12,16,6,14,19,17,1,10,15,21,7,1,8,11,10,1,9,1,2,1,23,1,11,19,1,14,15,9,6,1,1,12,1,1,15,1,26,1,1,8,7,7,11,15,1,1,1,1,3,13,1,1,13,1,13,13,1,13,8,1,1,18,7,26,1,1,1,15,1,1,1,16,1,1,17,1,16,1,1,1,12,1,9,18,1,1,1,11,1,1,1,1,17,1,6,1,1,9,19,12,6,17,1,1,15,15,3,14,16,5,13,11,1,16,4,1,6,1,1,15,1,12,16,1,1,5,1,9,17,4,9,1,12,1,5,2,16,2,1,10,23,1,1,1,3,10,1,16,1,15,39,1,15,8,1,22,1,1,10,1,1,1,1,16,5,1,96,1,20,1,11,11,15,1,14,1,13,1,1,25,1,1,7,16,1,12,5,1,1,1,6,1,11,5,12,1,1,1,1,1,7,1,14,1,7,1,1,28,1,24,1,1,18,16,16,14,1,10,13,1,1,15,8,17,8,1,1,1,8,39,1,23,1,1,1,7,7,1,1,1,1,43,1,20,7,7,1,1,5,1,17,13,1,10,1,9,1,11,14,1,1,1,8,16,21,1,12,6,1,10,13,17,1,1,18,10,1,18,1,12,13,1,13,1,1,1,1,1,1,1,1,1,1,1,5,12,15,11,18,1,6,13,1,2,9,1,17,13,1,1,1,8,15,1,1,1,1,24,13,10,1,5,8,2,9,1,1,13,7,1,1,1,1,12,57,13,14,1,7,1,1,1,19,13,1,1,1,1,12,16,14,5,1,1,1,1,2,1,16,23,1,1,1,1,1,18,206,15,21,1,12,1,1,1,1,7,15,22,18,1,7,12,1,1,6,16,1,1,20,1,12,8,19,21,1,1,12,12,10,1,1,1,1,11,1,1,1,1,12,1,1,8,1,1,1,1,27,1,16,13,1,3,16,11,18,1,1,23,11,1,7,2,1,1,1,12,1,18,14,9,15,1,9,12,1,1,7,23,1,73,1,1,7,18,14,2,11,1,1,21,11,1,14,1,1,64,1,1,1,1,1,13,12,1,9,1,11,41,1,1,1,1,10,17,1,14,35,13,10,8,1,1,1,23,1,13,1,1,18,8,1,21,23,8,6,538,15,11,1,17,30,1,14,12,1,11,1,13,13,10,7,1,1,12,15,1,1,1,11,1,12,1,12,7,7,1,10,1,11,15,1,9,1,1,1,1,14,1,1,13,1,14,1,1,2,13,2,15,18,22,1,14,17,1,11,11,6,7,13,4,26,1,1,1,6,15,2,1,1,1,14,315,1,12,1,25,1,17,1,7,10,11,4,3,8,1,14,13,19,1,12,1,1,18,4,13,1,18,7,1,1,16,13,2,19,1,1,1,22,12,7,1,12,1,1,1,12,1,1,1,492,9,15,12,1,1,15,12,1,9,1,10,1,1,15,1,1,1,1,12,1,1,1,13,1,16,15,9,8,13,10,10,11,14,17,1,9,15,4,1,1,14,22,13,13,12,17,7,1,13,1,1,9,22,1,1,1,13,1,2,1,12,17,11,20,5,1,11,9,1,11,5,1,16,1,1,1,23,14,1,1,11,15,1,22,16,19,1,1,13,1,1,1,1,17,8,14,12,1,13,34,1,1,1,7,1,6,16,20,1,1,2,16,11,1,7,1,13,13,1,7,15,14,3,3,1,24,12,11,1,19,1,1,1,1,6,28,1,24,1,1,5,1,10,19,11,15,12,1,1,7,15,1,25,1,10,1,1,13,1,5,81,10,1,1,8,2,9,1,10,1,6,16,1,1,1,9,11,1,1,1,1,17,1,11,12,119,2,22,17,7,1,1,1,15,1,15,1,1,4,15,6,29,16,1,1,1,1,1,18,20,1,1,18,1,19,15,1,13,1,12,1,1,1,1,16,10,1,10,1,1,1,13,14,1,14,1,1,1,11,1,1,11,13,6,24,1,13,1,1,1,1,9,8,1,1,12,3,19,1,1,15,1,3,1,1,17,1,1,18,6,15,1,1,1,7,10,1,1,14,5,1,73,22,16,22,1,1,11,17,11,1,8,1,1,11,13,1,10,1,1,1,1,1,11,1,2,1,13,12,1,1,3,3,15,15,17,1,15,12,19,1,6,1,1,1,1,16,14,1,1,9,1,18,1,8,17,9,11,8,1,1,10,1,9,1,1,15,19,24,11,1,1,10,1,11,1,1,1,1,12,1,12,19,15,12,1,21,2,1,1,1,1,1,17,17,1,1,22,1,3,13,1,1,6,14,1,1,1,1,15,1,1,1,10,56,1,1,23,1,6,2,1,1,1,7,15,1,1,1,1,10,5,15,15,1,17,1,7,6,17,17,1,1,12,1,14,5,17,12,1,1,1,1,4,15,23,8,1,10,1,12,1,1,11,20,11,8,1,5,1,1,1,1,18,1,9,16,1,19,15,1,1,16,1,13,12,11,9,12,7,1,1,12,11,1,1,1,1,5,1,1,12,1,24,1,1,1,5,1,1,1,5,1,1,1,6,3,15,1,1,9,14,1,13,1,1,1,1,1,1,51,9,21,13,1,1,13,1,1,1,1,11,17,1,1,1,1,1,1,1,1,11,1,17,11,1,1,15,8,1,14,1,1,1,19,1,11,1,12,3,1,1,1,10,1,9,13,10,1,1,14,10,1,9,9,1,1,1,15,1,13,15,19,12,13,1,6,9,8,18,1,16,1,17,1,1,1,11,9,1,1,19,11,19,1,1,12,12,1,7,11,4,17,1,1,9,7,1,11,1,16,1,2,6,10,10,7,1,1,1,6,9,1,17,12,10,1,13,22,7,1,11,14,19,7,8,1,1,1,14,12,1,11,14,1,18,21,1,6,1,12,1,14,1,7,1,6,15,1,1,9,1,1,9,20,8,3,13,17,1,1,8,7,12,1,19,1,21,5,1,1,1,16,17,14,1,10,10,4,1,1,9,15,11,17,1,15,1,1,1,1,1,2,1,1,1,1,5,1,1,1,1,1,14,1,1,75,5,3,1,8,1,1,13,1,17,14,1,1,12,13,1,14,7,12,25,1,1,1,1,11,11,1,1,5,14,10,9,1,1,1,1,8,5,1,1,1,21,17,19,1,12,9,1,1,10,1,1,1,1,19,110,11,1,13,12,1,15,17,7,15,10,2,14,17,1,1,9,77,9,9,20,1,8,13,1,1,3,7,5,17,1,1,13,19,15,1,25,17,14,1,13,1,1,10,1,1,15,9,12,7,26,1,1,1,1,1,11,19,1,18,1,13,1,1,5,16,1,10,1,400,1,12,23,1,1,13,14,24,23,17,2,1,1,15,15,1,1,2,13,1,1,7,8,1,16,12,1,11,6,1,8,11,10,12,12,9,14,1,43,1,14,1,15,1,7,1,1,10,1,10,17,14,1,1,1,17,15,1,1,1,10,1,16,1,1,1,18,14,1,1,1,1,1,1,1,1,12,1,12,1,1,9,1,2,15,8,14,1,1,6,1,1,1,1,8,1,17,9,1,22,1,1,1,1,7,19,1,113,1,1,19,19,1,16,1,1,9,15,1,14,13,19,1,34,22,7,6,11,1,2,25,19,8,10,1,2,5,2,10,1,1,1,7,25,25,8,2,1,18,1,1,5,1,7,13,1,13,16,1,12,15,1,1,10,11,1,11,1,1,11,9,1,16,9,7,12,9,1,14,1,11,16,23,11,12,3,5,1,10,1,12,10,13,14,7,10,1,7,9,17,11,11,1,12,1,10,1,9,1,7,1,12,17,1,1,20,1,8,9,1,1,1,19,16,1,1,1,1,1,19,15,1,1,15,1,19,11,10,9,1,1,1,3,5,22,1,11,9,15,7,9,11,10,2,13,1,1,24,11,1,1,1,1,1,12,8,11,1,16,93,1,26,1,14,18,1,11,10,100,1,14,1,1,16,11,12,1,10,11,10,10,1,1,19,1,1,1,11,17,15,18,8,15,7,10,16,1,7,1,13,1,14,15,1,10,14,1,1,1,1,4,17,1,1,1,1,16,1,1,1,7,10,14,1,1,2,13,1,9,17,1,12,20,1,14,15,1,1,16,23,21,13,16,1,16,1,1,1,6,1,1,1,1,5,16,18,1,1,1,9,1,19,19,1,10,1,18,1,1,14,1,1,13,14,8,1,4,19,1,12,1,14,10,15,1,35,2,9,15,1,17,1,12,1,1,7,16,9,9,11,1,1,1,11,12,1,5,1,1,8,1,1,1,11,1,1,1,1,8,1,12,17,11,13,74,17,2,9,1,1,5,1,10,14,1,1,1,7,1,1,1,4,7,18,1,1,1,14,4,1,16,1,1,6,37,1,1,23,15,9,1,13,8,12,1,14,15,1,1,1,1,1,4,1,1,1,25,1,16,11,18,1,15,1,16,10,1,22,11,7,17,9,1,13,1,15,8,1,19,1,9,1,1,1,1,11,15,20,11,1,1,13,5,19,9,2,13,12,1,1,1,16,1,1,10,1,23,26,12,29,6,1,1,5,1,90,1,1,1,12,1,1,1,31,10,1,14,1,2,1,1,12,1,1,1,9,5,1,1,1,1,10,1,14,14,11,1,21,9,1,3,1,22,1,11,16,11,1,1,12,11,13,17,1,1,1,13,1,1,25,1,13,14,1,2,1,10,9,1,1,9,1,10,15,1,1,1,1,1,1,1,17,1,8,12,1,10,10,12,1,8,1,6,10,1,1,14,18,16,18,1,10,1,1,10,1,1,11,15,10,11,5,6,1,15,1,1,1,1,1,1,1,1,6,1,1,12,11,1,24,16,1,1,23,1,1,3,18,9,20,6,14,1,9,1,14,1,14,12,1,1,15,19,1,1,12,7,7,15,2,1,1,6,1,1,1,8,1,1,11,2,1,14,9,26,12,8,1,1,14,14,1,1,13,854,1,17,1,1,13,1,21,1,1,15,10,6,1,1,1,1,12,12,87,1,15,15,1,1,1,1,9,11,1,16,23,5,11,14,1,1,10,9,1,13,1,1,3,1,1,10,12,1,2,1,13,1,1,6,14,21,18,12,17,18,1,22,19,11,1,15,2,14,1,1,12,8,1,11,1,14,1,12,1,10,15,1,13,9,1,1,12,1,1,1,12,1,1,15,11,14,1,1,15,1,2,1,1,1,1,15,1,11,12,15,7,5,15,1,1,1,18,1,1,8,8,1,1,13,17,12,1,17,3,1,15,1,1,3,12,1,2,1,2,1,3,13,1,1,14,10,7,1,2,11,11,1,12,1,1,1,1,7,1,1,1,1,9,10,7,1,1,1,12,1,1,13,14,17,1,1,5,8,1,1,13,1,1,1,6,10,12,1,12,18,1,16,12,1,8,11,1,15,21,20,7,9,8,5,1,2,16,6,13,20,1,1,13,6,9,1,4,14,1,1,14,15,8,7,12,1,11,12,1,1,9,10,1,21,1,1,16,2,10,1,1,13,10,1,17,10,1,15,1,24,14,1,1,13,1,3,1,1,90,1,24,1,1,1,9,11,1,1,11,11,2,6,9,11,16,1,27,9,17,9,1,1,1,1,1,9,1,1,1,1,8,1,2,79,12,13,1,16,11,1,12,11,1,3,10,8,1,1,1,2,15,1,5,1,18,1,1,1,14,10,1,10,1,1,12,1,1,1,13,1,1,1,12,18,1,1,9,1,10,11,10,1,13,17,11,73,16,1,13,12,13,11,10,1,12,1,8,3,1,8,1,14,9,17,13,22,1,8,36,1,1,7,12,17,7,1,14,1,1,1,1,12,20,5,14,1,12,11,1,1,1,21,20,1,6,6,1,10,1,11,1,1,10,12,23,1,9,12,1,8,13,1,1,7,1,24,17,12,19,8,1,1,10,10,1,14,1,1,13,14,1,29,1,13,9,1,1,11,1,1,1,17,11,1,1,1,13,5,1,1,11,5,8,1,1,1,1,1,15,14,1,12,41,1,14,1,1,12,1,17,11,11,1,15,12,1,12,1,10,12,1,1,15,1,1,1,7,1,14,12,1,11,6,7,1,8,1,8,11,1,4,1,70,16,17,1,1,1,1,1,6,1,8,1,1,1,1,18,1,9,1,10,11,1,12,6,1,1,7,1,1,17,1,1,1,1,16,7,9,3,1,5,1,1,12,56,15,5,11,8,1,1,16,10,22,1,10,11,1,1,11,1,1,9,2,1,78,23,1,19,1,15,14,17,1,1,10,1,1,1,11,1,1,17,10,4,8,8,1,16,1,1,1,1,1,1,1,9,16,1,1,1,1,14,1,1,10,12,1,10,6,17,1,19,15,10,12,42,1,11,11,1,10,1,7,1,9,1,13,1,20,8,6,14,1,7,1,1,2,13,1,12,1,15,1,4,1,1,1,1,1,13,1,1,12,1,6,37,1,9,14,1,72,10,14,7,1,1,1,14,1,16,10,14,11,12,1,1,14,1,1,1,5,18,9,1,12,1,1,9,1,18,1,2,1,1,17,17,14,1,1,7,1,1,1,1,11,1,1,2,13,1,1,1,1,10,1,7,13,1,1,1,32,1,14,10,1,1,1,14,16,1,1,1,16,1,10,17,5,13,11,1,18,22,6,11,17,8,11,16,11,8,13,1,1,14,13,14,1,1,14,1,1,1,1,1,1,1,10,704,12,1,1,1,8,1,1,17,9,1,1,1,1,1,1,1,1,3,1,1,7,1,10,1,13,1,13,8,1,1,1,1,1,6,11,9,64,9,1,1,99,1,9,7,1,1,14,1,24,8,1,2,1,9,1,1,1,26,9,11,13,8,12,7,41,1,12,6,17,17,8,1,1,1,14,14,12,22,14,19,1,13,13,13,1,23,16,11,13,1,1,1,5,15,17,11,1,16,5,3,1,6,1,1,18,1,1,18,1,1,13,21,51,1,1,1,1,10,1,1,8,23,1,26,1,2,1,15,1,13,1,8,20,1,9,16,1,1,1,5,1,14,2,10,1,9,1,1,22,9,11,30,12,1,1,8,1,1,12,1,18,1,7,1,23,1,14,8,16,1,7,6,1,1,1,11,1,15,1,1,7,1,31,5,1,13,16,20,1,1,1,37,1,1,23,11,1,13,1,1,10,12,18,1,15,17,1,11,1,11,13,10,1,13,1,1,1,6,84,12,1,16,19,13,1,7,19,14,7,1,9,1,15,1,20,12,19,1,7,14,1,16,1,11,18,1,1,10,1,16,1,9,1,14,1,1,15,1,1,7,11,1,1,1,1,18,17,10,1,22,1,1,1,1,13,1,1,16,1,1,7,1,14,14,23,1,1,1,1,1,6,4,1,8,1,25,11,1,1,13,1,8,1,1,6,1,1,4,8,8,10,8,3,1,1,1,1,7,14,1,10,11,4,17,7,8,8,13,13,12,1,5,1,1,10,15,12,1,16,16,1,5,1,1,18,98,4,19,18,1,16,17,1,1,17,16,9,13,1,5,8,8,1,24,1,1,12,6,9,1,1,13,29,10,17,5,1,2,16,1,26,12,9,1,13,1,1,1,1,1,1,12,15,1,13,1,8,1,11,12,12,13,17,1,8,1,1,1,15,15,1,16,7,30,7,24,1,1,1,38,1,1,9,9,13,15,1,1,1,15,1,10,1,1,1,24,11,1,4,7,1,1,9,15,9,1,1,1,21,1,12,12,1,1,1,1,1,10,19,12,13,1,1,19,13,1,1,18,1,13,1,1,11,1,1,1,1,14,1,9,1,1,1,1,1,1,9,67,22,11,6,1,6,1,8,1,12,19,11,1,9,14,14,17,10,1,11,10,15,1,1,11,1,1,13,4,8,1,11,3,12,1,2,1,1,7,9,8,1,11,10,8,11,1,20,1,14,1,10,14,1,1,1,9,1,1,1,1,7,12,51,1,4,1,23,16,1,1,6,15,1,1,11,1,1,1,10,11,11,1,18,21,20,1,21,1,24,13,1,12,2,14,7,1,1,1,24,2,9,1,1,11,1,7,75,1,1,1,14,8,11,9,1,1,67,1,7,4,1,7,1,14,18,1,31,15,1,8,13,4,15,10,1,1,11,1,2,24,1,1,10,5,1,16,1,1,13,17,1,2,8,1,12,9,1,9,1,1,1,1,17,20,1,1,15,1,1,1,1,1,1,1,27,15,12,1,1,18,1,1,17,14,2,1,8,1,18,1,1,12,14,10,1,12,8,1,1,16,12,1,49,14,1,8,9,1,8,1,1,19,1,1,7,17,17,1,12,12,14,1,13,1,2,17,1,18,19,1,1,7,1,1,1,1,1,1,1,1,2,1,1,1,19,7,19,90,15,1,1,7,13,8,15,1,11,1,9,16,13,25,1,1,7,20,1,1,11,18,6,17,1,1,20,1,12,1,1,1,1,15,10,1,1,7,14,11,1,1,1,7,1,8,18,1,1,10,1,1,1,14,14,17,1,15,11,1,1,28,1,1,1,1,12,3,1,17,14,1,18,1,12,19,2,1,13,1,12,1,1,1,1,1,1,10,18,18,9,3,1,12,12,1,1,8,9,10,7,1,12,1,1,13,5,15,9,1,1,5,1,10,1,17,1,1,15,11,26,1,12,11,19,5,1,1,1,1,7,16,215,1,6,1,65,15,1,1,1,16,1,1,1,1,11,12,1,1,18,1,7,10,1,8,5,1,19,100,10,17,10,1,12,4,2,3,1,1,1,1,13,8,15,6,1,3,1,17,15,1,1,11,1,14,1,1,11,12,1,1,1,11,8,1,2,21,1,1,1,6,1,1,5,11,15,41,1,12,37,1,13,17,4,16,1,1,11,15,1,16,17,13,1,22,8,8,1,19,18,9,1,14,1,4,1,16,1,1,1,1,1,9,14,1,15,1,1,3,1,1,14,9,1,1,1,1,9,12,1,11,1,1,1,19,1,1,1,2,8,14,7,1,1,1,1,11,10,1,1,8,1,1,18,16,28,1,1,12,17,9,13,14,1,12,1,1,27,1,21,1,15,1,14,6,1,1,1,1,10,4,1,9,1,14,1,8,1,21,9,1,7,13,10,1,2,1,8,1,14,14,4,25,18,1,17,27,1,1,11,24,1,13,10,10,1,19,13,1,1,1,1,1,1,17,1,1,16,6,1,14,1,222,11,1,11,1,1,1,14,17,29,12,3,20,13,2,11,15,2,1,1,1,1,1,1,11,9,1,1,18,103,1,124,9,9,1,16,24,1,1,14,9,1,16,12,1,1,4,13,1,37,12,1,19,1,14,11,1,13,1,15,20,3,11,1,1,13,17,25,1,9,1,13,14,13,12,19,12,1,1,1,10,1,23,7,1,1,11,10,17,1,11,9,6,11,1,12,13,13,1,16,19,13,2,1,1,13,1,1,31,1,1,11,1,24,7,11,1,1,1,12,17,1,1,1,18,1,1,2,10,1,22,18,18,1,1,4,5,1,6,1,1,20,1,1,12,1,12,7,1,8,14,1,9,1,18,1,9,13,9,10,1,4,18,10,6,1,1,14,22,20,14,13,1,10,12,19,11,9,1,16,5,1,2,20,1,1,1,1,26,2,1,12,1,1,39,1,18,11,1,1,4,1,1,1,13,12,11,1,7,1,11,1,1,1,24,1,1,5,5,1,1,9,1,9,1,1,1,1,1,15,10,10,55,1,3,12,14,21,1,11,1,13,1,1,1,1,1,1,11,14,1,14,1,1,1,1,10,1,12,15,1,9,12,6,1,1,18,8,1,8,58,1,1,6,1,1,15,26,4,9,1,4,11,1,1,11,21,16,9,9,1,10,13,4,1,1,1,1,20,6,13,15,2,15,16,7,85,56,1,11,1,1,12,13,10,1,1,1,1,1,1,1,13,21,1,13,1,17,1,16,11,1,22,11,1,12,1,1,1,1,1,1,1,1,1,9,38,13,13,1,1,15,11,1,11,1,1,8,1,1,1,12,1,1,14,11,19,6,1,35,40,8,1,17,14,20,10,1,1,1,10,6,13,1,13,1,12,1,8,9,1,4,1,1,36,1,1,7,12,1,88,18,18,11,1,1,1,10,1,1,16,12,12,1,1,12,1,70,1,8,9,1,1,1,1,7,1,1,20,8,10,1,1,24,16,17,1,13,18,1,2,8,1,12,7,1,1,1,10,17,3,1,1,3,1,1,12,8,6,14,1,7,22,11,11,1,5,11,1,15,1,1,12,5,14,17,1,13,11,1,18,8,16,14,1,7,1,1,8,11,18,1,19,1,12,1,1,1,15,254,1,1,2,15,1,10,1,9,1,2,8,1,18,5,1,11,1,1,5,2,12,1,25,18,6,14,15,1,7,1,12,10,1,15,1,1,1,1,1,14,18,11,12,1,1,1,1,10,1,5,1,18,1,1,1,1,12,1,10,1,7,1,1,9,1,12,1,16,1,1,11,1,1,1,16,1,13,500,9,1,11,9,1,14,14,27,1,15,2,14,9,2,1,4,1,15,6,1,10,95,1,4,1,1,1,1,14,1,9,1,25,12,1,1,11,1,1,1,11,1,12,1,1,20,13,15,12,1,19,1,1,10,25,1,17,1,1,16,1,1,1,1,14,18,11,11,1,1,26,11,1,1,29,11,11,7,7,1,13,1,1,10,9,11,1,7,1,1,8,23,9,1,14,77,9,2,18,1,8,1,1,1,1,1,1,12,13,1,9,1,1,1,1,1,16,1,18,3,1,13,18,12,11,20,1,1,1,15,122,11,1,1,14,1,1,7,1,15,10,17,1,1,1,1,1,17,14,12,1,14,15,1,14,1,1,1,1,1,9,17,1,1,14,80,13,7,1,1,1,1,1,1,18,2,12,14,11,1,8,1,8,13,8,15,14,1,1,1,1,12,6,25,19,13,67,1,1,58,8,13,9,1,15,15,14,9,9,19,1,1,9,12,14,145,1,15,15,1,1,10,1,14,1,25,1,8,6,7,1,15,1,6,1,11,12,1,20,1,41,1,1,1,15,10,14,1,1,1,1,16,13,12,1,1,9,6,1,13,12,14,1,1,1,15,22,1,1,20,18,3,1,1,1,17,3,15,16,1,17,11,1,1,23,14,1,1,1,16,1,20,13,1,1,1,9,12,1,1,15,1,7,10,11,1,8,1,1,15,13,13,1,1,10,14,2,24,28,19,10,9,1,1,1,1,7,1,1,1,1,4,13,8,1,5,13,3,20,4,38,15,2,13,12,1,13,1,7,1,17,1,1,11,1,1,2,1,12,12,1,1,12,8,15,17,15,3,6,2,1,18,4,9,1,2,1,14,1,1,13,54,10,17,6,15,3,1,12,13,13,10,15,10,15,11,1,9,11,16,1,8,1,14,1,20,1,1,6,11,1,20,1,15,1,15,1,10,1,12,19,1,9,10,12,1,1,41,8,14,7,1,13,10,2,1,1,1,17,1,12,19,5,20,1,1,1,1,19,5,12,1,7,1,70,15,1,19,18,9,7,1,1,1,17,10,13,11,11,19,12,1,1,2,1,1,2,1,17,1,1,1,14,11,1,16,1,1,22,1,1,11,9,1,15,13,2,1,14,1,1,24,1,82,10,14,1,15,23,12,13,5,7,1,18,18,11,1,1,1,1,3,1,9,1,14,18,10,10,1,13,1,1,1,1,4,10,15,1,15,1,1,17,19,1,10,14,15,13,1,3,1,23,7,14,1,13,9,18,1,16,1,19,1,1,1,1,11,1,1,1,10,1,12,11,17,1,1,12,25,8,12,1,1,21,1,10,89,11,1,1,1,8,5,1,9,1,1,12,1,1,18,9,9,1,9,14,9,1,1,1,16,5,1,1,1,14,86,1,8,1,14,47,18,1,8,4,18,1,2,1,8,1,1,9,7,12,81,14,1,10,15,2,1,22,12,12,14,1,8,1,1,1,1,5,1,14,16,16,7,2,9,10,1,15,1,1,10,11,1,12,4,26,1,1,1,15,1,10,19,16,1,27,12,1,94,24,1,13,18,2,13,1,1,8,67,11,1,1,1,13,6,1,22,7,1,1,15,19,14,1,11,1,2,1,16,9,10,1,11,79,6,1,14,1,1,11,31,1,12,1,2,11,1,11,13,13,1,1,1,10,1,12,16,13,1,1,1,1,6,1,1,12,1,1,4,11,1,1,8,12,16,12,31,1,9,16,1,1,14,1,1,1,11,7,1,17,1,11,8,1,18,17,18,20,1,1,1,1,26,1,14,24,11,11,1,8,19,1,1,12,1,1,8,5,17,13,1,2,1,5,1,14,4,6,17,15,13,14,6,1,1,1,1,8,11,1,20,2,58,1,62,1,12,1,15,1,1,1,11,9,1,17,2,1,2,1,1,1,1,1,1,15,1,7,15,1,1,1,1,1,7,1,15,16,15,15,1,8,8,1,12,1,26,1,1,1,17,1,2,1,9,20,1,13,1,1,42,3,1,1,11,1,1,1,12,1,1,15,1,1,1,7,1,9,12,1,15,13,12,20,11,56,1,6,13,12,1,1,17,1,1,1,9,20,16,13,1,1,2,1,1,13,7,1,1,13,1,3,1,10,9,14,47,1,8,1,1,1,15,1,19,21,1,13,1,29,15,6,9,16,1,17,13,13,29,1,16,1,10,9,11,4,1,19,1,3,1,34,12,20,17,1,1,8,1,1,1,18,17,1,9,12,9,1,9,1,1,1,1,36,1,4,13,1,1,1,1,12,1,11,8,26,1,13,1,6,1,1,1,1,1,11,1,9,8,2,13,1,1,1,2,1,16,1,9,1,1,1,24,1,1,1,13,3,19,1,1,1,26,1,10,1,15,17,16,13,1,1,1,9,10,1,1,6,17,1,1,12,22,7,1,14,1,10,1,17,20,1,12,10,1,12,1,9,11,13,20,7,1,1,11,1,14,1,11,10,1,12,1,6,12,16,1,1,1,1,17,1,1,17,1,1,22,9,33,10,1,21,12,1,1,1,8,12,1,1,29,1,1,12,1,1,1,1,5,13,1,1,1,13,44,1,8,13,20,1,15,10,2,1,1,1,1,1,14,1,17,1,1,9,11,16,3,1,1,1,16,1,20,1,9,1,11,15,11,14,1,12,1,1,6,11,12,1,73,1,1,1,1,12,8,7,12,13,1,1,1,1,1,14,1,1,11,1,1,1,8,14,2,1,20,11,1,12,1,1,12,10,1,10,7,1,15,1,1,1,2,1,1,9,1,1,13,1,11,1,4,1,20,12,1,1,1,16,14,2,2,19,1,9,14,11,5,1,1,1,15,1,13,1,17,16,21,4,9,1,1,15,18,8,1,1,1,1,12,12,9,8,1,1,15,1,1,1,25,1,14,1,13,1,10,1,8,16,24,14,1,14,1,1,14,1,15,1,9,1,3,1,6,1,12,1,1,13,17,14,13,5,17,6,1,1,1,2,1,10,9,2,1,1,1,7,5,2,21,1,19,1,11,6,15,21,9,12,1,1,19,10,25,7,1,17,8,1,1,13,16,10,15,1,1,9,9,23,18,1,3,14,1,1,1,1,14,1,4,4,21,1,10,21,14,1,2,14,13,1,1,1,1,1,16,34,2,3,11,1,13,5,18,14,9,14,6,14,6,40,1,10,1,1,1,1,1,1,6,10,30,1,16,12,14,1,1,1,1,11,2,13,1,1,14,12,12,1,1,11,1,11,1,4,14,18,12,1,1,1,1,11,1,1,13,14,13,8,17,1,3,1,1,15,16,1,11,5,4,1,17,14,6,1,1,17,1,1,1,12,1,1,9,12,4,1,11,12,12,12,16,1,1,11,1,14,16,8,13,17,26,1,7,1,1,6,1,11,23,6,1,1,10,1,12,15,11,1,1,16,16,19,14,19,1,15,1,12,1,1,7,9,1,7,2,16,1,14,1,14,3,13,1,1,1,1,8,5,1,8,1,1,17,1,16,5,13,1,17,20,9,13,1,1,1,1,1,1,2,17,1,6,11,8,17,14,10,16,24,14,8,1,11,1,9,5,13,17,1,21,7,1,12,1,1,7,20,6,5,8,1,20,1,1,12,1,18,1,27,1,5,7,17,23,1,1,14,1,11,1,2,12,1,9,10,13,11,12,11,12,17,1,24,62,1,1,1,1,1,10,5,1,1,1,1,15,1,1,4,1,1,1,1,12,19,24,17,1,1,1,1,1,1,17,1,10,10,21,16,1,1,8,1,2,1,1,13,1,1,1,4,1,1,19,1,19,1,11,1,1,1,7,1,9,7,1,1,1,17,1,1,13,1,1,1,1,13,1,11,22,16,15,1,1,15,1,1,1,1,20,14,21,1,1,1,1,16,60,1,1,1,1,1,20,1,12,10,1,1,13,1,1,1,1,1,1,9,90,10,8,18,6,12,9,1,1,1,11,31,12,1,10,1,1,1,1,19,1,15,9,8,13,2,1,1,1,7,1,1,16,1,1,15,1,1,13,11,1,1,1,14,8,14,1,1,8,10,3,1,14,1,1,88,13,1,12,1,1,12,16,1,1,4,1,1,12,1,16,1,1,8,40,32,2,15,20,14,3,1,19,2,5,10,17,1,1,1,17,2,4,12,4,14,1,23,1,1,1,1,1,15,10,48,1,1,1,35,1,1,16,1,1,1,1,1,16,9,11,12,1,1,8,1,17,1,1,1,16,1,1,12,9,1,9,2,16,145,1,13,1,15,11,1,1,1,1,15,14,1,1,15,1,2,8,14,18,20,22,1,1,1,16,15,1,19,1,10,11,1,20,1,8,15,10,10,18,6,1,1,1,1,2,13,11,13,10,1,1,21,15,13,18,16,12,1,1,16,16,19,16,1,15,15,1,1,1,1,13,1,1,15,28,1,10,8,12,1,1,1,1,14,1,17,10,6,6,1,1,4,1,21,1,2,18,1,1,1,10,1,1,16,1,5,8,13,11,11,1,1,1,15,16,17,1,19,1,1,8,1,9,18,6,10,1,1,5,15,12,10,1,6,17,7,14,1,1,17,17,1,1,16,1,9,1,1,1,12,1,1,15,1,1,1,12,2,1,60,13,9,1,16,10,3,22,1,1,27,11,1,15,1,8,1,17,1,1,8,1,1,5,11,1,4,1,13,1,11,17,14,18,1,17,16,15,12,13,21,1,1,15,1,17,1,1,12,1,1,11,1,11,15,203,1,12,1,1,14,1,16,1,10,16,9,15,9,1,2,1,1,1,1,9,2,1,5,7,12,16,1,13,29,1,1,9,1,1,10,27,16,1,12,1,1,1,1,11,1,5,8,13,1,1,1,63,1,1,1,12,10,8,1,18,1,3,1,6,8,23,15,11,8,1,1,12,1,16,6,16,6,1,12,4,6,1,7,1,17,1,19,15,9,1,1,1,1,1,14,10,12,7,1,1,1,11,1,1,13,1,1,2,12,13,14,1,1,1,1,14,12,7,5,14,1,9,1,1,25,16,4,11,1,1,2,9,1,1,1,1,16,1,1,1,1,13,17,1,1,11,1,1,15,12,1,7,1,9,1,17,1,15,1,27,1,12,2,6,11,11,1,35,1,1,2,7,8,4,10,21,114,17,1,1,11,1,1,8,10,1,9,7,17,1,7,1,9,10,13,2,1,1,10,11,1,2,15,9,1,1,7,14,1,1,11,1,11,1,1,1,1,18,1,13,24,1,8,1,15,1,13,22,11,1,1,13,11,1,1,14,1,10,18,1,1,1,18,6,1,1,5,8,1,1,19,31,21,1,21,1,9,13,1,1,39,1,6,13,1,1,1,14,17,1,13,33,1,12,12,44,14,9,12,17,12,34,1,1,1,7,17,1,1,1,1,9,20,7,9,16,9,1,2,10,1,1,1,20,1,13,19,20,1,20,19,1,14,1,1,10,1,11,1,14,15,16,23,17,1,1,7,1,1,14,1,8,11,10,17,13,12,1,10,1,1,1,11,1,1,5,11,15,13,1,19,13,1,18,11,1,1,11,17,1,1,64,2,17,1,1,16,9,10,1,7,12,18,1,8,1,1,1,1,1,7,1,1,12,13,9,8,7,11,10,1,1,1,1,1,7,1,1,12,14,1,3,1,1,1,1,10,1,12,6,1,1,16,1,12,1,11,2,9,12,1,1,1,1,12,1,1,19,1,1,4,15,1,6,1,12,1,10,1,11,36,16,6,17,1,1,1,1,19,11,1,1,1,4,1,1,9,12,1,16,1,3,11,1,10,17,2,1,15,15,23,19,15,1,17,10,17,1,36,14,1,1,147,14,1,1,1,15,11,9,1,1,7,13,2,16,5,21,12,15,28,1,1,1,10,9,1,11,1,1,1,18,14,1,1,1,1,9,1,1,1,13,1,1,1,893,1,1,23,2,10,1,11,1,1,1,8,1,14,1,3,1,9,1,1,2,12,1,1,1,1,1,1,2,1,39,12,20,1,1,13,1,2,2,1,14,1,1,35,1,23,5,8,16,13,16,9,38,1,13,1,1,1,15,23,8,1,1,1,32,1,14,1,18,1,17,13,1,6,1,1,6,8,1,1,1,1,6,12,13,1,19,11,1,1,1,13,1,1,4,1,1,13,12,12,8,1,9,11,14,1,13,1,15,15,1,1,1,1,1,1,1,1,14,1,1,1,1,1,16,7,15,1,12,8,8,1,1,16,1,1,13,1,17,1,16,19,15,1,12,11,1,4,7,13,1,5,1,1,1,11,1,11,6,24,1,13,1,7,22,9,5,7,1,10,15,1,2,14,1,18,9,30,8,1,1,12,1,4,1,10,10,1,4,16,4,19,1,1,1,13,1,7,11,20,1,9,1,1,1,23,2,10,6,1,6,1,1,11,229,26,1,1,16,2,14,5,1,1,13,1,1,1,1,14,10,1,1,1,1,1,1,1,15,1,7,1,10,1,1,10,17,13,1,48,1,14,8,23,20,1,1,10,20,1,26,10,16,1,9,19,7,12,1,16,1,1,1,19,1,10,1,26,1,1,15,1,18,11,1,9,12,1,14,1,1,1,1,13,12,1,16,25,18,16,70,12,14,18,26,1,8,6,1,1,1,1,1,1,15,8,16,7,4,1,1,1,1,1,1,1,1,9,19,7,1,8,19,13,1,1,1,16,19,14,5,10,20,1,1,1,1,12,8,1,13,1,16,15,1,7,12,7,1,1,8,1,6,1,1,1,1,1,8,8,2,1,8,12,15,14,6,1,7,23,1,19,13,2,15,8,16,14,10,11,1,3,17,1,1,17,13,19,10,10,7,7,1,1,4,2,1,12,9,1,1,1,1,10,1,13,1,10,8,16,21,16,2,15,20,1,1,1,10,1,1,1,10,11,1,1,1,4,12,1,1,51,7,1,10,17,45,1,1,11,23,7,26,1,15,1,12,7,21,1,1,1,15,1,18,7,1,8,1,8,14,14,13,12,23,8,1,11,24,1,1,12,12,1,38,21,4,14,1,1,1,1,17,11,5,1,1,1,1,13,11,1,9,15,1,1,1,20,1,6,1,1,1,20,20,7,19,1,7,1,1,1,13,1,9,9,13,1,1,7,13,1,1,15,15,1,11,17,10,1,1,11,1,1,1,19,1,16,6,6,2,1,20,1,6,1,1,1,1,1,1,1,4,15,13,26,1,14,1,10,1,14,29,1,12,9,8,1,1,1,9,1,30,15,1,6,13,1,1,33,1,13,14,1,12,9,1,2,1,1,7,1,1,1,1,1,18,12,1,1,13,9,11,9,1,15,9,2,1,22,1,14,4,10,1,1,1,18,1,4,10,1,12,62,15,1,7,9,5,1,1,1,15,1,12,1,1,9,1,1,15,7,1,1,10,1,9,1,1,17,8,12,1,1,1,1,1,1,17,12,1,1,11,1,25,4,5,24,30,1,1,1,1,8,7,13,5,24,1,1,1,1,23,4,13,3,1,1,1,11,1,13,1,19,18,1,1,16,1,15,5,14,15,1,9,9,1,12,9,1,1,13,11,21,13,1,1,7,5,19,1,9,4,6,1,1,1,1,6,5,1,12,6,1,1,11,17,1,32,1,1,4,1,14,1,1,1,16,13,3,10,10,1,18,1,1,13,1,1,15,6,18,1,10,10,1,1,1,7,7,1,14,13,8,63,1,2,16,9,13,1,1,8,7,18,1,1,1,5,36,8,16,1,5,1,9,6,7,1,10,11,18,1,4,23,10,8,11,1,1,1,1,12,19,1,1,15,12,1,1,15,17,14,22,10,1,3,10,12,1,18,17,1,1,1,3,9,1,11,1,14,17,1,3,6,1,1,19,14,13,1,1,1,6,12,1,20,10,6,1,10,20,1,1,1,1,24,12,4,8,13,15,3,11,1,10,1,4,1,17,1,1,1,1,1,8,12,1,1,15,1,7,1,11,9,1,4,1,23,6,1,15,11,1,11,16,5,16,1,11,9,1,5,4,1,14,1,11,1,7,1,13,1,1,17,2,25,11,16,12,11,12,15,31,1,19,6,1,11,16,8,11,1,431,13,2,1,2,8,5,1,16,1,1,1,1,1,1,1,1,1,1,13,1,1,16,3,12,10,1,16,13,9,1,1,1,1,1,9,1,1,19,88,1,16,16,1,18,1,6,67,1,1,11,52,1,1,12,12,8,11,6,1,49,9,8,12,13,11,1,16,14,1,1,6,20,1,1,25,10,1,8,1,20,1,1,1,8,14,1,1,1,325,14,1,1,1,8,10,1,10,1,1,1,20,3,13,1,1,1,5,1,1,71,9,7,1,9,8,13,1,12,1,12,12,15,1,9,15,1,1,1,9,1,1,17,21,1,86,1,1,1,11,13,1,14,1,6,1,13,1,1,9,103,14,1,1,10,1,5,8,1,1,1,1,11,1,7,12,13,10,109,1,7,1,1,1,7,1,6,1,12,1,12,12,2,1,1,1,1,98,1,10,1,16,25,13,1,2,1,22,1,9,7,1,1,10,1,1,1,1,1,16,1,10,1,14,1,1,1,1,13,9,1,12,1,5,17,12,8,14,13,14,19,1,8,1,13,1,1,12,12,1,13,1,1,11,1,13,1,1,1,1,10,1,24,1,21,17,10,1,13,2,10,10,1,1,1,10,1,23,1,1,14,15,1,12,1,1,1,1,1,12,1,9,14,15,14,9,1,13,12,19,19,1,1,12,12,15,15,5,1,1,1,1,14,16,4,1,2,8,8,12,14,11,11,1,37,22,9,1,1,11,15,1,1,1,1,1,12,2,11,1,1,1,1,1,17,1,1,7,11,1,5,1,1,1,14,1,12,2,11,18,1,7,8,12,12,1,1,49,1,1,1,11,1,1,71,1,12,24,1,1,1,22,1,1,10,19,15,1,1,14,10,1,6,11,1,1,1,1,1,13,5,15,16,25,11,15,1,1,78,13,14,1,1,2,1,1,1,1,12,7,1,1,13,1,18,19,1,12,20,1,7,1,11,17,1,7,12,1,21,1,12,1,1,1,1,13,16,1,1,2,1,9,11,6,7,1,16,19,11,14,1,1,1,13,1,1,1,59,12,11,11,1,21,1,1,1,1,14,1,1,13,1,1,12,15,7,1,1,3,8,15,10,1,1,12,1,1,6,17,10,1,1,1,1,1,26,1,13,1,2,21,1,1,1,13,15,1,10,1,1,16,1,16,1,18,1,11,1,13,12,17,8,1,1,9,12,1,21,9,7,1,13,48,10,1,14,1,1,28,29,11,17,1,14,16,11,1,9,14,11,1,12,10,9,19,14,19,10,1,10,12,1,3,7,1,1,3,7,8,17,18,20,39,1,19,8,1,1,16,13,15,16,12,6,1,13,13,1,11,20,1,9,1,14,1,1,1,1,16,9,15,27,13,1,11,13,14,7,12,14,16,7,1,18,10,20,1,10,12,20,11,5,13,14,1,1,11,1,1,17,20,1,10,12,1,1,1,5,1,8,14,14,16,9,11,11,13,6,1,1,8,1,1,1,13,1,4,16,1,15,7,1,6,15,10,10,1,1,1,31,17,1,8,1,10,6,30,1,18,17,20,13,21,9,1,28,1,17,10,12,1,7,1,1,11,1,21,1,1,9,1,28,1,1,1,1,1,5,89,12,1,1,1,13,1,1,2,1,13,22,1,10,1,10,1,10,1,1,8,17,1,10,34,1,3,14,1,3,122,17,4,6,10,19,1,1,6,1,1,46,1,1,11,2,1,13,14,20,18,1,1,15,8,2,14,16,21,1,33,1,14,1,9,1,1,1,19,1,1,1,1,7,1,1,6,1,19,2,13,20,1,1,1,11,3,1,32,11,1,3,1,5,13,39,1,7,21,1,1,30,1,15,1,18,10,15,1,1,1,1,1,28,21,10,1,13,7,12,1,2,1,1,1,2,3,12,5,11,5,1,13,11,15,1,4,9,1,1,1,15,10,1,14,4,1,1,1,1,1,1,1,7,1,1,17,1,8,14,10,11,1,1,1,25,1,1,12,11,17,1,16,2,1,1,1,14,12,1,1,1,15,13,1,10,15,3,1,1,1,17,8,21,15,17,2,9,1,1,1,1,20,5,19,23,6,4,1,9,1,1,17,1,1,14,6,16,1,1,1,15,24,1,1,1,1,17,12,1,8,1,30,9,12,1,11,14,13,14,1,5,1,12,1,4,1,16,22,1,12,11,1,15,8,1,1,12,2,1,20,1,6,1,1,13,1,1,7,2,1,1,2,20,1,1,20,1,5,9,11,17,1,1,7,1,20,1,18,16,13,1,10,20,1,1,10,10,9,1,8,1,4,12,21,12,1,9,1,1,1,1,13,3,9,1,9,1,8,1,8,1,9,1,1,11,2,1,1,11,14,10,1,17,12,1,19,1,15,1,1,3,8,12,13,1,10,1,16,1,15,14,11,1,1,6,1,18,17,6,5,1,6,10,1,12,1,4,15,1,1,1,1,7,12,1,1,1,8,14,22,1,8,8,15,6,1,1,14,15,1,12,17,13,1,1,13,17,1,10,6,1,11,1,17,1,15,1,3,5,1,7,1,14,1,2,5,1,1,12,18,11,2,10,1,1,1,1,1,14,1,1,14,1,18,14,1,1,99,14,1,1,1,13,1,1,10,1,1,1,1,10,1,9,10,1,1,13,14,1,1,1,11,1,1,1,20,12,1,20,1,11,14,1,13,13,25,9,8,1,12,11,1,12,1,14,8,13,7,12,11,17,1,32,3,19,1,12,1,1,11,1,1,13,12,9,13,1,24,1,7,1,1,1,1,7,6,1,1,16,1,1,12,16,11,1,14,1104,18,11,9,1,27,38,1,1,9,14,12,3,1,1,14,8,17,1,20,14,1,1,15,1,1,12,1,1,10,9,1,6,1,7,1,14,10,18,1,1,1,11,1,1,1,13,8,15,17,16,8,10,1,14,10,18,1,1,1,1,2,6,1,1,20,18,29,1,14,8,1,1,14,13,10,13,20,1,1,7,1,1,14,11,1,1,13,9,1,1,9,10,7,7,4,1,2,2,1,1,1,2,1,1,2,1,19,1,1,20,11,15,26,14,11,1,11,1,1,10,1,2,1,1,20,1,17,10,17,2,6,1,17,1,11,1,7,1,1,29,9,14,1,1,12,1,7,1,15,15,1,13,18,1,16,1,1,1,1,1,1,11,22,20,11,24,12,1,13,1,29,1,18,1,1,15,5,1,14,11,12,1,21,1,1,119,1,1,20,10,17,7,13,5,11,13,6,1,16,1,10,1,11,1,1,7,1,6,1,10,1,8,1,1,11,24,8,1,1,4,1,13,14,1,15,1,15,1,11,1,1,10,6,1,1,12,11,1,1,8,11,11,17,1,1,1,10,9,1,1,14,10,1,1,1,1,15,1,15,1,18,5,12,14,14,7,17,1,17,17,1,3,4,1,7,13,10,1,12,11,5,11,2,8,1,1,1,2,13,1,8,16,13,14,12,1,1,1,1,1,1,9,10,1,10,5,8,10,1,4,1,7,1,25,7,11,1,1,1,17,1,19,1,13,5,1,1,1,1,1,1,1,12,15,1,12,15,2,1,15,1,1,21,18,6,12,1,14,12,1,1,21,12,1,25,1,1,12,1,13,1,1,2,22,20,16,1,9,8,20,9,7,1,21,12,1,1,19,1,26,1,1,1,7,12,17,19,1,1,1,13,1,14,1,12,11,1,1,14,10,12,8,1,1,1,7,28,4,9,14,1,17,6,1,8,15,14,11,9,1,2,16,1,16,16,1,1,1,1,1,1,1,15,6,1,8,1,15,14,10,1,14,11,1,15,10,11,15,10,4,11,37,22,8,1,1,5,13,14,1,15,9,8,2,9,1,1,1,1,1,15,15,7,1,15,13,2,15,1,8,1,18,1,18,7,26,12,25,3,20,9,13,1,1,1,13,1,9,1,1,10,14,11,10,8,1,1,13,1,1,16,7,1,1,1,11,15,13,31,10,1,1,26,1,1,17,1,14,1,10,1,1,13,43,1,1,9,14,2,1,1,13,1,5,17,8,1,95,12,13,1,15,8,1,6,1,1,1,17,1,1,89,23,1,1,1,9,9,1,8,8,11,1,11,9,13,9,1,1,1,1,31,1,1,6,1,1,15,1,1,1,1,14,1,1,17,1,1,1,1,1,1,1,1,15,1,1,1,1,15,1,1,1,1,12,20,1,20,2,20,1,11,1,12,1,114,13,1,15,1,13,1,30,19,1,23,17,1,1,1,1,14,14,1,11,16,18,1,1,13,1,2,1,1,26,15,1,11,25,10,10,1,11,1,1,1,1,7,1,1,1,1,19,17,1,1,18,1,1,1,12,8,1,1,1,17,17,45,1,1,1,1,5,9,13,13,1,1,1,50,13,1,17,1,1,1,107,1,1,14,1,1,1,12,8,1,15,12,13,11,19,7,6,9,9,14,1,1,7,3,5,6,12,11,12,12,17,12,7,7,1,16,10,1,1,17,1,12,15,1,1,1,19,1,17,1,14,9,18,1,1,7,27,1,14,9,1,1,11,18,1,1,1,7,1,17,1,13,10,1,16,1,5,1,1,21,10,9,1,3,2,3,13,11,18,1,12,1,1,11,1,1,1,16,1,11,25,15,19,2,16,1,45,13,7,13,1,1,1,16,1,11,1,1,16,1,2,1,15,1,10,5,8,1,16,5,9,16,1,19,1,1,12,16,14,15,1,1,1,1,1,1,20,13,1,1,12,1,1,10,1,11,1,1,10,17,1,8,12,1,3,15,1,1,11,16,17,4,1,1,1,12,14,1,18,5,1,14,11,1,16,1,17,14,12,1,1,14,1,1,7,1,17,1,1,11,1,1,1,24,13,11,1,15,2,1,1,13,19,7,4,14,1,14,23,1,1,8,22,13,1,1,12,1,3,15,1,10,12,14,1,1,1,1,1,13,9,6,12,41,12,9,19,1,8,1,18,15,1,1,1,17,21,1,4,1,1,1,5,1,1,10,5,24,10,1,1,1,1,6,1,4,13,10,1,15,1,11,14,18,9,1,22,13,8,13,1,1,1,15,1,1,1,1,1,1,5,1,1,68,1,15,11,1,4,1,36,20,16,1,1,19,12,15,14,17,1,6,14,1,20,15,15,14,1,16,1,16,1,1,1,11,16,1,1,1,9,12,1,13,1,12,8,1,1,12,1,9,12,1,1,23,20,10,1,1,1,1,1,1,16,15,1,1,16,1,20,1,23,1,10,25,1,92,1,1,1,1,6,19,12,17,1,1,17,1,25,8,19,1,7,1,7,1,7,7,112,19,1,1,9,1,5,1,9,92,1,1,11,1,22,12,45,1,9,8,1,2,9,1,1,1,1,1,11,1,1,6,1,1,1,1,11,11,18,16,1,1,1,1069,17,4,10,11,1,1,1,5,1,19,1,1,8,12,12,11,13,13,5,1,6,1,11,1,10,11,30,11,17,23,13,13,1,23,1,1,20,1,8,4,1,12,1,5,1,13,1,14,1,2,21,1,1,1,9,1,1,22,19,1,11,9,1,17,16,13,1,4,17,1,19,1,1,1,11,12,18,32,1,11,12,8,1,5,1,3,1,1,10,1,8,10,1,12,12,6,10,106,1,1,7,1,12,31,1,14,7,4,10,1,13,1,1,7,10,1,1,4,9,1,3,1,1,13,1,33,1,23,1,1,1,1,15,9,1,1,15,4,9,1,1,25,8,8,1,12,16,1,1,14,1,1,13,1,7,82,1,9,1,11,9,9,18,8,16,1,1,1,12,1,1,1,15,1,1,4,1,1,16,14,1,13,16,5,1,20,13,1,19,2,1,7,18,13,1,12,1,1,1,12,12,6,1,1,1,15,10,13,9,8,14,1,1,17,21,1,11,3,1,1,1,1,11,11,1,1,13,18,21,1,28,11,13,8,99,14,12,1,1,9,18,1,1,1,1,1,7,16,11,1,11,9,1,18,18,1,11,8,8,9,1,11,1,10,1,14,1,10,8,20,26,14,1,1,1,2,18,1,1,1,6,7,1,1,19,10,15,14,2,1,9,1,1,16,14,1,6,12,1,13,117,19,8,11,1,1,12,11,12,1,8,15,1,7,11,1,16,14,12,16,18,1,10,1,16,22,22,6,1,6,11,14,2,7,15,1,17,1,15,13,109,1,1,1,7,1,12,1,16,1,6,71,5,20,12,1,11,1,1,14,13,23,1,1,12,14,15,4,15,13,13,11,1,1,1,1,22,1,2,1,9,9,1,17,12,6,17,12,1,1,201,13,20,7,1,20,1,1,10,1,13,1,1,12,8,12,9,6,1,8,1,1,2,10,1,1,7,21,1,15,15,10,1,1,9,1,11,1,14,14,8,1,1,16,1,1,1,10,1,1,7,1,63,1,1,12,1,9,1,1,1,11,12,1,1,16,15,15,1,1,17,14,8,1,1,1,1,9,1,13,7,1,1,13,1,1,6,1,1,17,1,17,1,4,1,15,1,17,14,10,9,1,1,1,14,1,1,10,14,1,13,20,18,10,1,1,1,12,12,1,13,1,1,8,1,20,1,1,12,14,1,1,14,1,7,1,1,1,1,1,1,13,1,1,1,1,1,1,16,1,1,13,1,8,1,1,1,13,1,1,1,15,1,1,1,57,1,16,4,27,11,10,16,20,13,11,1,1,10,26,1,1,6,15,12,1,10,18,9,1,26,8,12,11,74,1,1,1,22,11,1,14,1,13,1,15,1,1,13,1,9,1,16,7,10,4,1,14,1,17,1,15,23,1,1,1,7,1,1,1,54,1,1,13,1,1,1,1,4,1,17,1,1,1,1,7,9,1,18,6,6,7,73,1,1,12,1,1,1,1,1,1,1,8,12,8,1,14,1,1,1,1,11,1,9,13,4,1,12,1,1,1,7,1,1,1,1,7,14,2,13,1,13,10,15,1,1,11,1,12,19,24,1,11,14,1,1,11,1,1,1,1,15,9,44,11,16,20,9,15,16,13,1,1,18,11,1,1,7,16,1,1,1,12,2,12,14,18,12,2,2,1,1,1,13,1,13,1,1,1,10,3,1,1,1,1,1,14,18,2,1,11,1,1,8,9,13,6,16,4,1,11,1,11,15,1,8,1,3,1,16,15,4,1,1,16,54,30,14,10,31,28,2,1,1,1,1,32,1,11,1,1,3,9,9,1,14,12,16,13,1,1,10,8,6,20,5,25,1,9,17,2,17,9,14,1,1,7,14,6,4,1,1,1,9,1,9,5,1,14,6,1,15,1,9,8,1,1,11,14,1,23,13,1,13,10,1,13,1,1,4,13,1,11,1,1,17,1,13,19,1,12,11,1,11,15,6,16,20,14,62,17,16,1,1,1,10,1,13,11,16,1,11,1,11,1,15,6,10,15,1,8,15,1,1,1,9,13,10,9,1,7,11,6,4,1,1,1,32,7,12,11,23,5,9,17,1,1,21,1,1,1,1,1,14,14,1,1,1,32,1,1,1,13,1,15,13,17,1,14,8,23,17,1,1,1,1,1,15,13,6,12,6,1,1,51,1,17,1,1,12,19,1,2,1,10,1,114,10,20,12,1,1,16,1,1,1,5,1,16,21,1,1,11,1,10,11,18,1,14,1,7,16,10,1,9,9,9,14,18,10,1,8,1,14,19,1,8,15,1,10,1,20,13,16,1,12,13,11,11,1,10,19,84,1,18,1,22,13,18,15,19,1,17,10,1,72,1,15,1,17,1,1,1,8,10,14,14,1,1,1,15,12,10,14,1,1,11,3,1,28,12,1,11,10,24,10,4,1,3,6,8,1,1,8,12,1,12,18,1,1,1,19,1,1,1,22,1,12,1,15,128,4,15,2,5,1,11,14,6,96,1,16,18,1,8,1,20,3,1,13,12,1,8,1,7,13,30,12,1,1,11,2,13,11,4,1,1,13,19,1,8,12,1,13,10,1,1,9,1,7,10,5,18,1,5,9,1,1,1,2,1,15,1,1,1,1,15,12,1,1,13,12,15,11,1,1,14,7,24,1,12,15,5,1,1,11,1,1,1,1,16,1,13,16,62,1,4,1,1,1,2,19,1,10,1,1,10,1,1,20,1,1,1,5,1,1,1,1,1,1,1,10,14,1,16,18,1,1,74,7,13,9,1,1,1,9,1,6,26,1,1,226,1,18,18,14,1,13,11,2,15,1,10,1,1,31,11,1,1,1,1,1,15,12,1,1,5,8,13,17,14,14,1,1,1,1,11,11,1,63,12,4,15,11,1,1,1,1,1,1,22,1,95,3,1,22,11,1,10,18,9,1,10,12,1,1,1,1,1,1,1,1,24,7,40,1,13,1,22,11,1,6,11,1,1,1,1,14,1,15,1,15,25,1,6,11,13,1,9,17,8,9,1,1,8,1,1,1,1,1,1,12,1,1,13,2,3,1,1,1,1,7,11,1,9,15,1,1,1,16,19,11,10,1,13,1,13,1,15,11,17,1,1,13,14,7,8,33,10,1,1,41,16,1,1,3,21,20,12,23,136,1,11,12,1,14,9,1,31,13,2,1,1,19,11,19,1,1,1,19,11,1,1,59,10,1,1,8,1,14,1,13,15,2,1,1,11,16,12,1,7,13,9,1,12,1,18,1,14,1,3,18,1,4646,1,14,9,6,19,2,18,1,1,18,1,11,8,1,1,1,5,20,1,5,1,23,1,10,1,1,2,1,1,1,1,1,1,1,25,13,1,15,5,13,8,1,2,1,16,17,14,14,1,10,17,16,1,12,1,1,1,13,1,13,9,17,14,1,12,11,8,9,14,1,1,12,13,11,1,3,1,10,1,20,9,95,17,1,11,1,7,18,1,1,1,16,1,1,1,11,1,14,5,1,1,16,1,17,1,9,1,1,1,1,1,1,1,12,1,1,11,9,12,1,13,10,1,17,8,7,1,17,27,13,2,16,42,14,21,1,9,14,103,10,6,12,24,1,21,1,8,1,1,20,9,1,16,13,2,1,1,1,13,1,1,1,3,1,11,1,1,1,11,1,11,1,2,13,1,1,1,1,9,5,1,12,1,1,6,8,11,1,17,13,11,11,1,1,1,1,61,1,16,5,1,1,1,1,20,10,1,1,18,1,16,1,35,13,1,10,1,1,1,1,10,7,13,1,12,1,1,14,6,1,1,17,20,8,20,1,10,6,1,12,1,1,13,13,1188,1,14,15,8,12,8,6,13,9,16,12,12,8,11,1,5,13,1,1,1,1,1,7,4,11,15,1,17,9,5,1,1,1,16,1,3,1,19,1,1,1,8,15,1,1,14,1,1,8,1,10,18,1,20,1,12,1,2,1,1,12,1,1,12,1,1,1,1,5,11,1,9,1,17,16,22,1,1,13,1,1,1,18,16,9,1,13,1,25,1,1,12,18,13,1,1,1,1,12,1,1,123,4,1,1,38,1,6,1,1,7,16,17,6,14,16,18,1,6,14,1,1,9,1,10,1,1,1,1,1,9,1,8,14,12,15,1,1,1,2,2,10,1,15,2,1,7,1,1,1,1,1,16,14,2,10,11,13,1,22,1,8,2,26,16,1,1,19,23,4,9,8,1,1,1,13,1,8,11,10,1,20,4,27,3,1,1,4,4,1,13,12,14,2,1,17,1,6,1,18,11,1,11,1,12,11,11,1,10,1,18,1,1,1,1,1,20,1,14,1,16,1,1,1,1,1,13,1,1,8,1,10,1,12,1,1,1,13,12,7,21,1,8,6,1,1,3,16,1,13,8,1,1,1,15,13,3,19,18,17,1,14,1,16,1,1,10,14,8,4,1,1,14,1,2,8,6,7,1,16,1,15,1,12,1,8,1,1,15,1,14,11,1,16,1,1,12,1,1,2,10,6,1,13,1,21,14,3,2,7,2,15,1,1,4,1,1,1,10,8,7,10,12,5,10,7,1,10,15,1,9,7,1,1,5,1,1,1,15,1,3,1,1,1,17,13,10,2,11,12,1,1,16,13,1,16,9,1,2,1,10,2,13,23,13,2,1,2,11,1,14,1,1,8,10,1,1,1,17,89,10,1,10,18,11,1,1,1,12,3,1,12,1,1,15,20,1,1,13,1,1,1,1,14,10,1,10,2,1,1,1,6,1375,14,1,1,11,17,1,13,13,1,15,1,20,9,1,8,1,1,1,1,15,13,6,5,11,36,1,13,1,1,1,12,18,10,10,1,111,16,1,14,22,18,1,1,1,27,1,12,8,14,13,15,15,1,14,18,14,12,1,1,8,1,2,4,8,11,13,1,1,16,15,15,1,1,2,10,17,21,8,16,9,1,1,11,1,1,7,23,1,1,7,10,1,1,1,11,1,1,17,21,19,1,1,16,8,1,14,1,1,9,12,11,17,18,1,1,16,1,1,11,1,1,12,10,2,1,11,2,2,1,11,2,1,1,7,13,1,1,5,1,16,7,1,1,1,1,1,7,1,1,1,17,15,7,22,10,1,10,10,20,9,12,1,1,7,2,22,16,1,23,1,6,1,19,56,1,1,10,16,1,1,1,1,9,18,11,1,1,12,1,1,1,1,14,14,17,6,1,16,1,1,3,1,1,10,12,14,11,11,1,1,14,1,1,1,1,1,7,12,5,11,14,4,20,1,1,6,1,12,1,1,1,1,12,1,13,15,1,1,6,7,14,1,1,5,1,1,1,1,9,1,11,8,9,6,14,14,1,14,2,13,12,1,23,1,1,1,30,1,1,11,1,20,9,1,9,13,1,260,10,17,1,19,1,1,21,13,13,4,1,1,3,1,15,10,1,15,15,12,1,16,1,17,1,11,1,10,14,1,20,1,6,3,17,4,16,1,1,1,13,19,1,1,9,4,1,1,1,9,1,9,12,11,1,1,1,1,9,1,1,1,11,1,16,1,1,1,1,1,1,1,9,9,1,1,9,7,14,133,11,14,22,10,1,1,6,15,17,15,9,12,114,1,19,1,18,1,7,15,1,1,16,1,17,16,1,4,16,16,13,91,13,12,1,10,1,1,1,17,1,6,13,82,7,9,1,1,1,1,1,1,1,12,1,1,1,1,1,8,17,19,10,1,12,1,7,1,3,6,19,18,1,18,8,1,11,10,20,1,1,9,5,10,1,10,19,1,16,1,1,14,1,1,25,1,9,52,13,20,1,18,17,15,1,1,11,21,1,61,8,1,17,1,1,2,1,12,11,1,3,9,1,10,1,1,1,1,9,1,1,1,7,8,14,1,1,13,1,11,1,9,14,1,15,8,1,1,1,1,10,16,13,1,19,1,13,1,17,25,15,23,1,1,13,20,8,1,1,16,1,1,9,2,14,14,19,1,1,4,1,15,12,21,14,15,10,1,15,1,1,17,13,5,1,11,16,1,7,1,1,10,14,10,14,11,1,1,1,22,1,26,15,1,1,9,1,1,1,1,1,9,1,1,13,1,1,1,1,1,8,11,1,24,16,14,16,1,1,7,6,1,7,11,7,13,1,13,1,1,1,1,8,12,1,6,1,12,10,30,2,2,6,1,8,1,1,12,1,1,1,1,1,1,14,5,1,1,1,4,1,1,1,16,11,1,1,9,1,14,1,15,11,1,1,1,18,8,25,1,20,3,1,4,1,1,9,21,7,3,1,22,1,15,1,9,8,4,19,1,19,12,1,1,1,13,2,1,1,17,1,11,1,1,11,1,17,19,13,16,1,15,12,13,16,13,1,1,1,16,1,1,14,1,13,1,18,12,1,1,11,13,7,1,1,1,1,15,1,1,17,1,21,11,1,1,1,8,1,11,1,1,6,14,17,1,1,10,1,1,8,10,1,8,1,1,16,16,17,14,10,16,18,1,1,8,17,1,8,1,1,13,1,1,11,1,8,4,1,1,1,5,1,1,1,29,18,1,1,21,10,1,10,5,1,13,39,2,18,2,1,1,1,16,15,52,11,1,15,12,16,14,1,15,1,1,7,16,1,14,1,1,10,1,1,1,13,14,8,9,1,7,1,1,13,7,1,1,1,1,1,1,8,15,7,1,1,1,13,12,1,20,10,4,10,2,16,20,1,15,12,1,1,1,1,12,20,11,16,1,19,1,15,5,1,23,19,4,1,1,12,9,16,1,16,10,2,13,29,4,5,1,14,1,1,10,12,1,40,14,1,6,2,1,1,1,1,1,14,1,7,15,7,11,1,3,14,1,10,1,1,20,8,11,14,1,13,13,1,1,1,9,10,20,11,1,1,6,1,1,9,1,12,4,6,10,16,2,1,1,1,1,6,15,1,1,1,23,1,15,12,18,1,1,1,1,16,6,1,1,1,22,1,7,78,14,13,17,16,14,1,8,1,19,6,1,1,1,13,13,1,20,15,1,1,1,1,1,1,1,1,1,14,8,11,81,1,1,12,1,12,16,36,15,14,10,10,1,1,2,18,1,1,11,1,12,1,1,13,10,11,13,13,1,1,21,1,11,1,1,1,8,1,7,6,15,1,1,10,5,7,14,13,1,25,1,6,11,1,1,1,9,16,16,9,15,11,12,1,16,1,2,2,5,1,2,1,13,8,1,10,1,8,1,22,5,1,14,53,1,13,10,1,2,21,1,1,20,1,18,28,1,23,1,1,1,9,61,11,8,9,13,1,14,13,1,1,4,1,1,5,6,15,1,1,1,11,21,1,1,19,1,1,2,1,1,15,1,8,17,16,1,1,1,1,2,9,10,12,1,1,10,1,20,1,1,12,1,1,1,1,15,1,1,1,8,11,6,1,19,1,1,16,1,13,1,1,1,15,11,18,1,3,1,1,1,1,1,1,10,1,1,1,3,12,17,1,1,15,1,15,7,15,9,1,13,17,1,12,1,1,1,1,7,13,17,13,1,1,16,13,18,1,1,1,13,1,17,15,21,1,1,1,9,14,8,1,6,2,5,15,15,1,1,17,1,8,18,1,15,1,1,17,1,19,6,9,85,1,1,18,13,17,19,1,1,1,93,8,1,1,1,1,1,12,1,11,9,1,11,1,16,19,1,10,1,1,1,19,1,9,15,1,14,1,18,1,1,1,23,13,10,1,18,1,1,1,1,1,1,1,76,9,10,18,1,2,97,1,11,1,1,14,1,4,9,67,1,1,1,5,18,1,23,20,1,1,12,9,1,1,33,13,6,14,4,1,18,16,5,11,10,13,7,1,1,11,10,1,1,5,1,10,5,1,1,1,1,3,12,1,8,11,2,18,1,19,15,1,1,1,14,1,3,1,1,2,15,7,14,1,1,1,1,18,10,9,15,2,7,8,1,8,1,1,1,11,1,1,18,14,1,1,12,1,14,1,1,5,1,6,9,1,16,1,4,1,16,1,1,1,17,15,1,14,10,16,12,9,10,1,18,11,19,1,5,9,14,14,7,1,1,1,5,24,10,19,16,20,8,1,1,1,1,1,1,18,1,16,15,1,1,14,19,13,1,1,21,1,13,1,16,12,73,1,9,35,1,22,1,12,14,1,5,10,1,1,1,9,12,11,8,16,18,13,8,12,1,11,7,10,12,1,1,15,1,1,1,14,11,4,16,1,13,1,6,5,9,7,10,10,10,1,20,31,14,18,1,1,1,1,1,1,18,1,13,13,14,19,1,17,16,2,1,5,1,7,14,1,18,1,11,393,14,1,16,13,14,1,1,96,17,1,1,1,1,14,9,1,1,22,1,22,12,1,23,1,1,15,1,1,6,1,1,1,15,8,9,1,1,1,1,14,6,8,18,10,1,12,1,1,1,1,17,7,21,8,1,13,14,1,1,1,1,1,317,11,1,1,30,1,2,9,1,19,1,16,17,2,1,7,11,17,36,1,11,1,16,1,11,10,1,1,1,20,14,1,10,11,1,1,1,1,19,13,10,1,1,9,1,1,1,13,16,4,1,9,10,1,10,3,10,12,13,20,9,22,11,1,7,18,1,12,1,14,10,1,8,1,1,3,14,1,1,1,16,1,8,5,1,1,5,2,22,1,1,12,1,14,1,2,11,1,1,9,1,2,8,9,1,12,1,1,8,8,2,1,1,12,1,1,1,14,9,1,9,15,16,18,1,1,8,1,1,14,1,19,3,15,10,21,1,12,1,17,1,1,6,8,6,11,1,22,13,1,11,1,5,1,1,5,20,1,1,7,17,15,10,11,2,13,1,17,1,9,6,12,29,10,1,7,8,1,17,1,1,1,1,12,1,1,15,15,1,5,10,27,1,9,13,19,1,5,1,1,7,1,8,1,61,10,1,1,1,12,14,10,1,1,1,14,1,1,1,1,1,2,11,11,4,15,1,8,6,6,2,1,1,10,1,17,14,17,1,1,1,1,13,1,12,1,1,1,1,1,1,1,1,1,1,1,13,12,1,1,13,1,1,5,4,13,12,9,1,5,13,12,13,1,24,1,9,5,25,1,7,17,8,1,1,71,1,11,10,13,14,6,7,12,11,1,14,1,12,1,12,9,11,5,29,1,12,1,1,8,11,1,7,14,1,1,23,15,1,1,1,1,1,1,5,20,1,1,1,1,1,1,12,11,11,19,13,1,12,7,6,12,10,6,15,10,10,1,7,13,1,8,1,16,1,1,22,1,1,1,1,84,1,1,1,21,1,1,1,20,1,20,15,1,9,11,16,19,3,17,1,23,5,1,13,6,1,1,5,1,1,1,1,1,9,1,16,10,1,1,1,8,9,15,1,8,15,10,13,1,1,1,18,16,1,1,1,6,2,11,13,1,16,11,30,1,9,1,7,10,10,1,1,1,1,2,1,14,1,1,10,1,1,1,27,13,6,10,19,17,1,1,1,12,1,1,12,1,1,13,17,1,14,10,11,1,14,1,14,13,13,1,15,1,1,1,20,1,1,9,10,19,86,1,5,1,10,1,1,1,1,1,1,13,8,1,17,1,18,1,15,1,13,1,1,7,3,1,11,18,1,9,1,1,1,13,11,1,1,1,1,8,22,14,17,1,9,13,12,1,1,1,1,1,13,1,1,1,1,1,1,14,16,6,14,10,1,1,10,3,1,1,11,1,8,1,1,20,2,1,12,11,7,5,8,7,14,10,18,6,1,1,1,10,11,1,1,1,1,14,9,1,1,17,15,1,1,1,15,46,1,2,1,2,8,15,1,25,1,14,14,13,1,14,1,5,14,8,15,1,11,3,12,1,1,31,16,10,1,15,9,9,6,1,1,1,15,8,5,1,1,13,14,1,13,1,1,1,18,1,1,15,2,1,11,4,1,1,1,18,1,1,9,1,2,1,1,15,1,13,1,1,1,1,16,1,1,2,1,1,1,13,1,12,1,1,16,1,19,15,1,1,1,11,1,14,29,1,7,1,1,10,1,1,7,21,1,1,1,10,1,12,15,1,30,1,12,1,17,1,10,1,1,11,9,1,2,1,10,6,13,1,12,1,1,14,1,5,1,1,1,24,1,1,1,2,10,10,1,1,1,1,1,1,11,1,22,11,2,13,6,7,1,11,1,1,22,1,10,1,1,1,10,1,1,5,3,12,10,15,1,1,9,21,24,7,1,1,11,1,14,14,1,23,1,11,1,9,13,1,16,1,1,14,8,1,1,1,11,1,1,10,15,1,19,1,11,13,1,1,16,10,1,1,24,4,1,14,7,1,1,1,1,1,14,21,1,1,23,13,6,6,1,12,24,17,18,13,1,1,1,1,1,9,1,1,1,11,1,10,15,24,1,1,1,1,3,11,9,1,1,1,16,1,1,1,14,1,1,1,1,17,10,1,1,13,13,13,16,1,9,4,1,6,10,1,5,1,5,18,1,5,1,1,10,18,17,23,1,8,1,13,1,1,1,1,1,13,14,17,1,10,1,1,1,18,8,1,5,8,1,16,1,15,1,12,1,13,1,1,16,22,12,1,15,9,11,1,9,1,1,9,1,1,1,1,6,2,9,15,35,1,8,1,15,2,1,14,13,19,2,1,14,1,12,1,1,18,1,13,17,10,1,18,1,16,1,1,14,1,1,11,1,4,6,1,1,1,6,16,1,1,13,1,14,12,11,1,1,1,1,1,12,10,24,11,13,18,16,8,1,1,9,16,14,16,1,22,1,8,2,20,14,17,1,1,1,12,1,4,14,1,16,1,1,13,1,1,1,8,1,11,1,12,1,9,1,1,1,1,20,14,12,1,1,18,3,18,2,4,1,1,12,12,2,1,15,1,1,1,7,8,1,10,14,1,7,6,1,1,1,1,5,2,1,10,1,1,1,16,1,6,16,6,1,1,18,11,1,189,7,1,1,8,7,16,1,15,1,13,12,1,22,15,9,13,5,8,19,9,1,1,11,21,1,2,2,17,1,1,1,1,13,11,1,1,8,2,1,15,1,1,12,10,11,1,21,7,1,1,2,1,8,10,1,10,1,1,1,24,18,1,1,1,25,1,20,11,1,11,10,1,1,1,16,1,1,12,2,1,1,1,6,1,5,1,1,11,9,1,25,14,20,11,19,13,1,1,11,1,11,1,1,1,11,16,5,11,1,10,11,1,1,7,1,1,12,5,1,1,10,2,18,14,1,1,1,1,8,17,6,1,12,7,10,1,5,12,13,8,1,23,12,1,7,12,1,11,1,9,15,1,20,12,1,9,2,14,1,11,5,1,9,1,13,5,1,1,1,1,1,1,7,15,1,1,2,26,14,12,1,1,4,1,1,13,1,1,14,14,1,2,19,16,1,11,38,7,9,18,19,15,15,28,1,1,1,1,9,1,1,1,15,6,25,1,1,1,11,16,12,1,8,1,9,1,1,2,9,24,4,11,2,7,20,1,23,13,1,3,1,1,1,10,1,15,16,11,20,11,15,16,1,1,15,1,33,1,12,9,24,17,1,1,11,12,12,1,1,1,1,7,4,4,7,1,1,1,1,10,1,9,9,1,1,1,1,8,16,1,15,16,24,5,1,1,1,14,1,10,1,21,1,12,14,1,1,1,3,7,1,1,1,62,8,25,1,1,24,1,1,1,7,10,10,6,11,13,1,1,22,14,11,15,1,1,1,1,10,4,1,1,9,1,11,9,9,1,11,1,1,1,1,1,1,9,13,1,13,12,1,1,1,1,1,99,9,18,1,1,11,1,1,9,1,1,1,1,18,15,1,8,1,5,13,2,13,1,16,1,1,1,1,13,1,1,18,1,1,12,1,12,21,1,1,8,6,1,1,28,1,1,10,9,15,14,1,1,8,1,1,14,21,9,8,1,11,1,13,1,1,1,2,12,21,1,1,9,18,23,1,1,1,1,23,21,13,13,14,1,14,1,26,81,1,15,1,17,1,6,1,1,14,6,1,1,13,19,11,17,1,1,14,18,1,17,11,1,1,2,8,1,22,31,25,1,1,1,22,14,7,1,24,1,12,10,1,12,18,1,9,20,1,20,1,1,1,14,10,14,17,1,1,1,1,2,1,10,13,12,1,83,1,1,1,12,1,43,1,27,1,2,8,1,7,1,1,1,1,13,30,1,14,7,10,21,9,1,12,1,15,12,13,2,1,9,9,1,1,1,15,11,12,7,1,12,14,1,8,1,8,10,11,1,1,12,8,1,1,1,6,1,16,5,1,1,16,11,18,1,1,1,1,13,1,5,18,1,1,17,1,20,12,15,11,14,11,13,18,1,15,1,15,9,1,1,10,1,1,1,1,12,1,15,14,7,5,1,1,14,15,1,21,2,8,1,1,6,14,1,13,1,14,1,1,1,7,1,1,6,12,3,1,13,11,10,1,1,6,1,1,1,1,10,11,9,1,13,1,1,17,1,1,17,1,17,5,1,8,1,1,1,1,1,1,14,14,1,1,1,16,14,1,11,10,9,1,11,1,1,10,1,17,1,10,1,1,1,69,9,1,1,7,10,9,7,11,10,1,1,1,14,1,32,1,1,1,7,1,15,12,15,1,19,12,1,1,1,4,73,1,13,1,4,6,18,17,1,8,258,1,10,1,1,1,1,12,1,3,1,9,1,10,1,15,1,1,4,8,1,1,1,1,1,1,1,15,11,1,1,1,1,1,13,1,9,1,1,1,10,1,1,22,1,8,12,1,1,1,1,69,1,10,2,1,1,3,1,1,6,16,1,10,4,1,1,1,10,1,6,13,13,73,10,1,14,1,5,1,1,7,1,11,7,1,1,1,1,1,1,15,12,12,1,15,1,1,1,16,11,1,18,1,13,21,1,3,9,12,15,1,17,14,1,1,1,21,1,1,3,4,9,1,9,1,79,1,10,1,7,18,1,1,10,20,6,1,1,15,20,1,1,1,1,42,11,12,12,1,10,15,1,14,1,17,16,1,17,1,12,1,8,8,11,1,1,1,1,5,1,15,1,5,1,1,5,11,1,14,1,19,10,13,5,18,1,1,1,14,1,2,1,1,15,14,1,1,1,1,17,1,6,1,1,20,12,1,1,16,11,1,1,1,13,17,1,7,11,1,45,1,1,7,1,10,1,13,4,1,15,18,1,1,13,14,22,15,11,1,2,1,4,11,1,19,9,23,1,20,1,12,14,1,1,19,7,96,10,17,1,11,4,1,1,7,2,2,1,11,7,1,14,1,1,10,15,1,10,13,1,1,1,1,3,2,22,1,9,1,14,1,1,8,1,1,1,10,17,1,11,1,1,1,1,1,1,5,1,1,10,1,14,8,1,16,12,7,17,1,13,1,1,1,1,20,1,15,16,16,1,7,1,1,1,1,96,17,15,9,11,1,7,3,399,10,1,12,13,1,1,16,7,1,7,1,35,51,1,1,16,1,4,9,1,1,1,1,19,1,11,1,1,1,1,1,1,26,17,12,1,6,12,1,12,1,11,1,1,28,14,13,17,1,1,1,9,13,18,1,9,132,1,1,8,13,1,45,1,15,13,2,18,11,1,4,1,12,15,1,72,1,1,1,26,1,12,1,1,20,9,5,15,2,25,19,1,1,1,1,11,11,5,15,1,1,1,17,7,12,13,8,1,1,1,10,1,1,1,1,17,24,11,9,1,1,1,6,1,1,12,9,19,1,1,9,6,13,11,7,13,2,8,1,8,17,1,1,1,12,13,10,1,1,1,1,1,1,1,1,1,14,9,17,12,18,2,1,9,16,1,14,1,5,1,2,9,9,11,7,16,1,1,11,1,1,1,1,16,1,1,21,9,1,1,1,1,1,1,14,15,1,18,9,23,1,14,10,1,1,10,9,1,1,1,14,10,1,1,30,8,16,1,1,1,1,1,1,8,17,21,1,13,16,1,21,16,1,12,1,10,1,1,15,17,13,9,8,17,21,11,15,17,1,13,15,15,1,13,1,1,7,1,1,7,1,13,1,1,12,1,17,1,1,12,1,1,14,15,1,1,16,1,4,12,1,27,4,21,1,12,15,15,1,1,5,1,1,26,11,16,1,13,1,13,12,2,1,1,16,1,1,16,17,11,1,13,9,16,22,11,1,115,14,8,11,14,10,1,1,11,12,1,1233,1,7,1,1,1,12,9,17,1,13,1,33,8,15,1,16,13,9,11,49,25,1,1,11,13,1,2,12,9,13,12,1,1,1,16,1,11,16,11,1,1,1,1,12,22,15,12,1,14,12,10,17,20,8,1,7,1,1,1,15,8,1,5,1,9,2,1,6,1,10,12,1,3,1,1,1,16,6,1,8,15,9,11,9,1,1,15,1,1,7,7,25,1,15,14,1,14,3,10,6,1,1,2,1,15,1,4,11,16,1,1,12,1,6,1,1,1,1,1,12,12,11,1,1,14,1,20,117,1,18,1,1,1,11,16,1,5,1,3,8,1,5,1,3,1,1,1,15,18,10,1,1,1,15,1,1,4,9,1,1,19,1,7,10,13,1,1,1,1,13,1,1,1,1,1,20,9,1,6,14,19,2,8,1,17,1,15,1,1,5,8,11,1,6,15,7,13,10,18,1,1,2,1,1,1,17,10,1,14,7,12,14,1,12,12,8,14,5,9,6,14,16,9,1,1,1,6,9,1,1,2,8,1,15,1,12,27,1,13,16,6,12,5,1,13,1,1,13,1,15,1,1,1,1,1,1,1,22,2,6,2,9,107,10,12,11,1,15,2,14,2,1,12,13,17,1,12,1,14,14,2,1,1,9,20,8,1,1,1,15,6,1,21,20,1,11,1,23,9,12,1,1,1,1,1,19,1,17,13,1,20,11,23,14,13,1,1,1,10,8,1,1,1,1,4,1,11,1,1,1,7,1,1,16,13,10,11,12,1,1,1,15,20,1,12,1,15,5,1,10,13,2,1,10,21,19,27,12,1,1,1,1,1,1,1,1,16,2,1,16,13,1,1,2,1,79,6,11,1,1,1,7,1,10,1,8,1,1,11,9,1,14,13,10,1,1,12,1,15,1,1,2,9,10,15,7,7,7,18,39,4,13,5,1,14,7,19,1,13,1,1,23,12,1,14,12,11,1,10,1,14,13,1,1,21,1,6,11,1,1,1,1,1,1,5,10,9,15,7,16,1,1,1,1,1,1,1,1,11,5,1,1,10,8,1,1,1,1,1,9,9,1,1,1,19,1,1,13,7,10,21,1,10,2,8,6,7,1,1,1,1,1,10,1,9,1,1,1,1,9,1,1,13,36,10,5,1,8,1,11,1,1,19,17,12,1,1,1,29,1,1,1,1,2,24,10,1,1,1,1,1,1,11,1,1,1,1,13,10,8,13,8,1,2,1,2,1,13,15,1,16,67,8,16,9,1,1,1,16,6,7,12,10,16,1,6,15,10,1,19,1,16,1,1,14,13,1,1,1,7,1,1,14,11,1,1,78,9,20,1,39,1,1,12,1,1,12,16,13,14,1,16,1,1,1,1,1,17,1,48,9,1,15,16,7,8,1,16,25,6,11,1,1,1,1,10,13,8,1,1,11,12,1,11,1,12,15,1,91,1,1,1,12,1,1,4,14,13,18,18,25,9,1,1,3,1,2,1,21,1,1,1,1,9,10,11,10,41,1,12,1,13,8,1,13,25,1,1,1,11,1,1,1,1,12,1,1,20,6,16,1,1,16,1,17,2,13,10,1,6,6,1,1,13,6,1,20,14,9,9,8,1,1,18,4,15,17,1,1,1,1,1,1,91,4,72,1,4,11,1,15,1,1,12,1,1,15,1,9,15,7,1,1,13,1,15,1,10,1,9,10,1,3,13,1,1,1,7,1,1,9,26,14,12,14,1,1,16,1,1,10,1,12,1,11,1,29,1,1,1,15,1,17,1,9,2,1,13,15,18,1,9,12,1,1,22,11,14,15,23,1,14,1,1,13,10,8,17,1,14,17,11,1,9,21,1,15,1,3,10,17,8,3,1,1,8,17,7,11,14,1,1,1,17,1,11,21,1,17,1,10,6,1,1,21,1,7,1,10,1,11,17,13,1,10,2,18,1,10,1,1,1,1,11,1,13,1,1,1,1,14,13,22,10,19,12,9,1,17,1,10,1,1,1,2,2,1,1,1,7,5,37,1,6,2,1,19,1,1,1,1,1,1,6,1,3,15,1,1,7,5,1,1,3,1,7,1,1,1,1,1,13,1,17,1,1,1,1,1,11,1,1,6,1,2,10,15,1,11,8,16,11,1,1,1,7,1,5,9,10,1,1,1,16,1,13,17,1,14,6,1,1,19,1,1,3,14,10,4,1,1,1,11,1,1,19,1,8,1,1,1,1,1,1,13,1,1,1,8,1,15,4,19,7,1,8,8,7,1,1,10,11,13,9,1,12,6,17,11,8,1,8,1,1,11,12,5,8,1,1,3,13,17,9,12,24,11,14,12,17,18,1,1,12,1,1,10,1,1,12,10,23,1,1,1,14,1,11,1,1,15,2,1,31,1,1,1,1,1,1,1,26,4,1,12,4,30,1,11,1,12,1,1,1,1,9,1,1,16,18,7,11,1,12,11,1,7,11,1,1,1,8,13,9,1,12,1,1,5,1,1,13,1,16,2,10,1,7,1,1,1,1,12,15,1,10,1,10,1,1,1,13,124,1,1,1,20,8,17,1,2,10,1,9,10,1,25,1,1,9,1,8,21,3,1,1,8,11,10,1,1,1,1,9,12,1,18,22,7,109,2,4,17,19,11,1,1,1,1,1,1,1,11,1,1,13,10,1,14,7,1,1,9,1,17,19,1,1,1,17,13,1,1,10,1,7,17,1,10,9,16,16,1,1,1,1,1,20,10,8,11,1,1,11,14,1,1,37,1,1,1,8,11,1,1,24,1,2,1,1,2,20,1,1,14,1,20,1,3,1,12,1,12,14,13,1,1,13,83,1,11,19,1,15,10,11,1,1,1,1,1,1,1,15,16,1,1,19,1,23,1,9,10,6,14,1,4,11,17,1,1,10,1,1,9,15,8,1,1,1,7,1,7,13,1,1,10,5,1,10,13,1,2,16,11,1,19,1,15,1,1,18,12,1,1,11,1,1,1,1,17,13,17,1,7,3,15,1,1,1,16,12,1,1,1,1,10,8,1,1,13,6,1,19,1,8,1,9,1,1,7,7,1,8,14,1,17,1,1,17,17,11,1,1,1,14,14,1,13,1,6,17,19,1,1,1,1,1,4,9,1,15,13,1,1,9,9,1,1,6,1,10,22,1,13,15,6,1,22,1,1,13,13,10,1,2,1,11,1,1,1,1,8,12,23,1,17,1,1,8,1,1,1,1,1,14,10,3,1,5,1,4,1,1,16,1,7,1,14,1,7,18,18,1,12,1,25,1,16,23,13,1,10,20,1,22,1,14,18,1,9,1,1,1,1,1,1,13,13,5,1,1,9,1,1,253,1,9,86,17,15,13,11,29,21,15,8,10,1,8,11,6,3,1,4,11,1,1,1,1,11,12,1,1,1,10,10,1,9,19,1,14,1,8,5,15,1,1,9,1,2,1,1,15,13,1,2,5,8,2,1,11,1,6,1,14,50,20,1,1,10,11,1,10,16,22,13,12,6,9,1,1,11,17,8,2,4,14,9,10,25,1,15,1,9,12,1,11,1,8,20,12,12,21,17,17,11,7,1,1,6,18,33,1,5,1,20,1,8,1,14,12,28,1,2,1,1,15,1,23,16,9,1,9,13,1,12,15,1,4,1,13,4,1,21,2,1,1,8,10,1,8,21,5,1,1,1,15,13,9,11,16,1,1,89,1,6,8,8,1,110,16,15,11,1,16,1,11,1,15,1,1,1,18,9,8,1,12,1,1,1,1,1,1,1,10,9,13,4,1,1,1,11,1,1,14,11,10,1,1,1,1,15,9,11,1,2,1,132,1,1,1,12,8,28,12,9,6,115,22,7,14,1,18,10,10,1,1,1,2,15,1,30,1,13,10,2,1,21,1,1,2,13,8,17,100,1,16,12,14,1,1,12,1,22,17,15,12,1,1,9,1,1,2,17,1,1,1,1,3,18,2,25,1,1,39,6,1,13,15,16,1,1,1,20,1,1,1,1,15,12,1,20,4,13,1,14,1,10,13,1,15,4,11,1,1,1,64,3,1,1,7,1,1,19,15,14,18,6,31,1,18,14,6,1,1,1,1,14,6,34,1,13,1,1,7,1,1,6,1,17,14,18,1,1,15,2,1,17,1,21,1,11,1,1,13,11,14,1,11,11,1,6,1,1,19,15,13,10,11,14,1,11,12,6,18,6,12,17,11,12,1,1,10,13,19,1,43,1,1,1,1,5,1,10,1,1,5,1,16,1,10,1,1,1,19,1,1,1,7,14,1,2,1,1,18,1,1,1,8,12,11,1,8,11,7,18,7,4,10,1,15,11,14,14,18,15,19,3,18,9,1,12,15,10,1,1,1,1,1,1,1,7,11,2,1,1,9,1,1,1,1,1,16,44,1,1,8,1,1,17,1,13,15,12,12,10,1,4,13,1,1,1,10,1,14,1,15,19,1,1,1,1,5,19,1,3,1,8,11,1,23,10,1,15,16,1,10,1,19,4,9,45,1,1,1,14,1,1,16,1,18,15,13,1,11,14,11,5,1,12,1,6,17,1,1,1,7,12,12,1,9,493,1,1,10,1,14,53,2,1,11,1,13,1,1,14,1,1,1,1,11,7,1,14,1,8,8,11,12,18,17,1,16,13,14,11,14,7,2,21,8,1,1,10,18,1,1,2,16,11,126,1,11,13,14,1,1,1,1,1,13,1,10,2,19,1,11,1,1,10,1,19,1,8,1,15,13,1,1,1,16,11,15,9,71,1,15,1,13,31,1,8,1,1,7,15,10,25,8,1,1,1,9,18,1,17,1,9,4,1,12,1,1,1,1,13,5,14,11,1,1,1,1,17,38,17,1,1,1,18,1,8,5,22,12,11,9,1,1,1,1,1,9,1,12,1,11,19,1,1,5,1,61,1,1,7,1,1,4,1,1,1,8,7,6,1,1,1,1,2,1,11,11,16,1,1,1,15,19,16,9,8,1,1,1,15,11,1,1,4,1,11,19,12,5,1,1,17,18,1,4,14,1,1,7,1,1,1,19,1,1,1,1,10,1,21,14,1,1,1,4,19,13,12,1,1,15,9,1,9,14,1,1,1,4,9,12,1,1,9,9,16,1,1,15,1,1,7,1,13,27,1,14,15,17,1,18,14,47,11,10,22,21,1,18,1,11,7,22,1,9,10,1,1,19,16,1,23,11,13,16,2,12,10,1,1,1,1,9,10,12,16,1,1,1,1,13,7,1,15,1,60,52,5,10,11,1,11,1,18,17,11,35,1,1,11,1,15,1,14,1,2,1,3,7,18,1,1,11,1,13,1,18,18,8,1,12,9,11,6,1,12,11,12,12,115,12,1,1,13,1,17,6,11,24,1,1,1,1,1,14,1,15,17,11,15,1,1,1,1,1,1,2,1,2,17,1,24,1,14,7,1,1,10,1,13,6,1,1,11,12,21,1,14,15,3,1,5,3,1,1,1,52,1,1,8,15,12,1,1,1,1,1,1,4,1,28,2,10,1,2,19,12,16,1,8,1,3,1,1,16,11,1,9,11,17,10,1,1,18,11,1,1,1,1,7,23,29,13,14,13,1,8,1,16,8,16,15,9,13,9,1,1,13,1,1,1,1,15,1,1,1,1,17,18,1,1,22,14,11,11,33,1,1,13,1,1,17,1,11,1,18,1,4,1,1,16,6,1,15,13,10,11,12,1,1,1,1,6,1,1,1,1,1,91,1,1,7,15,1,1,17,1,1,1,6,1,1,1,1,1,17,1,14,4,3,1,7,10,10,9,1,1,1,13,1,1,1,8,1,1,1,14,1,1,1,13,1,1,16,9,7,1,1,15,1,1,1,10,8,18,17,1,5,20,9,10,7,4,15,1,10,8,1,13,1,8,22,1,22,1,1,11,10,1,1,16,10,2,15,1,10,18,17,1,18,14,1,11,1,1,10,1,1,1,1,1,1,1,11,17,1,22,1,25,9,9,1,1,14,1,10,1,15,10,1,13,1,13,12,1,1,1,1,11,1,19,20,7,17,1,1,1,1,1,22,14,15,1,24,1,1,1,1,1,16,5,10,1,15,72,1,6,13,1,1,1,1,1,10,1,15,1,19,10,9,18,1,3,81,1,13,1,13,1,1,1,1,15,11,1,8,16,15,1,11,2,1,1,8,1,1,1,1,9,1,1,1,1,1,1,14,1,12,1,20,9,5,2,12,1,19,1,16,1,1,11,1,8,2,8,1,12,1,1,1,1,8,7,5,1,1,9,1,3,7,1,19,18,6,13,11,1,1,20,16,1,1,1,1,15,334,5,1,1,1,15,15,10,12,1,17,1,1,1,1,2,1,1,1,1,1,9,8,1,1,1,8,1,1,1,19,10,1,1,1,427,6,21,1,12,1,1,1,10,1,7,17,8,8,1,1,1,6,1,33,6,1,4,1,2,1,1,1,15,583,1,14,11,1,11,1,8,1,4,2,1,1,15,31,16,1,1,41,7,1,1,15,1,11,12,11,11,10,14,1,7,1,20,17,1,9,5,1,1,1,1,1,1,14,1,1,1,1,16,1,1,213,1,10,14,2,1,1,30,1,1,32,1,18,11,1,10,16,11,1,2,1,8,13,1,12,1,1,13,10,13,1,1,12,1,1,15,1,1,18,1,4,1,2,1,103,1,16,1,12,1,19,9,1,15,1,1,1,15,18,1,19,7,1,1,1,1,1,1,8,1,7,2,12,1,1,5,1,12,1,6,1,21,30,10,1,13,4,16,6,1,1,1,1,35,12,9,1,1,30,1,37,17,12,5,1,1,11,1,1,21,19,1,14,1,14,7,1,1,1,11,14,1,10,1,1,1,12,1,10,6,17,1,1,11,3,1,9,10,11,1,1,16,15,16,1,14,20,21,1,1,13,9,7,1,10,22,1,1,10,29,1,9,1,1,1,1,2,1,2,16,6,8,4,10,12,1,1,14,1,18,13,14,8,14,1,19,1,1,1,18,1,20,16,18,1,1,1,3,1,1,4,1,14,1,3,14,1,1,10,1,24,8,1,15,1,1,1,1,23,23,17,1,1,4,12,9,1,1,1,1,10,1,10,5,10,5,1,17,14,11,10,18,11,4,19,1,6,18,1,12,3,18,1,1,2,14,7,11,16,17,1,1,13,1,1,1,1,14,1,16,8,1,1,1,13,1,1,1,8,1,13,1,1,1,1,9,1,1,1,1,1,8,1,5,111,1,12,10,19,1,1,15,1,1,1,1,1,1,1,1,6,1,1,22,1,14,16,1,12,29,11,6,11,6,14,1,12,21,10,1,1,13,1,11,13,1,1,1,11,7,14,1,16,10,22,2,1,1,1,1,1,15,11,1,14,13,1,23,1,1,14,52,10,15,8,14,1,9,16,1,9,1,10,12,177,1,13,13,1,1,1,1,1,1,1,15,11,4,1,15,55,17,10,1,1,14,1,9,1,7,1,10,6,13,1,1,18,6,1,14,15,1,15,1,1,6,14,1,9,15,1,7,1,1,1,4,1,1,6,1,5,1,1,7,15,10,1,15,19,11,7,1,11,1,1,1,1,1,1,11,1,10,13,7,15,1,15,1,26,1,15,543,1,3,17,12,1,1,11,1,18,14,16,13,21,1,1,1,1,1,16,23,1,128,1,1,13,1,1,1,18,1,10,16,1,8,1,13,19,12,11,28,8,1,12,100,15,3,7,8,8,14,8,21,17,1,1,12,1,17,18,1,136,18,1,1,1,11,1,1,1,1,1,17,5,10,4,9,1,1,1,8,4,13,1,14,9,1,8,13,12,2,7,15,13,23,13,7,1,18,24,1,7,1,1,1,1,1,1,1,10,1,1,34,1,1,1,13,1,16,1,2,1,22,11,1,1,1,1,12,1,1,17,15,1,12,1,12,1,1,11,1,10,13,16,1,1,1,1,16,12,1,26,1,1,9,8,13,6,10,12,2,8,16,1,1,21,12,1,1,1,20,71,1,17,1,1,11,16,25,1,8,11,1,1,13,1,1,1,12,1,1,20,1,14,10,1,1,11,1,1,4,13,1,8,1,8,1,15,1,1,1,13,1,1,1,1,5,1,1,8,1,10,2,3,12,1,87,1,26,16,16,9,14,1,6,1,17,14,1,14,21,19,15,1,1,1,2,1,1,1,1,9,19,20,1,7,9,1,1,1,1,1,1,10,1,2,39,4,1,10,16,12,1,1,1,7,13,10,1,12,1,1,16,1,15,12,1,1,7,21,19,2,12,14,8,2,1,1,13,1,1,1,12,1,1,1,5,1,1,11,8,3,1,9,14,1,11,4,10,8,4,15,13,16,2,11,1,11,1,1,1,14,16,1,8,1,1,15,1,18,21,13,1,1,17,15,17,1,1,14,1,9,9,1,1,4,2,4,19,1,14,1,1,18,10,7,1,1,23,1,16,1,11,1,14,1,1,1,1,22,1,21,18,17,21,4,11,1,18,1,1,14,11,19,1,1,1,23,25,7,1,11,10,29,1,1,11,1,1,29,13,1,10,11,2,6,1,1,1,11,7,14,1,80,1,1,14,1,25,1,1,12,1,2,9,1,1,1,6,1,16,1,14,1,1,1,12,17,3,1,1,12,28,1,1,1,1,1,17,11,17,5,8,11,9,1,1,7,1,22,16,1,22,1,1,12,1,1,8,8,1,18,13,1,1,5,1,6,15,1,1,1,22,1,1,78,1,11,17,10,11,9,14,1,1,9,15,17,9,1,31,1,1,4,17,3,1,1,1,1,1,1,1,7,8,2,1,17,1,1,3,12,13,9,1,33,22,1,1,1,5,1,9,23,15,11,1,1,1,11,9,13,1,1,1,10,20,18,10,10,23,6,1,2,1,1,19,1,19,1,14,15,6,13,1,1,1,1,11,9,16,14,1,10,2,2,1,14,1,2,1,1,1,1,19,1,10,1,48,1,13,11,9,16,16,11,15,1,16,6,19,1,7,1,1,13,9,21,4,1,1,1,21,13,1,1,20,14,6,5,9,1,9,1,1,1,6,1,1,1,1,1,10,11,13,1,1,10,1,1,13,1,1,1,1,1,1,16,7,1,1,1,7,12,88,1,10,7,1,1,11,1,39,1,12,1,1,1,1,1,10,1,3,1,8,10,1,10,18,23,12,5,3,13,1,1,1,8,1,1,1,8,8,1,1,1,1,3,1,12,1,7,13,1,1,8,15,1,9,13,7,1,20,9,17,10,18,1,6,1,1,1,12,16,1,13,1,7,4,16,18,11,1,15,14,11,1,1,1,1,1,1,1,1,2,15,3,8,1,18,17,1,1,1,1,14,22,1,6,1,11,13,1,1,4,55,1,1,18,1,20,15,1,1,12,1,16,1,15,11,1,1,7,15,1,17,29,1,14,8,1,13,1,13,13,1,1,1,14,1,2,14,5,13,2,12,12,12,1,12,1,1,1,1,16,1,1,12,1,19,8,1,1,8,1,13,1,1,1,1,1,1,1,6,1,18,8,1,10,11,1,13,17,13,9,1,15,9,13,10,20,11,1,1,14,1,12,17,13,15,1,16,15,22,22,17,19,1,13,1,1,1,5,17,1,1,11,1,9,10,4,1,1,34,1,1,15,9,10,1,16,31,1,14,9,5,12,11,1,14,4,14,7,8,14,1,1,12,1,1,1,9,1,1,1,1,14,1,18,14,8,13,15,1,7,20,12,76,1,1,1,9,22,11,9,1,66,17,7,1,1,1,1,14,2,14,1,10,1,1,8,1,14,1,14,12,1,1,4,1,1,21,1,1,1,9,1,11,1,1,4,1,16,6,1,9,1,1,6,10,12,9,10,1,10,16,7,1,10,6,16,1,9,7,18,9,13,1,14,1,1,1,18,9,1,78,1,11,1,15,22,9,1,1,14,1,1,5,1,10,21,15,1,17,21,90,1,1,1,1,1,1,13,1,1,15,14,16,6,10,1,1,1,1,14,1,5,1,8,8,12,22,1,1,1,126,1,5,15,1,10,6,15,7,1,19,19,74,1,1,1,18,1,16,12,1,1,1,7,7,9,4,7,1,7,19,1,2,1,1,11,1,1,1,1,1,1,11,8,1,13,1,1,18,12,2,1,1,18,1,1,7,1,1,1,1,1,1,14,12,10,11,15,1,12,2,63,17,11,1,18,8,1,1,1,1,1,14,12,1,13,29,7,1,4,1,12,1,1,9,1,13,1,11,9,8,1,7,1,18,1,5,1,1,13,15,26,11,18,20,8,1,2,17,66,16,1,4,12,12,2,1,9,21,1,1,19,22,1,9,10,1,21,7,12,8,17,12,13,8,12,1,1,5,20,1,10,21,1,1,1,12,9,1,1,17,18,1,1,1,1,1,15,1,10,1,14,16,16,1,11,11,11,1,7,6,1,1,18,1,3,1,1,21,1,1,1,1,8,8,9,12,1,20,13,14,2,7,9,32,6,6,1,12,6,1,1,17,17,13,1,14,9,8,1,18,14,6,1,4,1,11,1,1,9,11,1,1,1,1,1,1,12,3,1,1,10,1,8,7,1,1,1,1,1,1,11,15,1,1,12,1,1,1,1,1,2,1,8,12,15,1,1,14,1,1,1,1,1,19,8,1,16,15,1,14,1,1,14,1,1,1,1,20,10,1,9,1,7,12,7,12,2,1,10,1,1,17,9,28,1,1,14,1,8,1,1,1,1,30,13,1,1,12,1,1,10,1,1,11,2,1,1,1,1,14,14,14,10,1,1,30,12,14,9,6,1,1,1,13,18,11,1,1,14,2,1,13,12,1,1,29,12,1,30,1,12,1,12,1,11,1,8,22,1,15,16,1,1,1,12,1,14,4,1,10,22,18,10,1,10,16,4,1,12,11,1,1,7,8,8,13,9,1,11,17,11,1,8,5,16,17,1,1,1,9,1,11,10,7,1,1,10,7,15,1,1,9,1,1,1,1,13,12,1,14,1,18,21,1,1,1,1,16,1,1,1,1,1,1,1,1,5,13,5,31,1,16,1,1,1,10,11,1,1,1,10,14,19,15,1,8,1,118,11,1,1,1,10,10,17,1,16,12,1,17,1,31,1,11,1,1,11,9,14,17,1,1,11,18,14,9,1,14,21,7,1,1,1,11,4,5,1,1,1,6,1,18,13,3,19,19,1,1,1,2,19,8,15,15,4,3,1,8,1,16,1,8,1,10,1,9,11,13,1,1,27,1,1,1,1,27,9,1,9,1,1,1,1,236,13,6,26,1,1,14,12,1,1,18,9,1,1,18,1,1,1,1,4,17,1,15,10,24,1,10,13,13,12,11,1,1,7,1,9,1,9,1,1,20,24,1,15,19,8,18,1,1,1,17,8,12,26,1,1,17,1,14,12,12,1,10,16,16,12,1,14,7,11,1,1,1,13,1,1,13,1,1,1,33,13,1,10,1,1,1,9,8,17,10,1,3,12,11,2,15,1,1,1,1,15,1,1,13,9,1,1,1,15,17,1,3,1,1,13,1,1,1,12,18,1,1,29,1,10,10,115,1,1,4,1,1,1,1,14,8,1,9,1,8,14,15,14,5,17,10,1,1,7,1,7,14,14,12,1,11,4,4,12,11,1,1,1,1,1,29,1,15,1,12,11,18,21,2,1,1,1,1,18,33,13,1,11,14,1,2,18,1,40,19,11,1,1,18,11,2,13,1,1,11,1,12,12,17,1,1,1,1,1,1,11,1,1,18,4,4,10,1,17,9,10,8,11,1,1,12,2,14,8,1,1,1,1,11,1,13,1,9,12,1,1,2,6,1,23,1,39,1,18,12,1,16,2,15,14,1,1,1,10,26,15,16,1,11,2,1,12,1,14,1,4,8,1,10,1,22,1,16,10,1,1,16,12,6,1,1,12,16,1,1,15,1,20,13,1,11,1,10,1,1,1,23,17,3,14,2,22,1,16,1,13,1,316,1,1,1,10,16,9,8,1,1,1,1,11,16,1,13,1,12,1,3,19,1,1,10,80,8,2,1,4,1,1,1,11,1,1,1,1,7,5,19,1,6,1,3,20,1,15,1,16,1,2,1,6,12,15,1,15,12,1,1,1,13,1,5,17,1,15,1,1,1,9,1,16,9,8,1,1,14,6,1,1,1,1,6,12,6,1,1,1,1,16,7,1,1,21,21,1,15,1,1,1,7,1,17,1,1,1,20,10,6,1,2,16,4,7,1,14,16,1,1,1,6,1,1,1,7,1,26,1,1,1,2,1,10,29,14,1,5,7,7,17,19,1,18,1,12,24,1,1,1,1,12,13,19,1,1,1,77,1,11,1,10,7,13,14,1,5,1,8,1,1,2,1,11,21,1,15,17,7,22,1,12,14,13,16,13,1,10,1,1,3,1,1,24,1,1,33,8,1,21,9,15,3,1,6,11,10,1,1,1,1,18,14,6,1,1,10,1,1,1,1,14,15,20,1,1,9,1,8,17,7,5,13,1,86,1,14,1,1,1,14,1,1,11,7,11,13,1,8,1,1,1,1,1,108,9,1,16,15,19,1,19,1,1,15,3,1,7,1,1,9,1,1,14,1,10,1,9,1,4,1,7,1,1,1,1,1,1,11,17,1,1,17,9,1,3,1,1,13,1,14,18,46,16,9,20,1,1,13,1,16,8,13,11,1,1,21,1,15,19,17,5,1,1,15,1,1,1,9,12,4,1,12,1,21,1,1,1,1,13,1,9,13,3,1,12,17,13,1,6,10,11,1,1,11,1,1,1,1,1,3,1,1,1,1,1,1,9,12,1,13,1,22,13,15,4,16,1,11,13,33,16,216,1,10,19,1,1,1,1,15,10,1,21,1,1,20,13,1,1,1,18,1,10,10,6,17,15,21,1,16,1,1,1,2,5,1,1,3,1,9,1,13,1,1,1,1,1,1,1,1,1,1,9,1,1,1,16,12,9,1,6,15,21,1,1,1,1,1,13,1,8,1,1,13,9,1,1,14,8,10,2,9,13,10,1,10,11,1,12,1,7,13,1,12,1,1,1,1,7,1,10,1,1,1,15,6,1,1,1,1,9,1,18,11,1,11,1,1,20,8,1,1,1,1,13,9,1,13,13,13,1,1,17,7,1,13,3,1,8,1,5,1,12,1,1,8,6,1,1,8,17,6,1,9,11,10,1,11,8,2,2,1,19,10,12,5,1,13,1,12,1,12,10,1,1,1,1,13,13,11,13,1,18,1,1,7,1,1,8,22,1,1,19,1,24,2,11,9,1,22,1,5,16,9,1,12,1,1,8,4,1,1,15,6,1,17,1,1,8,1,16,22,1,7,1,1,30,3,12,1,1,1,1,6,1,11,12,12,1,9,1,9,1,1,16,17,1,1,15,14,9,12,12,13,14,1,1,1,1,12,1,11,11,18,1,17,1,8,20,31,6,11,4,1,18,1,13,1,18,1,19,1,14,1,1,18,1,6,8,1,1,10,16,1,3,12,7,1,1,18,15,11,11,15,1,20,1,1,1,1,1,14,13,37,17,1,1,1,7,1,10,14,1,16,26,1,1,1,2,7,1,1,5,1,7,1,1,3,19,1,1,1,5,1,1,13,1,1,1,10,4,1,10,1,13,2,1,1,16,1,19,17,4,15,9,1,1,4,15,7,1,1,1,1,1,1,13,6,14,14,18,1,1,1,4,1,10,11,8,1,9,18,1,10,1,1,1,6,1,20,1,1,12,1,1,1,1,5,1,1,12,18,1,1,1,1,6,2,18,1,13,21,1,17,16,12,14,12,2,1,1,1,16,15,1,1,1,9,1,5,14,15,1,11,56,13,22,1,10,1,1,1,13,1,1,18,1,24,1,12,8,18,1,11,30,16,13,1,1,1,1,1,15,1,109,1,10,14,14,3,15,1,1,8,21,1,16,1,1,1,16,22,1,11,1,1,1,5,1,14,1,35,1,2,13,12,1,1,21,17,12,1,1,18,10,1,9,1,11,1,15,1,11,1,12,13,17,1,14,1,17,14,36,1,13,16,1,1,10,16,11,1,1,1,1,8,1,1,1,8,13,16,9,21,1,1,1,1,10,1,4,13,1,14,8,1,1,19,13,1,11,12,1,11,1,5,14,18,1,11,9,1,16,2,1,13,11,1,1,1,14,1,17,14,5,1,1,1,13,14,10,22,1,1,1,2,11,1,12,17,2,1,10,18,12,16,1,13,1,1,1,1,7,6,1,1,9,12,1,19,1,1,9,5,1,10,11,8,1,14,16,1,1,3,1,17,14,10,1,1,1,13,8,1,1,1,1,17,13,12,1,1,1,6,6,1,16,1,14,1,1,16,11,11,1,17,1,16,1,1,1,1,1,16,13,12,1,1,6,10,1,8,4,18,16,12,107,1,1,9,1,12,1,4,5,1,1,1,1,1,1,1,1,13,18,15,1,12,1,1,1,1,15,11,13,14,12,8,12,1,15,12,75,1,16,24,306,8,1,7,1,9,5,1,1,1,12,10,2,13,744,1,15,1,5,2,17,1,15,6,21,15,1,1,11,1,14,13,1,1,18,15,8,1,1,1,25,1,12,1,12,1,14,9,11,9,6,13,44,2,1,17,1,2,1,1,1,18,10,1,8,8,9,1,13,1,13,10,10,1,1,12,1,1,16,10,1,11,1,1,12,17,1,23,1,9,14,3,1,6,1,3,12,3,1,9,7,1,1,12,4,14,1,14,5,8,3,1,1,1,1,1,1,19,1,31,9,1,11,31,1,9,37,6,10,1,1,13,1,9,21,1,11,1,14,20,16,13,1,14,1,1,1,1,14,11,9,1,18,25,10,18,1,1,1,15,9,1,8,5,25,15,17,7,9,8,14,1,1,1,13,1,1,13,1,12,1,6,1,14,5,17,1,1,9,1,12,1,1,1,1,1,12,5,10,22,11,1,1,33,1,20,16,1,1,21,1,1,1,2,1,1,17,1,9,9,1,1,1,1,1,12,1,29,18,1,5,4,12,13,7,19,1,13,3,16,7,16,1,7,27,1,11,108,1,17,11,1,1,12,15,14,1,19,8,1,1,1,1,1,1,1,19,1,1,1,1,5,10,1,1,5,1,3,14,7,13,12,1,1,11,1,15,12,1,10,1,1,7,1,1,1,17,10,1,1,1,11,1,1,1,1,1,1,1,1,1,1,14,16,12,10,1,1,15,16,16,1,47,1,14,16,14,1,1,27,1,16,15,1,1,1,1,9,1,12,1,12,1,19,8,2,30,15,1,1,6,15,16,11,1,8,1,5,1,10,12,6,1,24,12,1,1,16,1,1,9,18,1,1,17,1,1,19,1,1,20,60,1,9,1,29,12,1,1,5,1,1,5,13,1,17,20,1,3,5,10,12,1,1,1,10,1,26,1,1,14,8,2,1,15,1,8,21,10,20,14,1,8,1,12,10,19,9,11,13,10,1,1,10,9,1,1,16,11,9,7,14,1,1,13,1,6,1,1,6594,1,23,14,2,1,1,29,5,17,8,25,1,1,23,16,19,1,4,7,27,14,1,1,14,1,1,1,14,99,16,1,1,1,8,12,17,1,9,11,1,1,1,11,11,1,210,1,20,1,1,1,11,1,12,8,14,1,1,1,1,18,10,4,11,1,14,18,17,12,1,12,12,1,1,1,8,1,12,15,6,9,9,13,1,15,1,21,4,9,4,18,20,11,8,1,1,1,4,9,1,1,1,8,30,1,17,8,16,1,9,1,12,1,1,16,17,18,1,1,1,1,1,1,1,1,1,14,1,9,1,1,10,1,15,4,475,1,1,1,17,86,10,14,8,9,1,1,1,10,14,5,7,6,20,11,14,2,1,1,18,1,10,1,1,1,21,14,2,18,14,1,8,10,1,1,17,1,1,1,13,10,1,2,12,1,1,1,1,1,14,9,14,17,9,1,1,1,70,1,14,1,5,9,15,1,10,14,10,7,12,8,9,2,1,1,1,1,1,1,1,17,5,1,19,9,1,14,1,7,14,13,1,6,6,1,17,7,12,16,21,4,1,10,1,12,5,11,1,16,6,11,1,1,15,12,1,7,1,1,16,15,18,16,1,2,1,1,9,1,1,2,12,18,1,10,1,1,7,2,10,1,22,1,9,20,6,10,10,1,20,1,9,18,4,13,1,2,582,1,1,1,1,7,1,115,1,2,1,11,8,16,15,7,7,12,6,10,1,1,1,13,21,1,11,1,1,1,11,1,1,1,1,10,1,1,1,9,1,23,1,13,1,1,1,10,1,14,10,11,6,1,11,2,1,18,5,8,1,1,10,10,12,19,1,1,1,10,7,17,1,11,13,18,1,1,8,16,12,9,13,1,1,2,4,1,1,1,2,16,7,12,1,10,1,16,1,1,1,17,1,1,1,19,1,1,1,5,1,1,1,1,5,1,12,1,1,11,27,1,13,1,15,5,1,1,1,1,4,1,7,1,10,11,1,1,1,1,11,1,1,1,14,7,1,24,49,9,14,1,1,13,12,1,9,1,15,1,10,1,1,1,10,1,11,7,14,4,1,1,14,1,1,1,1,1,1,17,12,1,1,15,2,1,1,16,12,1,9,16,19,14,22,1,92,33,1,1,14,1,1,9,1,18,29,1,1,1,9,17,13,13,1,12,29,15,11,8,10,11,1,5,16,1,1,11,1,1,6,10,1,1,20,1,17,1,5,2,8,102,14,11,7,23,15,3,20,13,79,7,1,1,6,22,1,1,1,118,1,18,3,1,1,1,11,10,8,10,15,12,12,1,8,15,1,1,14,1,7,12,2,1,7,3,1,1,1,7,25,9,1,13,22,1,1,1,14,8,18,4,1,15,1,1,1,12,8,16,8,1,13,8,1,1,12,1,1,88,1,12,19,1,14,1,8,8,1,8,1,9,1,1,1,26,15,1,1,14,1,1,14,1,22,16,1,8,1,10,19,1,1,15,13,1,7,1,1,8,12,12,21,16,2,63,10,1,1,1,1,8,12,14,1,1,1,1,8,1,1,1,6,10,22,1,14,1,73,1,9,10,30,22,14,1,22,9,1,1,7,2,4,1,1,27,1,17,1,2,1,22,1,13,1,1,1,2,1,1,1,1,12,17,27,1,1,1,1,2,18,20,12,17,13,1,11,1,1,1,1,1,1,9,1,36,18,15,1,17,14,1,1,1,17,12,8,1,4,1,1,1,1,17,3,2,9,7,1,16,32,1,8,2,1,8,6,1,1,1,1,1,18,1,7,12,1,5,1,7,1,1,1,10,9,20,9,1,60,1,2,1,7,10,1,10,1,9,1,14,1,1,1,6,1,1,10,1,15,13,1,71,1,1,1,10,7,1,10,7,1,1,12,14,14,1,1,1,19,1,1,16,1,13,1,11,9,1,11,7,1,13,69,25,6,11,1,6,1,12,14,6,1,13,1,7,1,12,13,1,8,1,1,16,11,1,18,1,9,14,1,1,8,1,17,1,17,9,1,1,16,1,1,7,15,6,1,11,21,1,18,1,7,9,1,1,12,1,12,9,13,41,1,2,1,9,3,27,1,1,1,1,1,1,11,1,7,1,1,1,1,11,1,1,19,1,1,14,1,1,1,1,1,1,12,1,1,1,1,12,21,24,14,14,5,1,1,1,11,1,21,1,1,1,11,15,1,1,1,1,1,1,12,1,3,14,1,1,14,1,1,11,1,16,1,14,1,10,9,1,1,1,1,1,9,1,1,1,14,9,1,1,318,11,1,11,18,9,1,11,10,11,3,7,13,7,1,3,15,7,32,1,1,19,1,1,15,1,1,13,1,15,12,1,13,9,1,12,13,12,1,1,16,18,1,10,14,11,6,9,1,1,13,6,1,2,1,5,1,13,5,14,13,1,1,1,12,1,20,1,6,2,1,1,5,5,13,1,1,22,8,1,10,11,10,79,1,16,1,2,1,4,1,47,1,17,2,1,3,13,25,1,6,9,15,19,1,1,12,19,17,6,1,10,9,9,23,1,1,12,15,1,1,1,1,16,12,6,1,5,12,1,1,1,1,1,13,6,1,18,15,17,1,1,1,1,14,11,19,18,1,2,1,1,1,17,1,21,1,9,1,6,1,15,22,1,9,5,27,11,9,1,15,1,1,1,1,1,8,1,16,2,16,1,1,13,15,14,1,1,1,8,1,1,1,1,47,20,1,8,1,1,16,14,1,9,2,1,2,4,1,13,11,1,20,9,18,1,1,4,1,1,17,9,9,1,1,1,1,1,17,1,14,1,5,1,13,12,6,1,1,20,9,1,19,12,13,1,1,1,1,19,9,27,11,1,1,1,1,1,1,1,8,1,8,1,20,18,11,1,15,1,1,9,5,14,1,18,1,1,1,2,1,9,15,2,1,1,23,1,1,9,29,1,11,18,11,1,1,11,11,1,13,14,8,1,4,12,15,7,11,1,1,14,13,16,1,303,24,1,10,40,1,1,1,9,1,9,13,18,1,1,14,1,3,15,4,1,16,10,12,1,30,6,12,1,1,14,1,1,1,11,1,3,1,1,1,3,1,11,1,1,14,13,1,1,1,1,1,3,12,17,1,13,1,1,7,2,13,1,1,1,1,1,10,18,1,1,1,4,7,30,2,13,1,57,1,1,17,12,8,1,1,11,1,15,11,11,11,1,1,1,11,13,13,1,1,1,22,2,28,12,14,13,1,4,40,7,1,1,18,16,10,1,21,10,11,12,10,14,1,27,1,15,1,1,1,1,1,10,1,1,1,22,1,2,1,24,1,1,2,152,18,1,74,12,1,13,1,1,1,5,12,53,1,15,1,1,7,20,12,15,18,13,13,15,1,1,1,23,1,1,1,17,16,1,14,1,17,9,1,1,9,1,18,20,1,11,13,16,27,1,1,2,10,1,1,1,10,10,1,1,11,23,17,1,1,19,1,1,17,8,11,1,1,1,7,1,12,1,12,11,1,1,1,1,11,1,1,20,1,1,27,1,2,21,1,1,1,33,12,13,8,1,5,54,22,1,9,15,15,1,22,1,12,20,12,13,11,13,13,11,1,1,1,1,1,17,13,13,5,1,12,15,9,13,1,8,22,11,1,1,13,1,1,1,1,13,12,9,9,1,1,1,10,9,12,1,1,23,1,1,1,9,1,1,13,1,1,16,1,8,9,1,11,7,12,14,15,9,2,10,1,11,1,1,9,1,1,1,21,10,1,11,1,12,19,8,11,38,1,14,1,1,11,12,1,6,1,18,21,1,2,1,17,5,13,13,1,1,9,1,9,12,12,1,20,14,16,1,1,1,1,1,1,1,7,15,1,1,2,1,1,9,1,1,11,10,1,17,13,15,1,8,16,8,1,1,12,1,13,1,8,1,1,1,1,1,7,20,12,18,1,48,1,15,1,11,1,1,12,1,2,83,1,21,7,2,1,1,28,1,1,1,21,13,21,1,7,21,4,2,18,17,2,1,16,12,1,15,117,1,1,1,11,4,10,38,16,6,22,1,1,10,1,1,1,8,1,18,15,8,17,9,8,55,1,1,1,1,13,1,1,1,11,1,17,9,1,12,17,1,1,1,1,1,1,1,9,1,7,2,17,10,14,1,9,36,14,17,1,1,1,1,1,5,1,8,12,16,1,14,1,1,6,1,4,1,1,1,13,1,1,1,1,1,9,1,1,10,1,12,1,1,17,27,1,15,1,16,14,7,32,2,1,1,8,12,1,21,9,2,15,1,10,8,6,11,32,1,1,1,19,1,16,7,1,18,18,71,1,1,14,1,1,1,28,12,1,14,1,9,1,1,14,15,3,1,1,1,14,1,1,12,21,16,2,1,16,15,1,13,15,1,1,16,7,1,10,1,1,13,13,9,17,1,1,1,12,12,8,2,1,1,13,1,12,11,1,15,1,1,14,12,1,24,9,11,9,15,10,2,17,1,17,1,2,17,3,1,1,1,14,1,14,1,1,13,12,14,1,18,7,1,1,23,6,1,13,1,12,1,12,4,87,1,1,4,1,14,1,22,1,1,13,1,10,22,18,1,4,12,86,27,2,1,19,1,1,13,5,1,9,13,14,1,1,9,1,9,17,1,16,1,17,1,10,14,12,1,1,11,7,12,8,1,10,1,10,14,1,1,1,1,22,1,18,11,14,17,6,2,1,5,1,13,24,1,1,1,14,1,1,1,9,1,14,12,42,1,11,1,11,13,7,1,1,1,10,8,12,1,10,1,1,1,1,1,11,6,1,9,1,6,1,1,11,1,1,1,1,1,1,13,10,1,8,1,5,14,1,1,1,18,1,15,51,13,20,1,1,1,10,1,1,13,1,1,15,16,1,1,22,10,7,16,12,14,7,1,16,15,1,22,1,1,1,2,1,17,1,1,1,1,1,1,15,1,1,11,7,12,1,26,1,1,1,1,16,7,1,47,2,1,26,1,1,15,11,1,1,12,1,1,15,9,22,1,16,1,7,21,5,1,1,16,1,5,6,1,9,9,14,16,20,1,9,12,1,1,43,13,12,1,14,1,13,11,1,17,9,8,15,25,22,10,11,9,1,16,15,97,1,1,5,19,1,1,6,1,17,15,1,1,15,1,9,5,1,1,1,10,1,1,9,1,1,15,1,19,1,31,1,18,1,14,1,1,1,1,2,1,2,1,13,15,6,1,13,3,1,1,5,1,1,22,1,15,1,1,1,1,1,17,19,13,4,1,7,1,1,17,1,1,1,10,14,10,7,10,1,9,1,18,9,13,1,1,8,12,18,15,1,14,1,1,20,9,1,7,1,2,11,7,1,12,9,1,10,9,9,18,11,1,14,1,20,11,1,1,1,1,1,10,56,25,1,18,21,1,19,15,1,10,17,1,1,1,8,17,1,1,14,1,14,11,11,4,1,13,1,16,12,2,1,1,12,1,12,1,1,1,1,1,1,18,1,1,15,10,1,1,14,17,11,18,17,14,1,1,12,1,14,1,1,1,2,1,1,1,17,79,1,1,2,1,1,2,12,16,1,21,19,14,1,1,11,3,8,11,1,11,1,12,1,1,15,6,29,24,1,1,1,11,12,1,13,1,10,12,1,1,1,1,1,10,1,16,7,1,12,1,1,15,12,13,1,1,1,13,1,1,1,15,1,13,1,10,1,14,7,1,1,7,11,11,13,17,1,5,4,13,1,11,18,1,20,1,1,1,13,14,1,1,1,1,31,13,11,11,41,10,29,10,10,6,14,1,1,1,10,9,1,1,10,16,1,1,1,1,20,9,1,1,14,14,1,11,10,16,1,1,1,14,33,9,2,2,1,14,1,1,14,4,11,1,1,37,1,13,1,1,1,1,14,1,1,8,1,13,1,1,1,15,1,8,1,24,2,15,22,9,15,1,1,15,14,1,1,15,46,1,1,7,1,9,1,1,1,1,11,7,1,1,14,11,12,1,2,20,11,86,18,9,20,1,10,11,13,2,10,1,1,9,2,11,14,2,1,1,1,14,1,16,9,1,18,16,1,11,1,1,1,11,1,18,15,1,20,1,1,13,29,1,1,1,3,14,1,1,11,1,1,12,5,13,17,3,13,13,1,1,16,1,17,1,8,25,1,17,12,1,1,1,8,1,1,16,1,7,1,1,13,1,1,1,12,118,1,8,1,1,1,13,18,1,21,1,1,12,1,1,14,6,12,11,1,3,16,1,22,1,303,3,7,10,9,1,7,1,9,9,9,1,1,3,3,2,10,4,1,1,1,1,1,23,30,1,1,1,15,16,7,1,3,20,17,1,1,1,15,8,9,1,1,1,1,23,1,1,1,10,7,18,25,1,22,10,1,10,4,1,8,1,6,5,9,2,8,14,11,1,16,1,1,38,1,10,1,1,16,1,23,1,1,16,12,7,13,12,18,1,1,1,9,16,1,1,16,1,1,1,1,20,12,10,1,1,10,1,11,1,7,1,1,2,10,8,4,13,1,13,17,1,14,1,16,1,12,13,1,1,1,1,55,2,1,1,10,1,5,1,17,1,1,1,1,14,12,9,8,10,1,1,4,1,15,1,11,10,1,5,1,10,1,8,17,2,1,17,1,12,1,1,17,1,1,7,11,1,1,1,1,1,4,1,1,14,19,1,17,1,1,12,21,1,1,10,1,2,1,16,15,9,2,19,16,8,25,22,1,14,1,1,1,4,12,15,12,4,16,1,2,5,1,1,1,7,13,17,10,14,1,8,1,1,4,15,1,15,5,1,7,15,8,8,1,11,14,9,11,1,1,13,11,1,1,1,14,1,1,21,1,1,1,5,1,1,1,1,14,13,13,3,11,11,1,1,1,14,1,7,1,1,1,1,1,10,7,1,1,17,10,1,1,1,13,32,1,1,4,2,61,1,1,11,59,18,17,1,1,1,1,5,12,11,1,12,1,11,1,7,1,1,1,10,2,1,13,1,20,11,13,19,1,1,1,13,1,1,15,15,5,1,4,13,2,10,10,101,21,1,1,10,22,12,8,9,1,13,1,23,1,1,1,7,1,18,1,9,1,15,7,8,5,14,1,11,1,1,1,24,1,11,9,1,18,1,12,1,1,6,11,17,15,1,23,1,16,1,1,8,13,1,1,12,15,1,226,10,1,1,8,8,1,9,11,23,13,1,1,15,1,4,1,1,6,1,1,415,15,1,1,16,7,1,2,17,14,12,15,12,20,1,1,1,4,15,1,9,1,2,9,1,2,1,8,1,2,116,1,15,15,9,1,9,13,1,5,1,13,1,1,1,1,1,1,9,26,6,11,1,1,5,17,1,1,10,16,11,1,8,1,9,18,17,11,1,10,1,49,2,1,18,14,2,16,3,7,1,1,1,13,1,1,1,1,1,16,14,8,1,15,1,17,8,10,1,1,1,14,16,1,13,1,10,1,15,1,1,1,13,5,1,17,1,17,11,1,11,10,16,2,1,1,15,10,1,5,4,1,1,1,1,1,1,2,19,1,1,1,1,1,16,16,1,1,18,1,1,12,1,1,1,17,1,18,19,18,1,9,15,1,1,1,1,2,2,13,1,16,1,12,14,1,1,2,1,2,2,1,1,1,13,11,1,1,6,2,1,1,1,1,1,1,6,12,15,6,2,1,1,14,1,10,1,1,1,13,10,14,7,12,20,1,1,3,10,1,1,1,12,1,6,10,1,1,1,16,14,1,12,1,1,1,1,18,1,3,14,1,12,1,1,1,20,21,1,12,17,9,12,1,1,10,10,8,15,1,8,28,18,1,22,1,16,21,16,1,14,1,11,15,1,1,1,1,9,1,20,16,14,1,13,18,1,11,14,1,14,1,18,13,1,14,12,1,1,1,13,1,14,19,1,17,3,1,14,1,10,1,1,1,1,1,19,13,1,1,121,1,6,9,1,1,1,1,1,1,2,1,11,12,12,1,1,2,18,9,17,1,11,7,1,21,1,14,11,39,13,12,6,14,17,1,1,1,9,10,1,5,9,1,1,11,1,1,1,1,1,1,1,12,7,1,14,1,1,1,1,1,10,8,5,11,11,1,11,13,4,8,8,1,11,28,1,1,9,43,1,64,11,1,1,13,1,1,1,1,1,11,11,1,1,20,16,1,9,17,1,12,26,1,1,1,1,11,1,1,1,1,1,10,12,15,1,1,1,25,1,1,4,1,11,5,1,19,1,1,7,1,1,10,15,16,9,22,1,12,14,12,1,1,1,1,4,12,1,1,1,1,1,2,11,6,1,15,15,1,8,14,1,10,31,13,80,8,28,13,1,14,19,1,1,1,1,2,1,1,1,17,1,1,1,1,10,11,11,13,1,10,1,16,1,1,14,1,11,6,13,1,1,23,18,12,14,1,1,1,1,1,14,6,38,1,17,1,113,9,4,1,12,1,1,1,1,6,10,1,25,14,10,4,20,11,15,15,10,1,1,1,26,1,1,5,1,1,1,1,1,1,17,12,12,12,12,1,1,16,1,1,1,9,6,11,1,1,1,1,8,1,16,9,1,8,16,19,1,11,9,1,1,1,5,9,12,14,1,1,16,1,8,8,1,1,1,18,12,18,11,1,1,1,14,10,7,1,2,7,15,11,65,1,1,1,23,24,14,13,8,1,1,9,1,1,10,13,1,12,1,11,1,15,13,14,23,15,12,1,39,18,12,12,1,14,1,1,1,9,7,12,2,6,11,1,1,2,11,4,1,12,20,1,15,1,10,25,1,2,12,10,1,17,1,17,1,11,1,11,1,13,15,5,22,1,20,1,1,14,11,13,1,1,21,8,15,7,8,11,13,1,1,1,7,1,1,1,18,11,17,1,1,17,18,17,1,17,1,17,1,18,5,1,6,12,1,3,1,16,1,11,16,8,1,1,3,1,1,15,11,13,7,1,1,3,1,13,1,9,17,15,9,1,5,15,1,8,12,1,1,1,1,1,1,14,1,1,22,11,1,1,9,8,19,15,1,1,1,14,1,4,17,8,19,8,1,8,1,1,12,1,1,1,1,1,1,1,1,1,1,13,1,1,17,16,7,1,1,1,1,14,13,1,9,8,23,1,1,1,9,6,1,15,1,1,15,1,1,8,1,18,16,10,1,2,35,13,1,1,14,1,1,1,1,16,1,9,1,1,1,18,1,1,11,8,1,1,9,20,1,1,4,1,50,12,12,1,4,13,1,4,16,14,1,1,17,1,32,13,1,1,16,1,9,1,12,1,7,14,1,12,18,1,18,16,8,1,11,1,1,12,1,1,7,6,15,14,16,12,16,1,28,9,11,12,1,1,6,1,1,28,8,7,10,16,9,5,12,1,8,11,1,1,1,15,11,2,36,15,12,1,1,9,9,1,1,8,1,10,5,1,16,1,7,1,1,1,1,1,9,3,1,8,1,1,6,1,18,1,1,15,1,10,1,12,20,1,1,1,19,6,1,1,5,1,11,1,7,1,10,1,4,1,1,14,1,1,9,1,6,1,1,1,8,146,1,1,17,1,1,7,15,1,1,13,1,1,1,1,15,1,12,1,1,1,39,1,12,10,1,15,1,1,8,11,1,1,14,1,1,16,1,2,12,1,1,16,1,10,1,1,10,1,1,1,7,7,6,13,15,4,1,1,1,13,1,19,1,1,1,1,14,12,1,3,1,12,1,1,11,21,9,4,1,9,12,5,1,8,1,1,1,7,1,10,10,10,6,1,87,9,1,4,1,3,8,11,2,6,1,44,1,12,2,1,12,1,11,1,1,1,6,15,1117,1,1,10,18,14,18,13,1,1,11,1,1,12,1,15,1,16,2,16,17,1,1,9,5,11,4,1,1,1,1,9,15,21,1,17,1,35,1,16,14,1,11,1,1,1,12,1,11,14,1,11,1,10,1,1,9,1,1,1,19,12,1,1,1,1,3,1,13,14,1,8,20,1,1,14,1,1,7,11,6,18,1,11,12,9,1,1,11,13,1,7,91,10,1,10,1,20,20,1,7,7,1,1,1,1,15,1,1,7,8,1,1,1,1,1,1,38,7,4,9,1,3,9,11,12,4,21,6,1,13,14,12,18,1,12,24,15,1,20,1,5,1,15,13,1,1,1,15,1,8,1,7,1,13,12,47,7,1,14,9,15,13,50,13,1,1,14,1,14,17,18,14,8,14,11,25,25,9,7,1,21,1,18,14,1,1,1,6,10,1,1,7,15,10,14,19,16,5,1,7,1,1,1,12,1,19,6,15,21,1,10,1,1,1,1,6,66,25,5,1,1,1,10,1,1,1257,1,1,1,13,12,1,1,1,1,11,11,1,1,12,21,1,9,1,19,14,1,11,13,1,12,1,16,1,1,1,14,9,1,2,1,5,1,1,1,1,11,1,1,1,1,15,15,2,1,12,1,1,1,1,1,23,1,6,9,1,18,1,16,12,1,14,1,17,1,9,11,2,1,9,20,1,15,4,11,21,17,1,10,16,1,17,1,2,13,9,6,1,1,1,1,1,12,1,18,16,20,1,2,1,118,9,1,1,1,17,1,1,1,14,13,19,18,16,1,1,23,13,1,1,1,12,1,1,13,24,6,1,1,18,12,3,22,6,11,1,1,1,13,16,1,1,12,1,2,1,5,17,4,1,1,1,1,1,18,1,1,1,9,8,12,15,1,1,2,1,1,1,1,12,66,7,1,1,13,20,1,1,16,11,1,1,1,11,7,1,7,10,15,9,18,1,2,12,1,1,10,16,9,15,16,1,13,16,1,1,4,7,1,14,17,16,14,2,1,1,1,1,11,12,1,1,1,1,1,1,1,1,1,11,1,15,9,34,13,1,1,1,1,11,1,2,9,4,1,1,1,1,1,3,23,17,2,1,10,1,13,1021,1,15,11,19,1,1,1,1,1,1,14,10,1,11,8,1,1,19,11,19,20,1,1,9,1,1,1,1,4,15,1,1,1,1,9,1,8,1,1,1,1,1,7,14,23,30,1,11,2,1,1,1,1,1,10,1,1,1,1,94,23,7,12,1,6,1,4,1,1,56,1,12,1,19,1,1,9,1,10,1,10,23,1,12,7,14,1,15,1,4,10,1,1,16,14,11,12,1,12,1,11,1,1,10,1,14,14,1,1,1,1,1,1,1,16,15,1,16,15,20,3,12,7,1,1,2,10,26,19,17,1,10,2,9,1,9,1,1,14,1,1,1,9,1,1,8,6,1,16,1,1,12,13,9,16,4,12,12,13,11,9,1,1,13,7,10,6,14,1,1,1,1,1,1,1,26,1,7,1,1,1,12,13,1,1,2,12,8,13,8,12,13,1,1,1,10,1,1,12,1,2,1,1,2,5,1,1,12,1,13,1,14,1,1,13,1,1,15,20,15,1,20,1,2,1,1,1,1,19,1,1,1,10,1,11,1,1,12,1,8,1,14,7,14,1,12,14,1,11,12,1,1,12,1,1,12,11,1,1,36,9,8,1,1,1,13,16,1,24,14,10,1,13,1,1,13,12,18,1,9,6,1,1,8,2,14,1,7,13,15,7,14,7,24,8,13,1,1,7,1,8,18,11,1,1,16,14,6,25,10,1,13,1,6,25,10,7,1,1,1,1,12,1,11,1,1,1,1,1,1,1,14,11,11,15,61,18,1,14,6,1,1,1,9,12,20,1,1,1,12,15,1,1,1,12,1,1,1,6,1,1,10,10,1,1,13,1,1,18,1,1,16,14,16,8,1,1,1,10,14,22,5,18,1,1,11,13,1,1,1,1,1,1,1,16,1,16,5,19,1,1,12,1,1,1,6,1,8,1,1,6,17,1,14,1,10,1,1,1,1,16,1,14,1,17,5,20,17,25,1,1,9,4,1,15,10,4,16,26,15,1,7,2,12,1,22,1,18,9,1,15,9,12,1,1,1,1,1,12,1,1,11,1,20,15,16,1,10,9,1,1,10,1,1,18,1,13,20,11,16,8,17,1,1,11,11,9,2,1,3,10,1,1,3,11,17,10,14,1,22,1,1,1,14,1,3,1,1,1,21,1,10,1,1,1,1,11,1,1,13,1,3,20,17,1,18,1,10,1,18,20,8,4,1,15,20,1,16,1,1,1,1,1,1,16,10,12,1,1,1,9,1,1,11,1,1,10,5,1,1,15,1,1,16,11,1,1,1,1,137,12,17,1,11,12,1,6,1,38,1,150,11,11,1,6,1,1,1,21,11,1,12,13,166,1,1,1,7,12,13,24,11,19,1,16,1,15,1,1,1,1,1,13,1,26,1,1,11,10,10,1,13,1,16,1,1,1,1,1,9,8,13,9,1,11,1,1,2,16,14,1,7,9,1,22,1,7,2,1,6,10,29,13,1,1,5,1,10,7,1,1,9,1,1,9,1,17,2,10,1,1,9,1,1,23,1,1,18,1,1,1,1,1,1,1,24,1,9,1,15,1,1,1,2,1,1,12,12,11,18,11,14,1,12,1,13,12,1,21,1,1,15,18,1,6,11,3,10,81,1,1,1,5,14,1,1,1,1,1,1,1,1,11,7,14,1,22,1,6,15,1,18,7,10,1,1,1,1,18,10,1,1,12,1,1,20,1,1,17,1,1,19,1,1,7,14,19,21,6,13,16,11,1,9,51,1,1,1,1,3,1,14,2,1,1,14,15,1,1,1,1,15,1,1,10,1,11,16,1,6,1,1,1,1,1,9,12,17,1,1,1,1,22,10,1,12,1,41,1,1,14,14,1,6,1,1,15,83,1,1,7,19,1,1,1,1,9,1,1,14,9,30,1,2,8,1,1,10,32,1,1,1,1,1,1,4,10,40,1,14,17,1,17,1,1,1,17,9,13,20,1,21,1,3,1,17,7,1,1,1,1,14,7,1,1,11,7,7,1,1,19,15,7,25,17,12,8,1,14,1,1,13,1,17,19,14,1,1,3,1,11,22,16,13,20,12,11,1,19,1,18,1,8,1,1,1,8,1,1,1,9,1,7,1,1,1,10,13,1,10,15,5,1,1,15,1,12,1,18,15,1,1,18,6,18,10,2,1,1,1,8,15,13,4,16,9,1,11,1,1,16,13,1,23,1,1,17,10,16,1,7,26,1,19,9,10,14,13,17,1,1,1,1,10,18,13,12,1,12,16,1,1,28,1,1,1,1,18,1,14,1,18,1,9,11,1,2,1,1,23,20,28,1,28,12,1,14,14,6,1,1,1,1,17,2,1,8,15,16,16,1,1,1,1,10,1,1,17,27,14,13,1,11,1,1,21,11,1,1,14,1,2,14,16,1,1,1,9,17,17,16,10,7,1,24,1,16,1,9,8,11,1,17,1,11,1,17,1,1,1,1,9,11,2,1,1,17,10,1,16,13,1,13,13,15,1,1,1,12,20,1,1,8,1,1,1,1,5,11,1,1,9,1,1,1,1,1,12,12,13,2,1,1,13,7,1,1,1,1,1,1,1,7,17,50,5,1,1,1,1,16,1,12,11,1,1,12,1,21,10,12,70,1,15,1,12,1,1,1,15,12,13,9,12,20,12,1,22,13,12,7,34,4,15,1,23,1,1,1,2,1,15,3,15,1,10,8,9,1,1,11,14,1,1,39,10,7,92,9,14,1,1,13,12,15,1,1,16,14,1,1,1,1,1,6,6,10,13,2,22,1,13,1,7,2,30,1,10,10,1,8,6,2,1,1,1,1,12,7,1,20,1,13,15,1,18,1,1,16,8,1,11,17,7,1,1,17,1,1,1,1,1,21,1,8,15,1,8,24,9,2,7,20,14,13,1,2,1,9,20,1,1,1,7,1,1,1,14,16,11,1,64,1,1,11,1,1,6,11,23,1,1,1,2,11,2,5,1,9,1,13,3,1,1,1,14,1,1,1,1,10,13,10,11,1,1,1,16,1,9,10,1,1,23,12,27,16,1,1,1,12,1,1,18,1,1,14,9,17,1,1,12,14,22,10,1,1,8,1,1,13,1,11,12,12,1,6,1,14,1,1,17,1,1,9,6,1,12,6,1,2,10,1,1,1,1,1,12,1,1,19,1,1,1,1,15,11,16,28,1,8,14,1,10,1,2,19,1,17,17,9,2,8,10,23,17,19,7,8,1,13,1,1,12,1,12,16,1,11,207,1,1,15,3,6,1,1,1,12,11,21,1,1,14,9,1,2,6,6,1,1,13,1,1,10,1,1,5,16,1,10,1,12,20,22,3,15,1,1,1,5,9,20,7,1,20,16,14,1,1,1,1,1,5,7,8,1,1,19,15,18,10,15,11,1,1,3,1,8,1,1,3,1,1,19,11,20,1,1,1,23,23,1,11,1,13,9,1,1,1,1,8,1,13,13,17,8,1,21,10,14,8,1,24,11,12,6,1,1,1,1,11,10,17,1,13,13,10,1,1,8,1,6,1,7,1,1,1,11,1,10,18,1,1,20,1,94,2,13,1,1,1,1,2,1,1,1,20,23,1,9,1,12,15,1,18,21,17,7,13,1,1,28,12,1,1,1,10,17,1,9,16,12,12,10,1,1,14,1,1,3,1,17,13,1,1,15,10,8,1,4,1,11,1,11,17,1,9,12,1,1,15,1,1,13,1,16,1,1,19,10,1,1,14,10,23,23,1,1,13,6,1,1,12,1,17,15,1,7,20,1,1,35,5,1,1,9,19,14,3,1,1,12,1,11,11,1,12,1,1,1,1,1,20,1,1,15,1,10,1,1,117,1,9,2,10,17,10,13,1,1,1,15,1,1,9,1,11,18,16,3,4,1,14,1,1,17,1,2,12,1,1,1,17,1,1,11,1,17,1,14,17,1,15,14,9,9,7,1,13,11,13,1,1,15,15,13,13,8,12,1,1,1,1,1,4,1,1,1,1,9,12,9,23,4,1,1,1,10,18,1,1,9,1,1,12,13,8,1,9,11,12,1,20,5,1,10,1,16,1,1,15,12,12,16,1,3,2,11,1,11,1,7,1,1,8,16,1,1,1,3,7,1,10,12,1,11,13,1,10,1,1,1,10,5,1,15,12,20,12,1,1,6,12,10,29,1,9,9,11,1,8,9,15,13,11,10,21,13,3,13,7,1,14,2,15,10,1,16,1,1,12,25,5,13,1,8,1,19,7,11,13,1,1,1,1,26,1,1,19,1,1,33,1,1,18,17,1,10,9,10,14,17,1,10,14,1,318,1,1,1,15,4,1,10,1,1,13,1,4,2,11,24,8,7,23,1,11,2,1,1,12,6,1,2,1,1,1,7,1,1,1,1,13,13,11,1,1,1,9,1,12,1,1,23,4,1,10,1,1,1,1,9,15,14,1,2,5,11,1,13,11,16,1,17,18,1,18,12,11,7,12,8,1,12,16,1,1,1,11,7,17,11,10,6,7,1,1,1,16,1,1,3,18,7,13,13,1,1,13,9,1,1,1,11,21,1,1,1,1,13,12,11,1,30,14,13,20,12,11,1,13,14,20,2,1,1,11,15,7,1,63,38,14,18,11,10,13,1,1,1,9,1,1,8,6,10,13,1,19,1,8,10,1,6,9,11,3277,9,12,16,1,8,1,16,1,1,1,15,11,11,12,9,1,1,1,6,7,8,15,1,1,18,17,1,1,1,10,9,6,1,1,94,2,20,11,1,1,17,9,7,1,2,1,9,7,1,1,9,1,9,1,12,1,1,1,23,5,1,1,33,1,1,1,1,14,15,1,15,1,8,1,11,10,6,19,1,1,18,1,1,14,1,1,1,13,1,11,12,1,14,174,1,1,1,7,4,17,1,1,12,1,1,1,10,1,5,1,1,7,14,1,1,21,1,12,336,7,1,4,9,12,7,1,1,1,1,12,1,13,11,1,1,8,1,1,4,1,6,8,8,8,8,19,20,1,1,16,1,1,1,8,1,1,18,2,1,1,1,13,1,5,1,7,13,1,10,12,7,19,13,1,13,1,1,1,1,11,15,11,2,11,6,12,1,11,15,1,1,1,1,12,1,1,1,1,15,1,13,10,11,9,13,17,10,4,2,14,9,14,12,42,6,1,17,2,17,25,23,20,106,15,9,1,1,1,19,1,1,1,1,1,1,1,1,1,1,1,1,1,8,7,2,1,14,1,17,1,1,18,14,14,1,2,14,1,17,19,1,1,1,1,1,1,1,1,1,1,20,1,1,11,16,1,1,18,19,1,9,16,1,1,28,19,13,1,6,1,15,11,12,1,17,11,6,1,1,1,1,1,10,10,13,1,1,1,6,12,1,8,1,1,1,10,1,1,41,1,1,9,1,2,1,11,1,1,1,1,1,1,11,18,9,16,4,1,1,12,6,15,1,1,1,77,1,2,10,14,1,18,13,6,138,5,84,16,17,15,15,1,22,11,1,1,1,10,6,14,6,1,1,1,1,1,5,12,1,1,1,5,1,7,1,5,1,13,1,1,20,15,1,1,9,17,4,1,1,2,12,20,13,1,1,1,1,6,1,1,11,1,8,18,1,15,1,1,10,1,19,1,10,1,6,13,7,1,1,2,1,1,3,1,1,1,13,1,16,1,6,12,1,1,12,9,1,1,1,15,18,1,6,31,11,21,18,16,10,12,1,18,74,21,1,5,1,8,14,1,17,8,17,40,24,1,1,4,1,1,12,19,1,2,1,1,1,1,1,2,11,10,4,16,16,10,1,17,13,1,1,1,5,7,14,4,1,14,1,17,21,1,1,1,1,11,1,12,1,1,1,1,20,24,16,1,19,23,1,13,3,1,5,1,1,53,14,1,7,10,1,18,1,11,1,20,15,12,17,11,1,1,19,11,9,1,1,29,9,7,10,1,18,1,15,17,1,13,12,1,2,1,1,1,11,1,7,1,10,1,15,1,1,1,1,1,1,1,1,5,9,1,1,1,16,1,39,1,1,3,6,1,1,1,1,14,1,18,13,1,18,11,12,21,1,10,10,6,10,9,1,14,13,1,1,15,24,1,12,11,1,1,13,10,10,15,1,1,18,1,1,16,13,1,1,1,16,12,13,1,14,1,1,1,5,1,10,12,14,1,1,104,12,1,1,1,1,1,1,5,12,17,10,11,13,2,11,8,1,16,11,1,1,1,1,9,10,1,15,1,1,1,13,12,9,1,1,1,1,17,1,1,1,1,14,1,13,1,1,1,1,16,12,1,1,1,4,11,20,1,1,1,1,9,8,74,11,1,1,1,1,13,1,1,1,5,8,1,14,1,1,1,1,1,1,11,20,1,1,1,1,11,1,1,1,17,13,15,1,16,1,1,1,1,13,1,1,23,12,1,1,6,16,4,18,3,16,12,18,1,1,10,1,1,7,1,1,232,8,1,15,11,16,12,1,14,7,10,1,2,13,1,16,13,1,1,8,1,1,17,1,1,1,1,10,1,14,1,7,8,14,1,13,9,10,1,1,1,2,17,1,9,7,1,13,1,3,18,1,13,8,1,1,1,12,1,26,7,1,17,1,12,1,21,1,5,1,10,13,21,7,6,1,1,1,1,13,1,14,15,1,2,1,1,1,21,1,10,1,6,1,1,1,9,9,1,2,2,1,17,9,1,13,1,1,1,1,21,13,20,11,1,90,1,9,1,13,17,17,1,1,9,1,1,22,17,1,1,8,16,18,8,18,27,2,1,9,15,2,14,9,1,1,17,8,11,1,14,1,1,11,26,17,16,10,8,14,20,16,21,30,13,20,1,22,1,6,1,21,8,11,20,18,12,1,1,9,1,1,14,12,1,13,32,12,1,18,1,1,1,14,1,3,8,1,1,1,10,1,18,22,1,17,1,1,71,1,1,20,1,1,17,1,2,1,10,30,5,1,14,1,1,9,17,1,14,1,13,17,13,1,13,23,7,1,10,7,1,4,1,13,1,1,1,13,41,22,1,10,1,4,15,17,12,1,1,11,13,1,13,7,1,1,1,6,15,1,1,1,10,1,1,14,1,14,27,7,1,14,18,9,11,1,1,1,51,1,14,1,1,76,17,4,14,13,1,1,1,1,1,1,1,10,10,1,1,6,1,13,24,1,1,11,1,1,14,1,15,1,15,1,9,1,12,12,41,9,14,1,20,21,10,1,12,10,1,1,1,1,1,1,15,1,1,1,3,12,1,2,1,1,24,12,5,1,13,19,1,2,13,1,1,11,12,1,16,1,1,6,12,14,11,9,11,1,1,1,1,1,13,17,11,12,1,1,1,1,1,16,5,1,8,1,1,16,10,13,1,39,1,18,1,2,1,19,1,1,13,1,1,21,17,1,1,2,5,1,16,1,1,9,1,1,1,1,1,14,17,10,1,3,16,5,6,17,14,1,1,1,1,1,1,27,1,14,12,2,1,2,1,1,24,8,12,1,51,3,1,1,15,1,1,1,9,1,1,1,1,13,9,1,1,1,11,1,1,1,1,15,1,16,1,1,12,18,18,11,1,1,8,1,15,1,1,14,1,14,1,15,5,1,6,14,7,11,1,11,6,11,1,1,12,17,1,8,1,16,1,1,3,1,12,8,5,19,11,8,16,1,1,11,1,1,2,1,1,1,17,1,1,11,12,19,10,5,1,1,1,1,1,8,1,19,14,8,1,1,1,1,1,1,38,14,1,1,14,1,15,1,11,13,1,8,1,23,10,13,12,4,1,1,7,1,1,1,1,9,1,1,1,1,12,1,1,17,1,8,3,10,19,1,4,10,6,8,14,11,1,1,1,4,9,1,1,13,1,1,1,10,21,13,1,13,1,12,9,1,11,9,1,18,1,1,1,8,1,7,11,18,8,1,9,10,8,9,14,1,1,1,1,9,1,1,1,1,10,1,17,11,1,19,1,49,6,18,1,11,1,19,1,1,14,13,14,20,25,1,1,17,1,9,4,16,16,18,1,1,1,14,2,1,1,10,14,3,1,1,1,1,1,1,1,9,8,1,1,60,11,10,1,17,11,1,15,1,10,1,2,12,2,1,14,1,1,8,1,23,11,6,9,28,1,1,1,1,11,1,1,1,11,7,1,1,1,6,16,15,1,30,1,17,14,1,10,11,17,6,9,1,1,17,1,1,17,9,3,10,1,9,1,1,9,1,10,20,1,1,1,9,10,13,1,1,8,1,1,33,13,12,6,13,21,1,1,1,14,1,13,1,1,17,9,1,10,1,1,1,15,1,12,1,20,10,7,1,1,1,9,19,1,1,13,1,10,1,1,19,12,1,1,1,23,1,14,8,19,1,9,1,1,1,1,19,2,1,1,1,1,19,1,1,17,1,15,1,11,1,11,14,1,1,11,5,15,7,1,11,9,10,1,5,18,1,1,1,1,1,1,1,1,14,1,1848,1,1,11,1,8,16,17,7,1,1,1,1,1,5,20,1,10,13,1,11,85,17,1,1,19,1,9,1,1,15,1,27,1,1,1,23,17,1,7,9,2,4,18,17,9,22,56,1,1,10,5,16,12,13,1,1,9,1,1,1,1,17,11,11,1,1,8,1,19,16,2,1,20,1,12,7,1,12,1,13,7,10,11,2,10,1,1,1,2,15,1,1,20,1,15,14,1,64,15,9,18,18,1,10,1,1,12,14,1,1,1,1,18,1,14,1,11,13,20,15,9,6,18,11,1,21,1,1,10,10,1,20,10,17,10,14,1,11,1,6,2,1,1,4,1,580,1,2,1,17,13,1,8,12,1,12,1,12,1,12,1,1,20,1,9,1,1,1,15,2,1,31,11,15,35,1,1,1,12,1,22,18,1,36,1,10,1,1,2,10,14,8,1,8,21,5,1,7,1,9,10,15,8,1,1,14,9,1,4,13,15,14,14,1,1,1,19,18,12,1,7,1,14,12,11,83,8,1,15,1,1,1,1,12,1,1,14,24,1,14,1,1,12,1,1,1,1,16,1,1,1,1,1,14,1,14,5,1,6,1,9,8,1,17,1,1,15,1,15,1,1,1,1,1,5,1,1,1,1,13,1,1,14,1,1,1,15,13,10,10,1,12,17,16,1,15,1,11,7,1,1,8,23,1,13,11,5,11,1,9,12,9,11,1,1,1,13,17,1,1,1,1,8,1,1,1,10,1,17,16,17,10,1,4,1,16,1,1,1,13,1,1,1,1,7,10,2,1,11,20,25,16,27,15,13,1,16,1,10,1,13,1,15,12,1,1,24,16,17,10,9,13,20,11,8,1,1,1,7,66,16,1,1,1,15,23,17,1,15,4,11,15,13,1,1,11,15,1,1,1,1,16,1,11,9,1,13,9,1,1,1,24,2,10,9,1,4,1,1,1,1,1,13,1,18,1,1,1,10,1,32,1,8,1,9,19,1,1,13,8,68,10,1,1,19,1,445,20,1,13,1,1,8,15,12,19,4,1,1,16,1,15,1,36,1,1,11,18,1,1,15,8,4,1,14,16,3,1,1,1,9,1,11,14,1,12,1,1,1,16,1,5,15,1,17,16,12,1,13,1,19,26,18,1,11,17,4,19,15,1,1,1,15,8,10,1,1,1,13,1,15,6,18,9,13,27,13,10,11,16,1,1,1,5,1,1,1,1,9,23,1,1,1,1,1,12,1,1,17,7,12,25,5,68,1,13,1,13,1,1,1,10,1,28,12,1,1,16,1,1,3,1,1,1,14,1,1,1,16,1,16,1,16,14,1,15,16,1,1,18,18,1,1,8,95,1,1,17,1,17,8,1,26,15,1,6,16,17,1,17,17,18,5,1,1,1,48,3,1,1,15,1,10,11,1,1,1,9,11,192,1,1,9,10,17,13,14,1,14,1,1,15,1,1,1,11,1,2,3,11,9,16,8,1,13,13,9,1,1,11,1,1,14,12,1,1,24,18,1,1,1,17,1,1,23,11,1,17,11,1,1,1,1,1,1,10,14,1,16,20,3,18,1,13,1,1,8,1,7,1,1,1,1,1,1,1,2,13,4,1,13,1,1,9,1,1,12,1,1,1,12,1,9,1,20,1,1,1,12,5,57,16,6,1,8,12,16,1,1,1,13,1,1,1,7,1,18,3,1,1,41,12,1,17,1,16,8,1,17,1,7,1,1,1,6,12,17,1,22,1,2,1,9,7,16,1,5,11,14,14,22,1,13,1,13,1,16,9,22,1,1,5,1,9,1,1,5,1,20,1,2,13,13,112,1,1,5,10,1,1,1,7,10,17,15,1,20,1,1,1,15,1,1,16,7,3,1,13,12,1,1,1,1,1,3,1,20,1,1,1,1,1,9,1,19,28,1,1,1,1,1,17,10,53,2,18,20,11,1,1,1,11,12,9,1,1,71,6,7,1,1,1,15,19,8,1,1,17,1,1,1,1,1,1,11,14,1,1,1,6,1,18,1,19,1,1,2,9,1,16,14,9,13,1,9,15,1,11,5,1,1,11,13,1,1,1,29,1,11,1,1,1,1,5,15,1,13,1,1,13,1,11,19,1,6,1,1,16,1,1,1,1,13,1,1,11,4,9,1,5,19,1,1,1,15,1,1,15,20,15,1,19,1,11,1,6,9,8,15,1,1,1,15,1,1,1,18,15,1,1,14,11,6,14,16,2,1,13,9,31,6,1,1,1,9,12,19,1,10,2,1,1,1,1,1,15,12,1,1,15,1,1,18,1,1,11,10,6,1,1,10,1,1,1,19,1,1,13,9,1,1,1,1,1,15,18,14,12,1,1,1,1,1,1,14,10,1,15,1,1,11,1,22,19,1,8,1,1,8,1,8,1,1,1,4,1,6,1,1,100,1,1,1,1,17,1,1,1,6,8,1,1,1,1,1,16,10,1,1,2,13,1,13,10,7,8,9,1,20,17,14,1,1,19,1,12,1,13,1,9,1,10,16,9,5,19,1,22,14,1,2,1,1,3,15,9,11,1,15,1,12,13,22,11,19,1,7,12,1,2,6,1,1,17,1,4,7,8,1,1,15,7,1,6,8,18,1,1,1,62,1,1,1,1,6,11,1,5,1,15,7,14,16,1,1,1,9,1,1,15,11,10,15,4,11,1,20,1,1,1,1,1,1,1,11,16,15,12,1,8,7,1,15,11,9,1,1,1,1,19,1,1,17,11,1,5,1,11,8,1,11,7,5,9,2,17,20,1,1,1,1,1,4,11,1,1,9,14,1,1,1,1,8,17,13,1,14,15,1,14,1,1,18,7,9,1,11,1,1,1,15,12,1,29,1,14,16,5,11,8,12,1,1,27,1,10,1,1,1,1,7,1,1,5,11,1,1,1,10,1,1,15,1,21,1,14,1,65,10,1,1,1,4705,18,5,2,1,12,15,23,6,20,1,7,1,2,2,16,1,15,1,1,1,14,1,1,15,1,1,1,1,1,1,1,1,1,15,1,1,1,11,1,6,8,1,1,1,1,1,1,1,1,10,1,7,10,1,1,1,1,21,12,1,9,13,14,7,10,2,14,1,6,6,15,15,1,5,1,12,15,13,15,1,10,17,1,7,1,19,12,6,20,22,10,10,1,14,1,18,1,8,22,19,20,1,8,13,1,1,5,10,14,1,6,18,1,5,4,1,10,1,13,1,1,16,1,11,1,16,21,14,1,1,22,1,13,12,9,9,9,117,12,11,1,13,1,1,1,24,18,9,1,7,1,1,15,25,1,1,1,1,1,1,12,18,12,10,10,1,18,1,13,1,9,1,8,1,15,14,9,7,1,14,14,11,2,1,1,9,1,17,2,16,1,1,16,13,15,14,1,1,1,2,1,7,1,5,1,6,14,1,1,1,8,8,18,18,6,18,12,1,1,1,1,1,17,1,1,11,1,14,15,10,26,1,1,1,1,11,1,19,1,9,6,5,25,19,13,16,1,1,11,11,9,12,12,1,1,9,1,1,1,1,6,21,1,1,1,1,10,15,13,10,1,1,11,4,15,5,1,18,1,12,1,1,13,9,1,13,1,11,15,15,19,9,1,20,1,1,12,1,1,1,1,15,14,1,1,1,1,1,6,9,11,1,11,1,1,5,1,19,26,1,47,8,1,1,1,1,18,1,1,1,9,1,1,14,18,10,9,1,1,1,1,1,1,17,17,13,1,11,17,2,31,3,12,1,1,1,13,13,1,1,12,1,2,3,14,23,1,1,1,1,1,10,8,20,9,6,16,9,1,1,7,10,1,16,14,9,1,17,14,9,18,1,1,10,28,26,14,2,11,2,1,1,16,1,13,17,5,14,14,1,1,13,26,1,1,1,1,1,4,15,15,3,1,1,18,1,1,1,12,1,1,11,12,1,7,1,21,19,18,10,21,1,15,5,21,27,12,1,1,16,18,1,18,1,20,1,13,13,1,1,16,18,7,9,23,11,1,1,1,5,11,14,1,1,1,1,1,1,21,14,15,1,12,16,13,1,1,32,1,1,11,3,1,12,1,1,17,1,23,9,1,13,13,12,1,18,10,21,1,11,15,16,1,1,14,39,15,2,18,1,1,11,34,15,12,1,1,12,1,23,7,1,1,5,21,16,1,20,1,12,1,8,1,16,1,19,1,1,1,9,1,1,11,1,12,1,12,1,1,9,17,112,6,1,9,1,9,10,1,3,14,11,10,1,1,1,10,18,16,1,1,9,5,1,7,2,1,10,9,11,5,17,11,1,1,13,24,14,12,13,1,4,14,13,14,1,1,11,1,1,1,13,10,1,1,1,1,10,7,11,1,12,1,11,10,1,8,12,9,8,13,1,13,11,1,1,1,1,14,1,23,1,22,5,116,12,19,11,1,1,1,13,12,8,1,1,1,1,3,1,1,1,1,15,1,1,3,2,18,4,1,1,1,1,1,12,22,1,9,1,1,23,1,15,11,1,1,1,19,12,14,1,16,15,13,18,1,17,1,1,1,1,13,1,1,1,1,1,7,11,40,9,6,10,17,1,12,1,1,1,18,8,18,13,1,2,1,9,1,7,1,1,1,16,11,8,14,14,12,11,1,12,1,1,1,12,13,1,20,12,1,1,1,1,14,16,5,1,16,1,1,17,11,1,1,1,1,10,10,17,1,15,16,10,18,1,1,8,1,1,11,2,17,1,1,11,10,6,15,2,82,24,17,17,1,1,8,13,1,21,1,10,30,23,1,1,19,2,13,1,7,1,8,1,1,1,13,14,1,15,2,1,1,7,11,9,11,10,1,1,15,14,14,1,8,16,1,1,16,12,2,13,1,1,1,12,8,1,1,1,1,10,1,11,10,1,11,1,1,1,1,13,1,19,19,13,1,18,11,11,1,1,9,14,7,1,7,1,1,1,12,18,13,8,1,1,1,17,20,6,1,1,19,1,1,1,1,1,20,14,1,1,9,1,11,64,1,1,1,11,1,2,7,23,1,1,15,11,10,19,8,1,2,11,1,14,13,8,20,1,1,1,1,7,15,12,1,1,1,1,12,173,14,1,8,1,9,13,12,19,1,1,17,1,10,16,14,11,11,7,8,16,1,1,1,1,1,19,10,14,13,1,1,11,1,14,14,1,21,10,7,1,11,15,17,1,14,4,1,1,1,1,1,1,4,1,1,1,1,1,1,1,5,10,1,9,7,1,30,10,1,5,9,20,16,1,15,1,17,19,13,1,10,15,11,9,1,7,1,1,17,1,14,7,1,1,17,1,10,1,3,12,1,10,1,21,1,19,1,12,1,1,20,1,10,1,1,1,15,4,1,2,1,1,7,1,1,20,12,8,1,7,8,15,1,26,21,52,1,30,1,14,22,8,1,13,16,1,12,1,1,1,1,12,8,1,1,1,8,7,29,1,1,14,1,1,1,9,1,6,4,12,7,16,1,1,1,19,14,1,25,1,4,18,1,1,17,1,11,22,1,1,10,1,9,27,707,9,1,1,1,8,1,18,1,1,1,1,1,21,4,7,1,1,1,16,14,1,12,3,1,23,4,4,5,13,1,1,1,16,1,14,8,1,1,9,14,1,1,1,2,1,15,9,13,1,1,1,9,4,1,19,1,1,17,12,1,1,21,1,4,2,1,8,7,11,13,17,1,11,8,12,1,8,1,10,1,7,1,1,1,1,9,1,1,5,17,12,1,20,1,1,1,1,1,11,1,1,1,1,44,1,7,1,13,13,21,18,6,8,1,16,13,12,9,1,6,1,12,14,1,1,2,1,25,1,9,1,1,1,1,1,5,1,16,17,15,8,1,1,13,9,1,6,7,1,9,1,15,9,1,1,10,1,1,8,24,12,1,6,1,11,1,15,1,1,1,9,18,16,15,1,1,12,1,1,1,1,4,8,1,13,15,18,48,1,1,23,8,2,15,13,10,21,7,1,1,10,1,7,2,13,1,1,1,8,1,11,12,1,1,21,5,1,1,1,6,17,1,1,3,10,8,7,1,1,1,17,1,1,1,11,1,1,1,1,1,15,1,15,7,15,13,7,1,10,1,1,17,12,1,10,1,11,10,1,15,16,1,1,20,9,8,1,1,14,7,6,7,3,15,11,9,1,1,5,1,1,7,1,1,1,1,39,17,9,1,11,4,2,1,1,1,12,1,1,10,1,16,1,1,1,1,1,14,13,1,11,19,14,10,1,1,1,11,1,1,3,1,1,1,11,1,18,1,1,5,2,1,1,15,1,11,10,1,26,9,8,12,1,11,5,19,1,1,6,1,6,1,16,1,1,1,8,11,138,1,15,1,1,24,1,6,1,7,1,1,21,12,3,1,7,7,18,8,15,1,16,1,14,1,1,12,1,1,1,9,14,1,1,1,1,1,49,1,16,19,15,1,24,31,10,23,1,10,20,1,12,1,1,5,1,1,10,16,1,7,1,12,9,6,1,15,5,14,21,1,11,16,1,13,26,1,13,1,13,12,1,1,1,16,1,1,1,13,1,1,17,1,1,17,11,10,1,16,8,18,1,1,19,4,85,11,1,1,1,16,1,14,5,1,17,12,1,11,11,21,11,8,12,1,1,1,9,1,7,19,1,1,1,11,18,10,5,14,1,9,19,16,12,1,13,1,1,1,1,2,13,1,1,3,13,1,1,14,6,1,1,10,39,3,8,11,1,23,9,14,1,7,18,1,1,11,1,1,1,19,1,1,17,1,23,11,1,10,1,1,1,8,1,19,1,1,12,1,13,3,7,1,15,13,12,11,1,1,1,1,593,9,2,1,1,8,14,17,1,15,7,1,1,1,11,13,8,1,1,1,11,3,1,1,16,1,6,2,19,1,1,1,9,1,12,1,1,1,75,114,22,1,1,14,1,1,1,1,9,12,1,5,1,3,1,9,10,1,14,9,12,1,12,1,17,1,1,1,17,1,1,9,1,1,15,1,2,2,1,1,14,5,4,13,11,1,11,6,16,20,1,1,1,1,8,12,10,1,15,1,1,8,1,1,1,1,7,4,13,7,1,5,13,10,1,1,1,7,5,23,1,1,10,1,1,3,14,2,20,1,87,1,6,34,2,1,1,1,1,1,1,13,1,10,15,1,1,17,1,1,13,9,15,1,5,15,16,6,10,10,1,6,10,11,14,1,1,10,1,1,14,1,23,19,17,1,11,5,1,1,1,1,19,15,24,1,1,3,10,4,1,1,1,2,1,13,21,18,1,1,12,9,1,8,12,15,21,17,1,1,1,3,12,11,8,9,19,1,1,3,16,1,1,1,1,1,1,1,1,12,12,1,16,21,1,1,10,1,22,1,1,11,1,11,1,13,13,1,14,12,1,1,1,10,14,1,1,10,14,9,1,1,1,1,18,1,1,11,1,8,1,5,18,17,1,1,10,1,1,11,1,1,1,1,17,16,1,1,7,13,21,1,1,22,7,11,8,12,10,1,1,7,13,9,6,1,12,1,16,1,8,19,1,9,10,6,1,1,15,1,14,1,1,1,1,2,12,26,1,8,5,5,17,9,11,13,9,2,14,1,1,1,1,1,1,8,1,13,1,1,6,1,10,1,1,12,13,1,1,8,1,1,91,1,15,1,1,1,1,18,1,98,1,5,1,1,1,1,16,7,18,15,1,8,4,1,16,1,7,7,1,5,1,1,17,1,1,7,1,1,1,14,1,1,10,10,1,7,1,12,5,14,12,1,2,19,1,1,1,18,1,76,12,20,13,6,7,1,1,1,1,1,16,1,14,15,11,1,15,14,17,8,26,8,1,1,1,9,1,7,1,17,1,12,1,7,1,17,1,1,10,10,12,22,1,1,1,1,17,23,18,1,16,1,16,3,1,10,14,9,1,5,11,14,13,9,1,1,1,9,1,1,13,11,9,1,71,1,16,1,19,17,1,16,13,1,1,9,1,1,2,1,9,14,1,1,1,1,12,19,9,31,15,17,10,1,1,10,1,19,1,9,1,1,1,7,80,3,15,18,15,15,15,1,2,16,1,10,6,1,1,14,1,11,1,8,11,11,1,1,1,15,1,1,8,1,4,20,89,1,1,9,1,10,1,4,1,1,1,11,1,8,20,42,3,10,1,15,17,14,1,18,1,1,10,5,1,1,8,11,17,14,12,1,1,14,20,1,1,1,11,24,1,11,1,9,7,1,12,1,15,1,2,18,1,1,1,9,11,14,13,2,1,9,7,1,1,12,1,1,1,18,16,1,1,1,14,15,1,13,22,1,10,1,1,9,12,1,12,2,11,17,16,1,29,6,17,1,1,12,11,13,1,1,11,1,9,1,1,1,8,5,9,1,1,8,1,2,14,7,1,1,16,18,9,1,16,1,11,1,1,1,1,13,1,1,13,139,1,23,1,18,12,1,13,33,1,11,11,1,1,1,1,17,1,1,1,6,1,19,30,1,1,11,99,1,9,21,1,18,11,10,16,1,1,8,12,1,1,1,1,16,1,9,2,1,1,1,1,13,1,1,17,1,1,1,21,1,1,13,19,1,1,9,9,8,15,9,8,9,7,1,5,1,1,9,1,13,8,16,14,20,19,16,1,1,1,1,6,1,1,1,14,1,16,16,1,13,1,7,17,1,1,99,1,1,12,10,14,1,1,1,15,1,1,11,85,1,76,16,3,11,9,1,9,1,6,13,33,1,11,11,11,1,12,1,19,16,1,13,1,8,1,1,1,1,1,1,9,1,1,1,1,13,1,3,1,1,1,1,1,11,13,11,1,1,17,18,1,1,1,1,4,1,11,10,10,1,1,1,1,13,14,1,1,21,9,12,1,2,13,22,12,90,13,1,1,1,1,16,1,12,1,18,9,12,1,7,1,9,1,9,1,10,1,15,27,19,1,4,1,13,24,1,11,11,16,1,15,12,1,1,6,14,1,2,7,10,1,16,1,1,1,1,7,13,7,17,25,8,84,1,7,1,1,8,1,9,11,1,1,4,1,1,5,7,6,10,1,1,1,1,19,1,1,6,5,1,17,18,21,6,8,7,1,1,1,20,1,10,9,9,1,17,15,19,1,1,11,18,12,1,14,10,1,1,17,8,11,1,1,7,18,1,19,13,22,1,4,6,1,8,13,45,14,8,1,1,16,4,1,16,26,12,2,14,14,7,1,2,1,1,13,1,17,11,1,13,9,15,12,1,1,1,13,11,2,11,1,20,11,1,1,1,24,1,1,1,1,1,1,1,4,1,1,1,19,9,10,1,1,1,1,1,1,1,12,17,12,1,13,1,11,14,6,8,1,4,1,13,1,9,1,1,11,12,20,1,12,17,9,1,4,10,13,1,9,12,15,15,2,1,1,1,32,1,1,1,1,2,14,1,1,3,1,11,1,1,11,13,70,13,1,14,29,1,1,8,1,19,1,16,1,1,10,1,1,12,16,10,16,1,2,18,13,19,1,13,1,1,6,1,10,23,1,2,1,13,13,21,1,26,1,1,13,1,1,11,1,1,11,1,8,1,11,20,1,1,1,1,1,1,1,16,1,1,1,1,1,1,2,1,10,13,9,1,17,15,14,12,8,1,1,5,12,1,8,1,1,12,7,1,1,11,11,1,1,12,8,1,13,9,8,1,32,1,1,1,1,1,10,2,3,1,1,1,1,11,1,1,1,1,1,6,14,1,1,1,1,1,120,15,1,9,1,1,15,6,1,1,1,12,8,10,1,10,10,12,1,7,9,1,1,1,1,13,23,21,17,1,1,1,1,1,1,10,1,7,39,16,1,11,1,1,15,13,12,6,1,1,1,9,1,1,1,1,1,1,19,1,1,1,8,15,1,11,1,1,1,1,6,11,11,1,5,1,12,13,9,1,10,10,16,14,1,1,1,16,9,13,1,17,1,15,1,13,1,80,6,1,63,17,12,4,1,1,6,1,1,22,1,8,13,24,4,1,1,14,1,1,1,1,1,8,1,1,14,14,12,3,1,40,1,18,14,1,1,1,15,1,16,1,18,1,15,10,15,1,1,14,29,3,7,11,1,35,13,1,1,11,1,9,17,1,1,27,1,13,8,11,1,19,14,1,9,2,1,1,16,10,245,45,10,17,1,1,1,1,1,15,10,7,13,8,3,1,17,1,1,1,13,20,1,17,11,1,8,5,1,1,14,14,1,14,1,18,10,1,11,8,1,14,11,14,1,12,1,1,21,17,1,1,15,1,1,1,174,1,2,1,13,14,18,14,1,14,1,1,16,9,20,1,15,1,1,1,1,1,1,14,15,1,75,1,1,12,27,1,16,12,1,14,1,1,1,1,6,18,1,1,31,250,61,8,1,15,1,15,6,1,1,1,23,12,1,1,1,1,26,1,19,5,1,13,1,16,1,1,10,14,56,15,1,10,1,14,11,1,1,1,10,9,1,1,9,1,15,13,1,1,1,1,1,1,7,1,12,1,1,4,1,1,22,1,1,15,8,16,7,1,10,1,1,8,19,1,1,1,3,13,14,17,1,15,1,11,1,1,47,19,15,14,1,1,1,1,19,13,12,1,1,1,16,17,11,8,1,1,1,1,1,8,1,4,1,10,14,1,1,1,1,1,13,10,1,19,1,1,17,1,7,7,1,1,1,1,1,33,1,9,23,6,16,1,21,7,1,24,13,1,18,11,13,6,2,1,1,18,1,1,1,1,15,13,10,1,8,1,22,1,1,1,1,8,5,1,2,1,1,1,1,12,1,1,1,8,1,11,13,1,1,1,13,1,1,17,5,8,19,9,27,1,1,10,11,14,10,1,6,1,1,13,14,10,1,1,1,1,14,1,6,74,25,8,13,1,3,12,1,10,29,1,1,1,1,1,1,12,16,5,7,1,9,1,1,71,1,1,1,1,11,9,1,1,15,4,16,11,1,33,14,6,8,29,108,1,16,9,18,15,1,1,1,6,1,14,5,23,1,90,10,1,9,1,11,7,8,1,1,10,19,11,3,1,15,2,10,8,3,2,1,1,1,1,1,18,9,1,1,1,1,18,17,1,1,1,11,1,1,11,1,1,1,4,18,1,1,1,7,1,3,12,1,1,17,1,14,24,9,1,1,1,11,17,16,21,14,19,1,1,14,14,1,1,19,6,1,1,12,12,7,1,1,1,15,1,1,1,18,16,1,1,1,11,20,7,1,1,1,1,17,12,2,1,1,1,15,14,1,1,16,31,15,1,1,7,1,1,1,5,10,1,15,5,1,1,15,1,8,1,1,21,11,1,1,1,10,68,15,1,1,11,1,1,11,1,15,1,1,17,1,17,12,10,9,5,12,1,15,1,1,1,1,19,13,10,18,16,1,1,19,1,1,16,1,1,1,12,1,1,1,1,8,2,1,12,1,9,1,1,1,24,11,16,15,1,7,14,8,1,14,1,1,1,7,1,1,1,93,1,2,15,15,15,15,1,1,11,1,14,10,1,1,1,13,1,1,1,10,10,1,17,11,1,6,8,11,1,1,12,1,1,8,1,7,17,1,11,7,6,1,3,1,1,1,105,1,16,8,1,1,1,21,20,16,12,1,1,15,10,6,19,1,1,1,1,1,21,1,17,14,1,1,13,1,15,2,1,1,1,18,9,1,10,1,1,1,1,9,5,7,1,1,1,13,1,12,1,1,16,4,1,1,1,10,1,8,1,1,1,16,2,19,1,1,1,14,1,25,1,5,1,11,12,1,12,1,8,17,1,14,2,14,1,153,5,9,10,1,1,2,13,1,8,9,18,14,22,13,1,1,1,1,11,1,14,1,1,1,1,9,13,19,1,1,10,15,10,8,9,6,1,15,1,1,21,1,1,1,1,1,8,6,1,4,17,1,5,1,1,8,1,4,1,10,1,1,1,8,1,1,15,12,1,1,1,1,8,14,8,16,15,8,1,1,10,1,13,17,1,1,17,13,10,16,25,1,1,1,14,30,1,17,1,1,10,28,22,1,1,12,1,20,1,9,1,13,20,10,18,10,1,7,12,1,1,22,1,6,1,21,1,7,1,1,1,1,1,1,8,4,12,1,1,5,1,1,9,1,16,19,10,5,1,8,135,1,14,7,11,1,1,10,1,1,1,17,13,10,1,12,1,1,24,8,1,17,13,6,1,13,35,1,1,13,1,1,18,19,15,17,19,19,16,22,9,1,1,8,1,12,1,1,1,1,7,20,10,1,1,1,1,13,15,14,1,1,11,1,1,1,7,9,1,1,1,4,1,1,10,1,1,6,1,13,18,15,17,3,9,9,1,12,17,1,1,1,9,1,1,11,13,2,1,1,19,1,1,15,1,12,1,1,1,12,1,11,1,1,9,103,7,1,6,13,9,1,1,18,4,101,9,1,1,16,12,1,15,1,14,1,88,1,1,1,5,7,1,16,13,13,14,1,17,1,1,88,10,13,1,9,1,12,10,1,2,22,1,13,1,1,1,1,1,12,1,21,1,1,8,1,15,1,25,9,1,1,23,1,1,1,18,1,1,1,17,8,13,1,13,1,1,1,17,1,10,2,1,1,13,1,1,16,14,1,1,1,1,1,17,1,12,4,1,14,1,6,13,15,9,5,1,16,1,1,22,62,1,10,15,1,13,5,1,2,14,7,13,10,1,13,17,1,1,25,1,15,1,5,19,14,1,1,1,1,1,13,1,1,1,1,1,9,1,1,1,17,12,1,12,14,15,1,15,1,9,1,1,1,7,11,20,1,1,19,9,1,2,1,16,1,12,1,1,11,1,1,1,1,22,1,13,9,1,22,14,1,2,1,1,9,1,10,1,1,82,16,1,1,6,1,1,1,1,6,1,1,1,1,1,2,15,1,16,5,14,5,1,1,1,1,1,10,2,7,1,1,1,1,1,1,18,10,9,1,1,4,11,1,1,1,11,14,10,1,1,1,8,1,12,1,14,1,6,10,17,5,1,15,1,1,9,1,10,12,4,14,18,1,9,22,1,1,13,1,1,12,14,1,1,12,11,26,1,1,17,11,15,1,1,20,1,7,1,9,1,1,1,14,14,1,1,1,1,1,1,10,12,19,14,13,17,1,1,1,5,1,1,7,9,1,1,16,10,8,11,8,1,1,9,1,14,1,8,1,7,13,17,18,1,16,1,1,24,1,6,18,1,7,1,12,1,1,9,11,2,7,10,1,1,12,1,11,11,20,12,14,4,10,8,1,10,1,16,13,14,1,5,16,8,16,7,12,1,9,16,1,1,4,9,10,15,1,1,16,1,1,21,1,1,7,14,14,1,1,1,2,8,11,15,1,1,13,1,12,1,1,10,12,1,13,1,1,2,11,19,6,10,1,1,1,1,1,13,14,1,10,1,6,7,29,10,1,1,8,8,1,1,1,11,14,4,16,1,1,1,23,1,2,1,6,1,1,88,12,15,1,1,1,12,1,16,9,10,18,17,1,13,1,14,10,1,11,2,1,1,4,1,2,14,15,99,3,12,9,18,1,7,1,1,9,1,10,2,1,76,1,1,1,1,1,1,1,1,27,1,13,11,1,1,2,15,1,1,12,12,1,9,1,1,1,2,8,1,17,1,1,12,10,1,1,1,17,16,5,1,8,13,1,1,9,16,25,1,1,6,1,1,9,27,1,11,1,6,1,1,12,2,1,2,11,1,1,1,15,1,13,13,1,2,1,16,1,16,1,13,25,11,6,14,1,13,1,9,1,1,15,1,10,14,1,16,1,19,17,1,1,9,12,1,9,1,4,1,1,13,1,8,12,19,1,16,15,1,16,20,13,20,8,14,6,1,1,9,9,1,8,7,1,1,8,1,1,1,21,43,8,9,8,1,1,92,1,1,1,1,1,1,8,19,20,11,32,1,13,9,1,8,2,3,9,7,1,17,9,5,17,2,1,13,1,1,20,5,1,1,11,4,1,1,1,6,1,1,1,14,1,32,1,1,1,1,1,1,12,9,10,2,1,15,10,1,1,10,1,1,10,1,39,12,19,1,1,10,9,17,1,15,15,1,1,27,1,17,13,1,1,1,1,1,1,1,1,1,15,7,1,13,1,1,13,1,20,1,1,20,9,10,11,16,1,13,1,1,1,13,1,3,1,13,9,1,1,1,5,1,1,3,12,1,19,1,1,8,2,7,1,15,3,19,1,20,18,16,17,21,1,1,10,1,12,1,11,1,17,12,14,1,10,11,16,13,6,1,6,1,1,10,15,1,1,1,4,1,1,20,16,1,7,20,1,1,16,1,17,1,7,16,1,1,14,1,1,12,21,22,2,1,8,25,2,13,9,15,14,9,1,1,1,15,1,1,1,21,59,12,7,1,1,8,10,15,9,1,13,2,11,8,1,3,20,1,16,11,17,1,14,4,1,12,13,9,11,11,12,1,1,1,1,30,1,1,1,1,1,1,1,3,1,1,1,8,1,14,13,13,9,2,20,1,4,1,1,15,2,17,1,1,16,1,1,1,8,1,1,27,1,6,1,14,19,1,1,1,12,24,15,12,1,2,1,1,1,16,16,1,11,1,13,6,1,1,1,10,17,1,1,1,9,5,13,17,18,13,17,1,1,1,7,1,1,12,14,1,1,1,1,4,1,1,1,19,10,11,1,2,10,1,12,1,10,15,1,15,1,13,1,11,10,1,1,1,1,1,6,1,1,1,15,1,10,7,1,1,1,15,1,10,1,19,10,1,1,15,1,1,12,1,10,10,1,1,1,1,1,1,12,1,1,1,10,11,28,11,7,11,1,15,10,1,1,12,9,11,15,13,12,11,1,17,1,1,13,8,18,8,8,19,6,14,11,1,1,1,1,1,13,1,12,1,1,3,1,15,37,10,1,1,16,6,1,13,12,6,111,1,1,6,1,1,5,1,4,14,1,9,9,12,19,15,1,1,15,1,15,17,1,14,12,4,1,1,1,34,1,6,1,32,9,1,18,1,1,15,14,6,1,2,1,1,1,1,14,19,8,11,11,1,16,11,25,15,1,5,8,1,21,1,1,1,1,11,14,1,1,1,17,135,1,13,23,15,1,1,19,1,17,1,1,2,45,1,1,11,1,21,10,14,15,1,16,1,13,16,14,1,7,1,2,1,12,12,8,1,11,1,1,11,17,11,10,1,1,1,1,1,1,1,16,17,11,8,1,1,10,16,1,1,10,88,1,9,1,10,1,1,7,10,1,2,20,11,4,20,14,1,70,12,1,59,1,1,1,1,1,1,1,13,1,1,1,2,14,1,1,9,1,14,8,8,7,1,36,15,1,17,15,17,1,1,11,13,1,1,1,1,1,11,1,6,1,1,11,8,19,14,1,11,1,1,8,1,10,1,1,13,2,15,1,5,1,1,1,1,1,24,1,1,13,1,103,1,15,11,1,2,12,18,1,5,1,14,16,1,1,1,1,1,10,1,11,9,6,14,1,1,5,1,14,13,1,1,5,1,1,14,1,7,10,1,22,2,16,10,9,1,1,10,13,35,11,1,16,1,2,18,1,18,1,1,1,5,11,2,1,1,8,13,15,16,16,1,1,2,106,15,9,1,1,10,15,4,1,1,19,1,1,1,14,16,2,17,1,10,1,10,10,7,1,1,1,1,9,1,7,15,1,1,13,11,9,1,36,20,16,1,1,9,2,1,14,15,8,10,9,1,9,11,7,1,19,1,1,13,1,11,15,6,5,16,8,1,17,1,1,3,1,1,1,1,1,1,1,2,8,14,8,10,5,1,1,15,1,15,1,1,22,14,1,6,1,15,1,1,16,13,12,1,1,1,7,21,1,12,1,1,15,1,1,1,10,12,6,4,1,17,24,1,17,12,18,1,1,18,10,1,10,1,1,15,23,1,1,1,10,10,9,1,16,2,4,5831,1,10,21,1,11,1,6,11,1,1,1,1,1,6,2,1,15,1,1,1,1,1,1,7,1,15,1,1,11,4,1,1,18,2,1,1,1,24,8,1,11,1,1,1,1,1,1,17,1,1,2,17,1,1,9,3,13,1,1,30,1,8,7,9,1,1,7,1,6,15,1,8,1,3,1,13,1,21,19,7,1,11,13,1,22,1,1,8,3,12,1,16,1,9,15,1,9,1,1,1,1,9,1,15,1,4,1,1,1,17,2,1,9,1,3,1,7,1,11,12,15,11,1,1,2,11,9,1,20,1,1,1,1,10,12,16,1,27,1,1,1,1,23,15,1,9,1,9,12,2043,8,1,1,37,1,10,56,8,1,12,16,8,1,1,7,1,9,9,12,17,1,1,1,8,1,1,11,5,13,1,12,8,1,14,1,1,16,1,18,20,1,1,11,11,1,1,3,1,1,1,1,9,1,9,36,12,1,1,18,1,1,1,12,5,1,1,1,15,5,1,1,9,1,1,9,5,12,1,1,14,20,1,1,1,5,1,9,1,1,1,15,9,1,10,1,1,9,1,4,42,1,10,15,1,1,1,12,2,12,17,1,3,16,14,1,6,12,1,24,1,1,1,1,6,1,1,18,14,12,1,1,11,1,11,4,19,1,1,7,7,1,1,15,1,1,12,9,1,24,13,1,12,1,1,1,13,6,15,13,1,7,7,13,12,12,11,10,3,1,1,1,1,13,16,1,17,1,1,1,13,1,23,20,1,1,13,8,5,11,7,9,10,1,11,11,19,1,24,12,12,1,8,1,1,1,10,1,1,1,1,16,9,13,15,17,18,11,13,16,1,12,1,1,7,30,1,5708,1,12,1,1,17,6,1,4,11,1,1,1,1,17,11,7,18,16,28,1,1,1,6,10,1,10,12,1,3,13,1,1,16,1,21,1,14,15,11,7,1,7,11,1,1,36,1,2,1,1,1,7,7,1,15,1,7,7,1,12,4,14,1,21,11,10,1,11,13,1,1,5,15,21,1,1,12,1,5,13,13,41,9,7,1,1,20,7,1,1,15,1,1,1,6,1,1,8,6,7,2,1,1,16,1,16,13,4,11,13,19,9,15,1,1,18,33,1,1,1,24,13,1,20,10,1,1,1,17,1,1,18,4,5,6,5,11,1,10,1,1,1,6,8,11,1,4,10,9,1,12,1,11,17,7,16,1,1,1,1,13,1,15,1,9,14,15,3,10,1,1,1,16,10,1,1,11,1,4,1,1,1,20,13,1,1,18,1,1,22,7,16,9,1,1,1,12,18,85,1,10,17,7,12,17,14,14,1,13,1,1,21,22,1,9,1,17,3,13,1,8,11,1,1,1,8,1,1,3,10,19,1,9,11,22,39,10,1,16,15,16,1,1,1,1,1,1,1,11,8,1,1,17,7,2,1,1,10,1,2,17,8,7,7,8,12,1,1,10,1,1,1,13,9,1,1,9,1,12,7,1,2,1,1,12,13,1,1,1,1,13,13,10,16,1,12,19,1,11,6,1,12,15,1,10,10,19,11,10,14,2,23,1,1,5,19,1,1,5,1,19,2,11,15,1,1,10,16,1,393,1,1,1,1,13,1,1,7,1,1,20,1,6,1,1,4,11,1,17,23,21,1,17,1,50,25,1,6,13,10,1,12,1,15,1,25,1,1,1,1,15,1,13,1,3,1,8,14,1,1,16,1,15,12,21,1,10,13,1,10,1,1,175,1,1,12,1,1,9,1,1,10,8,14,1,1,1,1,19,1,1,1,14,7,1,18,1,11,13,1,18,5,1,12,1,1,12,17,9,12,10,6,1,7,1,1,1,1,1,1,1,12,1,1,1,1,19,13,20,17,1,12,16,16,10,1,23,1,1,1,11,7,15,10,1,1,1,11,1,15,5,7,4,19,16,1,1,1,10,1,1,1,5,11,1,9,9,14,16,3,12,1,1,39,6,1,7,19,11,1,18,1,1,1,21,11,12,1,1,11,1,1,10,15,15,1,14,1,12,1,6,15,7,7,15,1,4,10,14,29,1,15,1,47,1,15,35,1,1,9,11,1,11,1,15,15,10,20,19,27,1,15,1,11,1,1,11,1,18,1,15,10,6,1,1,1,1,1,12,1,13,1,1,1,12,19,14,1,23,1,4,1,16,1,7,14,10,10,15,1,12,1,1,11,13,2,1,15,10,1,12,1,1,21,1,9,1,1,26,1,2741,1,9,1,1,1,1,10,1,1,19,7,2,8,1,7,1,1,15,1,1,14,13,13,1,1,20,1,11,6,1,20,9,9,5,18,12,1,6,1,1,1,18,1,1,21,15,1,21,6,15,7,17,9,1,1,1,1,1,1,23,16,14,16,12,14,1,3,9,1,1,22,1,15,2,8,36,1,1,1,1,1,1,1,1,6,1,11,1,83,10,11,14,3,12,1,1,1,1,1,1,16,1,6,16,1,2,18,13,1,1,1,1,37,9,24,16,1,7,17,1,1,14,1,1,10,4,1,1,305,12,1,1,12,28,18,24,1,14,16,19,1,1,1,1,3,9,1,1,16,19,9,10,11,14,14,1,1,1,12,91,1,5,11,1,1,2,1,13,1,9,1,4,1,14,18,11,26,17,1,1,1,1,1,14,3,57,13,10,1,16,1,28,1,1,12,1,12,1,9,5,1,1,1,13,1,1,1,1,1,11,14,1,16,1,20,1,22,14,1,5,1,1,1,15,1,23,18,1,1,1,11,17,4,14,15,1,13,1,1,1,17,14,5,22,1,14,1,14,1,13,1,1,19,11,1,1,18,11,17,13,2,20,7,1,11,14,2,1,13,1,1,1,15,10,1,1,10,13,1,9,22,1,14,1,11,9,1,2,3,10,17,17,10,13,14,1,1,1,1,1,1,161,1,1,1,1,9,13,8,1,11,2,5,1,10,9,15,1,11,8,18,8,7,1,11,1,10,23,1,1,1,8,17,19,1,9,12,1,16,7,1,1,1,1,11,17,4,21,27,1,26,1,1,6,1,15,1,13,1,15,1,22,6,1,12,1,19,18,17,10,1,10,1,1,1,15,1,1,1,1,1,1,15,11,1,1,9,2,16,1,1,1,1,16,10,1,1,12,1,16,11,23,14,21,1,18,1,30,17,13,13,1,1,11,4,1,8,1,12,1,1,15,1,1,1,7,1,1,1,1,13,25,6,15,8,14,16,15,1,1,1,22,17,1,1,16,1,1,13,1,1,5,6,1,1,1,14,14,15,16,19,1,15,21,20,12,1,1,1,1,5,1,1,1,1,8,10,1,1,1,1,15,1,1,17,7,1,4,1,11,1,9,1,1,3,17,1,1,18,1,18,1,1,1,5,20,10,1,15,1,1,36,15,13,5,1,13,1,19,1,12,1,17,13,12,1,16,18,1,15,18,1,1,1,1,1,1,5,20,1,1,10,18,10,1,1,1,1,7,11,18,10,2,7,1,1,8,1,18,6,18,18,7,1,1,7,14,7,1,1,7,11,1,1,11,12,11,2,1,1,1,6,7,1,1,4,1,1,1,1,1,1,15,1,2,1,68,1,5,1,12,12,16,16,1,16,16,11,1,1,1,1,1,17,1,1,12,11,1,15,1,14,1,1,1,1,12,1,2,1,1,20,1,1,1,9,2,8,1,10,17,1,9,1,8,1,1,1,16,9,82,18,1,1,10,1,1,17,16,1,1,1,6,1,1,1,9,16,13,1,5,1,19,16,1,6,1,5,1,1,1,1,1,9,1,1,1,14,1,1,12,1,1,1,11,13,1,1,2,15,12,1,1,11,17,1,10,1,3,13,15,7,1,14,2,14,8,1,51,9,3,11,14,1,9,1,21,70,1,1,1,12,4,1,8,1,4,1,1,15,1,5,1,1,9,20,1,1,1,1,1,1,1,7,8,11,14,1,1,18,16,1,1,1,1,17,18,19,1,1,9,2,1,1,1,16,10,1,15,12,13,1,1,2,27,1,3,16,1,19,9,1,7,1,7,1,1,1,1,1,1,1,1,8,1,7,11,1,1,16,1,17,10,1,1,56,10,17,8,10,17,1,1,23,1,1,1,1,1,12,1,92,11,1,1,11,12,17,1,20,1,11,7,15,1,14,12,11,1,1,1,1,17,62,18,1,1,37,11,10,1,1,9,1,18,1,1,1,2,146,6,20,15,8,20,1,1,1,12,5,12,19,1,1,9,1,12,1,14,1,9,1,11,1,14,1,2,16,10,13,12,6,1,1,10,1,13,1,1,1,1,1,58,2,11,1,1,1,22,1,1,1,1,6,19,1,16,1,11,1,1,1,13,1,1,12,9,1,13,9,1,1,1,15,100,14,5,9,1,83,12,1,11,1,1,9,8,5,1,1,1,13,1,1,1,17,2,100,1,1,1,1,8,4,1,1,1,7,1,12,1,1,6,6,1,1,14,15,1,1,12,14,11,18,1,1,1,13,1,8,1,6,1,1,30,1,1,1,104,1,9,7,12,12,7,1,6,1,1,1,12,15,1,1,1,1,1,1,13,1,1,20,1,6,1,1,14,10,1,1,1,16,7,15,1,1,5,15,18,1,1,20,17,11,6,6,1,1,9,1,1,1,8,12,1,16,9,12,14,1,1,12,1,7,13,9,10,12,1,1,48,13,1,8,15,1,1,1,1,1,13,14,1,17,1,1,1,15,21,1,12,1,1,11,1,5,23,8,1,15,15,16,18,13,23,1,1,5,1,16,16,4,1,1,1,1,1,9,13,2,12,1,8,1,12,1,1,49,1,1,13,11,10,15,8,13,9,8,16,1,1,1,1,1,11,17,10,1,8,33,12,24,1,8,12,14,1,1,19,10,75,14,1,1,1,1,11,5,1,11,1,17,1,1,9,14,23,1,1,17,1,1,10,5,6,15,1,14,1,13,10,1,1,19,13,1,1,1,2,1,1,3,17,14,1,8,2,9,12,1,1,29,13,1,16,1,1,17,7,1,1,13,1,1,1,19,11,19,1,22,1,16,7,9,2,12,1,10,1,1,1,13,8,1,29,12,1,12,1,1,48,12,19,1,1,8,1,1,13,8,1,13,1,1,16,6,11,11,1,21,1,17,6,1,1,11,1,1,8,2,16,1,11,17,1,1,14,1,19,1,34,23,1,1,18,10,1,27,1,5,10,1,1,1,1,1,13,1,20,15,1,4,16,1,14,5,11,12,1,73,36,2,17,1,1,1,12,1,1,5,1,1,1,13,1,14,1,1,14,10,13,1,12,1,12,1,1,1,11,1,15,1,1,1,1,2,2,14,8,1,12,12,12,1,13,1,4,1,1,1,1,1,14,1,20,1,3,10,1,15,1,5,1,12,1,9,19,1,1,1,1,1,9,1,7,1,1,8,1,20,16,5,25,16,19,1,1,22,1,11,1,9,10,1,20,14,1,32,26,1,1,12,1,2,25,1,1,7,1,1,1,1,19,1,1,16,5,16,1,2,1,17,11,1,1,1,11,1,14,9,1,8,7,1,12,11,1,1,1,14,15,1,12,8,1,1,1,1,1,1,12,11,18,1,1,1,1,1,16,6,11,21,2,6,1,1,14,1,16,1,7,1,11,1,4,1,17,13,1,1,1,1,20,1,6,1,2,1,130,13,1,33,9,1,2,13,6,18,8,1,13,13,1,1,15,14,4,1,1,1,34,12,1,13,10,1,16,1,39,1,1,1,1,8,11,7,11,10,1,1,1,4,1,1,17,16,1,1,1,6,1,8,1,1,1,1,11,15,1,1,1,1,11,11,1,1,11,2,1,14,1,1,10,1,20,20,1,1,3,2,1,1,13,12,1,1,21,19,1,18,1,1,11,12,5,13,1,1,1,1,13,9,1,1,7,12,1,23,1,21,1,1,8,1,1,1,1,19,16,1,10,17,9,12,15,44,1,1,1,12,21,1,11,1,64,1,1,1,10,6,1,2,1,1,13,6,1,4,3,9,8,1,1,14,1,3,6,1,19,1,1,1,1,9,14,1,11,1,1,1,1,1,184,16,11,1,9,17,5,1,1,13,74,1,1,19,19,8,10,5,1,1,1,17,4,10,16,19,9,1,1,13,1,17,19,1,1,1,7,22,16,1,1,14,2,1,14,1,11,2,1,11,17,3,4,1,1,1,19,12,1,1,1,1,1,1,1,1,16,10,1,1,1,1,13,9,1,1,1,17,1,14,1,1,1,15,13,15,1,9,30,1,1,15,1,1,13,9,8,12,1,1,1,1,7,8,1,1,1,1,1,12,1,11,1,8,2,18,21,1,1,10,1,15,1,1,2,5,4,21,1,1,1,21,1,16,13,1,15,11,1,7,63,8,1,13,12,23,15,19,1,10,20,19,12,1,17,2,1,11,9,13,1,1,1,9,1,1,1,1,11,15,14,1,21,15,1,9,1,1,12,1,11,1,15,1,5,6,13,1,16,7,4,16,1,1,1,1,25,1,1,4,13,1,15,14,15,14,12,1,8,1,11,8,18,15,11,15,1,1,1,9,12,1,14,6,21,8,1,1,1,2,10,1,13,2,87,1,1,13,9,1,1,1,25,10,10,1,18,10,2,2,1,1,1,1,14,1,1,2,14,8,22,1,6,1,13,16,20,1,11,1,1,1,10,1,1,1,1,8,1,1,1,1,15,6,13,20,2,17,9,5,1,16,1,1,25,5,1,21,1,24,1,5,11,13,1,1,22,1,1,15,13,10,1,1,1,1,15,1,1,1,1,13,16,4,1,1,1,1,4,6,22,1,7,1,30,5,15,14,12,7,15,14,9,15,6,15,1,1,1,1,22,1,6,1,16,23,15,20,1,8,1,1,8,1,82,1,6,1,1,37,1,9,8,1,3,1,1,1,1,16,1,10,1,20,17,1,2,50,1,1,1,1,13,8,1,1,1,1,1,1,18,1,1,15,1,18,1,15,10,1,7,53,11,10,15,20,18,11,8,1,1,1,1,1,8,4,8,1,1,10,8,13,1,10,1,1,1,15,1,7,1,14,1,15,1,16,26,13,1,11,3,1,1,3,1,27,1,12,9,1,121,12,1,11,1,15,8,14,6,1,15,1,13,1,11,1,2,1,14,3,1,1,8,1,5,16,1,12,8,1,13,10,11,1,11,10,10,22,7,91,16,18,14,19,1,15,1,19,1,1,1,1,1,1,1,1,11,12,1,12,2,13,8,10,10,16,1,1,8,33,1,1,17,1,15,1,10,1,8,15,9,1,14,1,17,22,9,21,8,12,22,15,1,19,16,1,14,1,13,7,16,7,7,1,1,1,1,1,13,15,6,1,14,15,13,1,2,1,11,1,5,5,1,1,9,11,1,1,1,4,9,1,16,1,1,1,40,1,1,10,18,9,1,7,1,14,1,8,8,1,1,1,1,12,1,1,1,12,1,16,1,1,18,15,1,1,16,12,24,1,1,12,15,11,1,11,1,12,1,1,10,1,7,12,1,15,2,10,6,1,19,1,19,1,1,1,1,1,2,5,2,1,7,1,1,16,1,1,12,1,2,1,1,1,1,7,14,10,1,14,1,12,15,1,13,2,1,1,14,1,1,27,1,1,15,14,13,16,21,1,1,1,1,1,1,23,18,13,12,1,9,1,1,1,11,10,1,1,4,1,4,1,1,12,1,10,2,1,6,26,1,1,2,1,1,7,21,1,16,1,1,1,1,1,3,1,14,16,16,179,9,1,1,13,1,16,15,14,6,11,1,15,8,1,1,1,1,9,9,1,41,10,1,1,13,15,1,10,1,1,1,1,64,9,14,4,17,1,2,1,15,12,10,1,6,12,10,12,1,1,21,1,12,11,3,1,12,12,1,1,2,10,4,1,1,15,2,1,1,1,1,25,14,12,11,2,1,5,13,1,1,1,1,13,8,5,17,13,1,139,21,24,1,3,1,1,21,1,1,8,14,13,8,1,1,1,8,1,18,14,15,1,1,1,1,13,1,12,8,4,2,1,1,10,14,1,1,20,1,12,10,1,1,15,1,1,8,1,1,1,1,1,9,1,1,1,1,1,1,11,9,1,1,1,6,12,15,1,1,1,21,12,7,1,1,1,1,1,1,12,1,1,9,1,20,1,8,14,6,23,21,10,10,2,5,10,24,1,14,3,1,14,1,1,1,10,21,1,1,2,23,1,15,1,1,24,9,1,14,10,1,1,1,22,10,1,10,1,6,1,1,19,1,3,1,8,16,1,1,1,1,74,19,1,1,1,1,1,15,85,1,2,1,1,10,1,17,1,1,1,1,1,1,1,9,9,1,1,1,13,18,17,7,1,1,1,1,11,1,14,17,1,1,108,3391,62,10,1,9,7,1,1,1,1,1,1,17,1,1,1,19,1,15,1,1,1,1,122,8,5,1,10,8,18,9,1,19,14,16,1,1,1,15,5,1,30,1,1,1,1,11,1,48,1,1,1,1,1,1,13,13,949,14,10,1,1,14,12,24,1,18,1,11,21,1,1,1,1,1,1,1,1,16,1,19,15,1,10,1,14,27,1,42,1,13,1,1,1,1,17,1,1,1,1,1,1,10,1,13,1,3,1,1,12,9,8,1,14,10,18,22,1,200,10,17,1,1,8,1,8,10,15,251,1,1,8,9,17,2,9,19,12,10,9,8,1,1,11,15,1,9,7,6,1,14,6,7,2,1,1,15,1,1,23,1,1,1,1,10,17,1,1,1,1,15,1,13,1,1,15,1,20,5,13,1,1,13,1,11,1,6,20,1,1,1,12,1,14,9,1,50,9,5,5,19,31,1,1,6,8,1,1,15,1,3,1,1,1,1,11,11,1,1,1,18,1,1,1,1,7,1,35,1,49,11,22,1,1,10,6,1,1,12,17,11,11,18,17,12,1,17,11,1,16,1,2,1,1,1,1,14,1,4,10,13,4,1,13,17,1,5,20,23,1,1,24,1166,1,1,11,8,8,1,17,1,25,13,9,26,15,7,8,1,1,8,9,41,13,1,1,12,1,1,1,9,1,10,14,1,1,9,11,17,13,9,10,16,1,1,1,1,1,1,1,17,15,1,1,1,18,1,28,6,16,1,16,9,10,1,10,36,1,1,1,1,1,1,12,1,1,1,1,15,1,1,10,1,12,8,7,1,1,8,12,6,12,1,20,1,1,1,13,1,10,1,8,14,1,10,1,1,12,10,1,8,11,1,1,1,30,1,1,19,1,13,5,1,11,12,1,9,12,7,18,4,1,14,1,1,14,15,11,1,11,7,12,1,1,16,1,16,1,8,1,1,11,1,15,10,5,10,15,12,1,14,1,26,10,1,16,1,91,13,1,9,10,2,13,1,1,19,3,1,8,10,1,1,1,1,12,1,1,1,1,10,14,12,1,1,1,18,1,1,11,1,1,42,1,1,1,1,17,4,5,10,12,5,12,1,12,14,1,1,1,1,17,7,14,11,1,1,12,4,2,7,1,4,1,19,1,20,1,4,29,14,15,7,12,21,10,11,10,1,1,1,16,1,1,14,14,1,13,1,1,1,1,1,1,10,10,1,12,1,1,5,3,9,14,20,1,7,20,12,1,21,1,1,1,14,9,19,10,13,7,19,1,9,4,1,1,1,14,11,27,3,6,1,1,11,1,15,2,1,1,1,1,1,1,1,1,1,1,1,1,1,1,1,16,1,1,1,1,1,21,1,19,1,1,5,1,1,1,1,6,1,1,10,1,1,16,1,2,14,10,1,13,1,23,9,1,1,1,13,12,9,1,1,1,13,20,1,8,1,5,25,17,1,18,12,31,35,1,12,12,15,13,1,1,13,1,11,12,8,7,17,24,9,1,7,1,1,1,1,14,15,1,1,1,1,12,1,11,8,16,1,1,1,18,1,13,1,1,1,9,1,1,10,8,7,24,1,14,14,1,1,19,1,1,7,16,1,1,12,1,7,9,1,1,6,1,14,1,12,23,1,13,10,1,15,1,1,10,1,1,1,1,13,11,14,1,10,1,1,1,1,1,14,6,1,9,1,17,9,466,18,17,1,16,1,1,10,13,10,1,14,20,8,1,1,1,10,18,1,1,1,1,11,43,19,10,1,1,15,1,3,1,2,16,1,13,1,13,8,16,13,1,13,1,17,1,8,2,7,11,8,1,1,1,1,1,1,18,1,1,11,1,2,11,3,1,1,13,9,1,1,9,1,1,1,1,8,8,12,15,1,4,1,13,2,1,1,1,4,18,16,14,18,1,26,1,1,31,15,13,1,1,7,1,18,1,10,1,15,7,10,14,11,17,8,13,1,14,1,1,24,11,1,9,1,8,1,1,9,12,13,14,11,17,1,14,18,7,13,9,1,1,1,1,16,9,1,1,12,1,1,1,13,3,1,2,1,8,1,22,10,15,16,1,14,1,1,33,10,11,1,10,1,28,1,15,8,14,21,1,18,9,12,7,26,6,1,9,4,1,1,1,1,1,1,21,28,13,1,1,1,20,1,1,1,1,20,1,13,59,14,1,13,1,37,1,10,6,6,3,19,10,1,21,14,28,1,1,11,1,20,11,13,1,1,1,17,27,1,9,2,1,1,1,71,18,1,1,1,1,1,1,5,1,1,11,13,1,1,2,9,1,18,14,6,2,1,1,1,1,1,10,6,18,1,1,8,19,6,15,1,2,10,1,15,6,9,12,9,1,1,1,8,1,9,1,6,9,85,1,2,8,1,29,5,18,10,18,1,1,1,1,18,1,1,9,16,15,1,1,2,14,16,1,1,13,4,10,5,1,1,1,1,18,4,10,1,6,1,1,14,1,4,1,1,13,3,3,1,12,8,1,20,1,15,1,13,14,13,1,13,6,7,1,13,1,1,1,1,1,1,10,1,18,1,18,1,15,1,1,1,12,1,15,10,1,2,1,12,6,1,16,1,1,16,14,1,22,15,1,1,1,17,9,19,2,1,4,18,1,9,1,1,12,11,1,23,16,1,13,1,1,2,1,13,16,1,8,110,16,109,1,1,1,1,1,7,13,17,1,15,12,1,18,2,20,1,17,1,1,28,25,12,5,17,9,13,9,8,13,6,13,1,11,10,1,13,1,2,1,10,17,10,1,1,15,22,1,10,1,3,1,1,13,1,10,1,1,1,15,1,15,10,1,1,1,14,11,1,9,13,1,1,10,1,1,24,12,1,1,16,1,1,21,7,1,7,1,10,17,10,1,9,1,7,10,11,1,1,1,3,7,8,21,1,1,1,1,1,1,4,25,13,1,1,1,5,1,14,1,1,14,1,13,15,13,1,1,2,8,23,1,16,1,1,13,1,1,1,1,3,1,11,15,31,1,97,13,19,25,6,1,4,2,1,26,13,1,8,1,10,6,1,1,1,14,16,15,17,1,16,1,13,1,10,1,9,8,8,19,10,1,1,6,17,3,3,15,20,1,1,1,1,1,1,5,19,1,6,1,22,11,1,1,1,1,12,1,13,9,5,83,15,1,18,1,10,6,13,15,1,69,1,1,11,1,7,1,1,1,1,11,1,1,1,27,1,1,15,10,14,5,8,9,1,6,8,12,10,9,13,9,17,1,16,14,1,1,7,1,1,1,7,1,1,1,1,17,1,16,1,14,10,6,6,14,6,7,1,1,12,6,12,6,1,1,1,14,25,11,9,1,77,1,1,1,11,18,1,55,16,1,14,1,11,1,1,14,1,1,1,1,9,1,1,12,1,5,1,13,1,13,1,1,10,1,1,16,3,22,1,13,20,1,1,1,1,16,13,12,1,1,4,1,1,42,9,1,1,1,1,1,11,1,5,9,13,10,1,1,14,3,1,1,1,10,1,19,13,4,1,13,1,18,1,18,1,9,7,10,17,10,12,8,12,1,1,1,7,1,1,1,1,14,10,1,14,1,3,1,1,1,1,98,1,13,10,1,17,1,1,17,1,9,1,1,19,16,13,13,1,9,25,1,9,11,15,8,1,8,11,17,1,1,1,1,7,10,14,10,1,11,16,1,1,1,2,1,20,8,2,15,1,1,13,17,1,1,19,16,10,6,64,1,7,8,27,6,76,12,9,1,5,1,1,17,20,1,1,3,14,96,18,8,1,18,1,1,12,17,1,1,1,14,1,1,10,9,20,1,1,14,3,1,1,10,1,13,41,15,1,1,10,11,1,1,11,1,5,16,12,1,3,16,9,16,13,1,13,1,16,2,12,1,2,14,13,1,1,19,1,15,1,1,8,1,1,1,1,7,1,2,11,1,1,1,1,1,1,20,12,12,23,1,1,4,1,7,7,10,1,19,1,20,1,1,10,10,1,1,1,26,10,1,1,1,1,9,1,1,1,10,17,13,1,7,14,31,1,3,1,1,6,9,1,1,1,61,1,1,1,13,1,8,1,1,1,1,1,8,9,10,1,13,12,7,1,1,1,8,24,1,1,9,14,17,1,1,1,32,84,1,1,12,1,1,1,1,13,1,12,1,16,1,10,11,9,1,12,5,4,4,19,17,3,1,1,6,14,1,10,9,1,1,12,1,1,7,22,13,1,1,11,13,1,1,10,1,1,9,1,1,7,2,17,1,1,19,1,12,1,1,1,1,1,1,19,30,1,2,9,1,11,7,4,1,1,1,1,1,10,1,1,1,1,13,15,11,13,1,8,1,17,1,6,1,7,1,1,1,14,1,16,1,12,12,1,1,11,1,1,7,9,16,1,1,13,1,7,13,8,1,14,1,1,1,4,8,9,13,1,1,1,1,15,1,1,1,1,9,1,11,6,1,15,15,1,10,1,1,1,1,12,13,1,1,14,1,1,1,1,12,15,1,17,1,1,1,11,1,10,1,18,1,37,1,21,10,1,7,10,1,36,1,7,12,4,9,10,12,1,1,1,1,13,1,18,1,1,11,19,1,1,11,10,1,12,17,1,11,7,1,1,1,1,16,12,1,10,1,22,12,1,1,11,12,1,1,1,1,1,14,15,1,9,1,2,1,5,5,12,13,14,1,1,14,1,1,13,18,16,1,1,1,1,4,1,13,15,16,36,1,1,15,9,22,1,1,12,10,25,12,1,1,1,1,1,1,12,10,13,9,2,1,13,15,4,1,1,1,1,1,8,9,13,16,21,17,1,1,1,6,7,11,16,8,1,9,1,9,8,5,9,59,16,15,22,1,1,1,1,1,1,18,15,18,15,2,3,7,14,14,12,11,1,1,11,1,113,1,11,1,16,10,1,2,39,2,15,19,1,1,1,1,6,5,1,1,15,1,12,12,9,1,17,1,6,12,13,11,1,19,1,16,1,1,5,1,1,1,19,10,11,1,11,12,1,1,1,1,6,5,1,1,6,1,1,1,1,14,1,1,15,9,9,1,13,23,1,1,8,1,1,20,1,1,2,1,20,11,12,2,1,1,6,1,11,12,1,17,1,1,1,1,8,1,2,1,1,11,1,1,1,1,12,18,21,9,2,17,1,1,11,10,6,1,10,13,13,17,12,10,1,4,11,14,14,1,14,18,1,1,3,3,10,1,20,1,14,10,1,1,1,1,14,1,10,10,25,1,13,1,13,1,1,19,1,1,13,20,10,1,8,6,11,1,12,1,1,1,7,7,8,1,8,9,1,1,1,1,1,48,9,1,10,6,16,18,10,6,1,1,15,17,1,1,1,20,1,26,1,1,14,1,15,1,1,1,10,21,12,12,13,1,14,3,1,1,1,1,8,11,10,1,10,7,1,12,1,1,1,10,1,1,1,1,2,28,1,1,1,1,1,1,14,24,1,17,14,1,25,7,14,12,13,1,17,1,1,1,1,1,1,1,12,19,15,1045,1,1,1,1,1,1,12,1,27,16,1,1,9,1,16,16,11,1,14,13,12,1,1,11,10,11,14,2,30,1,15,7,1,1,1,30,9,3,1,15,9,6,9,1,1,13,6,1,13,1,8,18,1,1,8,5,8,13,1,13,1,1,13,1,1,7,1,10,20,1,1,15,16,11,1,5,1,11,1,8,1,1,1,14,15,1,1,1,54,1,1,14,18,9,1,1,8,2,1,18,1,1,14,12,1,1,1,13,1,15,1,89,5,1,9,8,1,1,1,1,1,1,1,1,1,1,14,15,1,3,1,1,4,1,8,1,13,1,20,9,1,11,1,1,1,1,13,1,22,14,1,12,1,3,1,15,8,2,11,1,14,9,13,9,4,11,1,1,20,1,13,1,18,6,13,1,1,1,1,5,1,1,1,1,15,12,1,1,1,1,6,13,1,7,1,1,1,1,1,10,14,1,5,87,14,12,9,1,16,19,1,18,1,1,1,4,1,1,1,12,7,17,18,12,18,7,15,12,15,1,14,7,1,1,14,17,12,6,12,18,14,1,1,18,19,18,8,1,1,1,18,14,1,1,6,9,2,17,1,1,1,1,10,5,2,1,1,15,12,1,13,9,1,12,1,7,1,16,1,1,14,7,1,11,60,1,1,1,8,1,17,1,1,7,16,13,1,11,12,16,20,15,6,9,16,1,6,13,13,11,18,1,1,11,1,9,13,15,1,14,16,1,1,15,1,30,8,1,18,12,1,1,15,1,1,1,2,1,20,1,6,1,9,4,16,14,10,1,8,13,17,2,17,1,1,1,11,16,9,9,1,1,15,10,8,1,18,12,1,8,9,1,11,2,1,10,13,1,1,1,11,1,1,11,10,12,1,1,15,18,1,1,13,1,1,1,3,11,10,11,17,8,1,14,11,1,1,26,1,1,14,6,1,1,12,1,1,20,12,18,1,12,23,23,7,25,11,21,15,1,2,1,1,7,1,12,13,29,14,14,3,1,14,9,1,11,5,10,13,1,1,13,1,2,5,1,10,1,1,1,4,13,13,12,12,5,1,1,1,12,9,9,1,16,2,10,1,12,8,11,12,2,1,10,1,11,1,3,18,7,1,1,18,1,1,9,12,1,13,10,12,2,14,1,5,1,36,16,1,1,23,7,1,1,4,14,1,15,18,12,1,11,1,1,16,9,18,9,1,1,13,1,1,12,1,11,2,14,1,12,8,53,12,15,15,2,24,19,16,1,12,10,6,12,11,1,16,1,1,11,1,1,1,1,1,1,2,15,10,1,11,1,8,12,1,13,10,2,1,8,1,15,13,6,19,1,1,8,1,14,1,12,1,7,21,1,1,13,1,22,1,42,12,1,1,10,1,14,15,1,1,1,1,1,1,20,5,9,9,1,1,1,1,1,9,1,9,1,1,11,1,1,8,1,1,1,1,15,1,1,56,9,1,12,6,1,1,1,1,1,15,18,12,1,1,2,1,1,6,1,1,1,1,3,12,1,1,17,1,15,1,15,14,11,1,1,8,1,1,1,21,2,13,2,14,26,7,1,1,15,1,1,1,17,24,8,7,1,1,12,1,11,1,14,7,1,14,1,1,1,1,4,11,1,1,11,1,15,1,11,1,7,7,16,10,1,4,6,17,1,4281,1,1,1,9,1,1,9,6,1,4,1,1,1,8,1,1,13,18,6,9,11,1,14,1,15,1,1,1,7,7,12,76,1,1,1,12,13,11,1,1,1,12,6,15,1,1,20,12,1,10,1,23,1,16,1,1,1,1,1,11,1,1,1,8,33,1,17,9,1,1,12,1,1,1,1,1,6,9,21,15,1,14,1,13,12,97,12,14,11,1,1,8,14,15,1,1,1,15,1,1,1,1,11,1,1,9,1,10,10,1,1,15,15,5,1,10,12,106,7,1,16,4,1,4,39,1,8,10,12,1,1,16,17,14,1,12,1,1,2,1,15,1,1,9,1,1,10,1,6,1,15,1,1,17,170,1,14,10,13,1,1,10,1,1,1,8,7,1,1,1,27,1,1,9,1,11,1,1,13,4,1,18,2,12,10,1,12,19,10,1,1,1,1,6,4,5,16,1,1,1,1,16,12,8,16,10,1,1,17,1,10,1,1,1,15,12,3,1,16,1,1,22,1,1,1,13,1,1,1,1,1,17,1,2,8,16,1,12,12,12,1,11,14,14,1,25,1,2,7,1,10,1,9,1,1,10,1,1,1,1,13,18,20,14,14,14,1,1,7,5,1,28,1,1,1,13,14,12,11,1,1,1,2,9,9,1,1,16,25,1,20,1,1,1,1,13,1,1,11,13,1,1,11,1,16,1,1,10,2,1,10,18,18,1,19,17,9,1,1,7,1,1,14,8,1,1,1,1,13,1,10,12,1,17,14,11,26,189,19,1,1,1,14,17,1,1,14,1,14,16,1,4,9,1,29,1,17,1,1,1,1,27,1,16,1,1,1,1,1,11,2,6,1,1,6,18,8,1,1,4,13,1,5,7,20,1,16,1,13,1,3,13,38,8,1,1,2,1,1,10,1,1,1,8,1,1,1,11,52,148,1,1,1,1,9,12,1,1,1,8,14,21,1,1,1,1,1,16,2,16,1,14,1,15,15,1,1,1,9,20,1,15,1,9,1,1,6,3,14,1,1,1,1,10,18,7,12,1,14,1,1,12,12,1,25,1,1,1,1,11,1,1,1,1,1,1,1,1,12,12,1,11,12,9,15,17,1,1,1,2,5,13,12,13,9,1,1,1,16,6,8,1,1,3,1,1,1,1,11,1,1,9,1,6,6,1,1,2,1,9,1,1,1,1,16,14,9,19,13,11,9,25,1,8,17,1,34,13,73,1,12,11,1,13,1,5,1,18,2,12,26,1,13,5,22,1,12,1,11,16,1,7,1,1,10,20,9,1,9,6,1,1,1,1,9,19,1,1,5,32,8,3,13,12,13,1,16,9,1,7,10,10,1,18,7,1,1,14,1,9,1,10,12,1,1,12,23,11,15,14,1,12,1,17,4,13,1,1,17,1,10,1,1,7,14,15,10,1,3,14,5,10,1,1,15,1,17,1,19,1,1,11,1,1,1,15,22,14,6,10,59,1,15,19,1,10,19,1,8,11,10,1,21,1,1,1,1,1,1,13,1,16,1,1,17,1,1,1,1,15,17,1,8,1,1,1,13,8,1,1,1,1,1,1,11,2,16,7,19,3,12,18,1,1,11,33,13,1,17,5,1,1,10,1,11,16,1,9,1,1,1,16,10,13,1,16,1,1,1,1,1,1,10,10,1,1,1,1,1,1,1,16,16,6,9,1,1,2,1,5,24,1,12,15,7,11,15,10,16,7,14,20,20,13,1,16,1,1,1,3,1,1,1,9,1,9,1,1,15,10,1,1,8,1,1,18,15,15,1,1,3,10,1,10,17,15,1,16,1,1,16,10,1,1,1,1,1,1,9,18,12,7,1,1,1,8,1,1,1,1,1,14,14,1,1,8,1,16,1,14,1,17,25,1,20,17,1,1,20,1,16,12,1,11,2,6,1,1,13,4,12,1,12,1,1,16,1,1,10,1,1,1,14,11,13,17,1,10,11,1,1,9,14,1,3,1,11,5,5,1,1,6,14,12,1,1,13,17,1,17,23,1,1,11,14,5,1,11,15,24,1,24,1,1,1,2,1,14,13,15,5,1,1,7,12,1,11,1,1,1,1,1,1,11,11,11,1,1,7,6,13,13,21,21,1,12,1,19,13,12,10,10,14,1,1,1,7,2,1,1,1,18,9,14,12,15,1,1,1,1,13,1,1,14,1,6,1,1,13,1,21,1,1,1,9,1,1,18,9,1,9,1,1,10,12,10,1,16,16,12,5,13,1,1,5,2,1,1,1,23,8,7,88,20,6,9,1,30,1,12,2,29,6,1,101,1,13,13,6,14,1,14,1,1,11,12,12,8,1,17,1,6,13,18,16,2,8,1,11,27,4,7,13,1,1,1,1,2,1,1,1,4,1,1,10,15,12,1,17,1,16,1,11,1,1,13,11,20,11,14,4,12,1,13,1,1,1,1,1,2,7,16,9,1,1,1,1,23,1,18,14,1,14,1,20,10,1,1,1,9,1,1,42,1,1,1,2,1,1,1,11,17,8,1,1,8,6,10,2,1,17,11,18,14,1,12,12,39,15,17,1,1,8,20,10,11,12,1,16,1,1,1,11,1,12,2,1,22,9,1,12,6,1,16,16,4,1,1,1,2,10,7,10,25,1,18,14,83,16,1,12,1,15,12,17,8,16,20,3,6,1,16,1,1,1,83,100,1,1,1,13,1,1,1,1,17,15,1,11,1,1,1,22,4,1,21,12,1,18,1,1,1,16,1,1,1,28,9,16,16,13,1,1,1,8,15,30,1,9,10,1,15,28,7,5,12,1,1,1,1,1,1,1,43,12,17,18,1,1,6,1,1,17,1,5,14,1,1,8,1,12,1,1,5,1,8,15,1,7,14,11,14,1,1,1,10,7,16,10,1,1,1,10,1,1,1,1,15,8,1,1,1,13,11,1,1,10,1,1,1,8,1,21,1,1,9,1,11,1,8,14,9,1,9,1,10,1,5,14,13,12,1,1,4,1,1,1,13,1,1,1,1,20,1,1,11,1,21,8,13,1,1,16,1,1,14,1,1,1,16,1,1,1,1,1,16,6,13,7,1,1,16,1,1,8,28,1,1,7,7,1,5,12,1,4,10,1,1,7,6,1,3,1,12,18,1,19,12,7,1,2,5,1,1,1,22,8,8,1,1,10,1,1,1,13,1,1,12,1,1,15,1,55,13,7,7,14,1,17,1,1,2,1,1,10,14,2,6,1,3,1,8,1,87,1,1,20,4,16,23,1,17,1,13,1,6,1,1,12,1,1,20,15,21,16,8,1,5,1,10,1,15,13,10,1,7,11,1,1,11,12,12,1,19,1,1,1,18,7,1,1,4,13,12,20,10,14,1,11,1,10,1,9,1,12,1,1,14,2,1,13,12,11,12,1,1,1,11,1,1,1,1,1,11,1,1,1,1,12,17,16,19,12,1,7,15,1,10,1,1,2,1,1,12,4,12,1,1,11,15,1,1,8,1,1,1,11,5,8,1,1,1,1,15,1,1,1,1,1,20,1,1,1,104,1,1,1,10,1,9,1,4,10,9,12,1,15,13,1,1,24,7,9,1,1,12,11,16,11,1,1,15,1,4,1,9,8,1,1,1,10,15,1,1,7,11,14,1,14,2,1,18,17,1,11,1,14,1,9,1,14,18,1,1,1,1,1,1,1,13,3,1,10,9,11,14,1,18,1,1,12,15,17,11,1,11,15,1,1,1,24,1,15,1,28,5,1,1,6,12,16,16,1,1,9,1,11,12,1,19,3,20,15,13,5,1,1,13,1,1,12,10,2,1,1,1,1,7,1,1,17,9,10,11,13,1,1,15,1,21,1,97,6,12,15,20,1,6,1,1,7,1,1,1,1,1,16,1,6,17,1,11,1,8,13,50,11,1,13,1,16,1,16,1,13,14,5,6,1,7,1,74,13,5,1,8,1,1,2,14,18,63,1,12,17,1,13,1,1,1,27,15,1,1,17,1,4,8,1,11,20,22,6,8,1,13,10,1,13,1,15,14,71,8,7,1,13,6,1,1,6,1,1,1,5,1,1,1,1,1,17,11,16,10,1,1,1,15,3,1,2,7,1,11,1,1,1,1,1,16,1,5,5,8,12,9,1,18,1,10,1,1,1,17,1,9,1,12,1,1,1,1,11,17,1,7,1,19,1,1,1,1,2,10,1,7,24,17,1,1,1,12,1,1,8,1,1,2,11,18,10,1,10,1,1,17,12,1,15,1,8,8,1,9,10,9,1,20,1,15,2,13,1,1,1,19,1,6,1,17,1,1,1,32,1,3,1,15,1,11,13,8,22,10,12,1,1,1,9,18,1,24,1,17,1,1,20,1,1,8,7,18,1,1,7,15,11,1,1,9,14,2,18,1,20,8,1,1,1,10,28,1,5,1,9,13,1,1,1,1,1,13,11,1,1,13,17,1,1,2,1,14,13,5,14,16,1,2,26,12,8,7,28,7,1,14,9,1,12,1,1,1,13,1,1,1,1,1,1,16,1,2,12,16,1,1,11,1,2,1,1,1,1,1,17,1,1,1,1,17,13,1,1,10,1,14,1,1,1,1,1,15,14,3,1,8,11,1,1,17,1,1,1,1,1,19,17,1,1,1,1,1,1,16,7,23,13,13,10,1,17,25,1,1,1,16,1,24,22,14,1,1,1,1,2,18,1,1,3,11,14,1,1,2,1,22,5,1,1,15,1,19,2,1,7,1,15,15,8,1,1,1,8,1,1,1,14,1,1,13,14,8,4,1,12,18,10,8,1,1,9,14,1,11,1,1,1,12,12,1,5,72,1,15,1,20,1,2,21,1,7,1,11,1,14,1,1,15,13,1,1,17,1,1,1,19,16,13,10,13,8,13,11,1,14,2,1,10,11,1,1,1,1,18,10,14,1,1,1,10,19,1,1,1,13,19,13,1,1,1,1,1,1,1,1,7,1,13,11,1,1,5,2,20,1,7,10,12,1,14,10,1,11,1,11,1,1,1,16,85,1,4,1,20,1,1,16,1,13,9,1,6,3,13,1,1,3,15,17,17,1,1,7,1,1,14,1,12,10,14,1,11,1,14,1,5,9,1,1,1,17,8,1,13,12,19,1,16,1,7,9,1,1,13,13,14,7,1,4,2,1,2,14,16,1,6,17,1,19,14,1,12,1,1,1,16,3,7,1,1,11,1,1,1,13,1,1,2,7,8,9,16,22,1,1,1,1,6,14,1,6,12,12,2,24,1,13,1,1,22,13,17,2,1,7,32,14,21,1,304,13,10,8,1,1,1,1,1,1,21,15,5,15,1,11,16,1,3,1,1,5,1,2,1,9,4,1,1,11,23,13,1,12,1,1,14,11,10,1,1,1,18,1,1,1,1,1,1,1,1,15,10,1,20,16,1,1,1,1,15,1,1,1,1,5,1,1,9,1,17,6,1,9,23,52,1,1,1,4,1,1,16,2,1,1,9,1,13,1,1,14,1,1,7,21,1,1,22,15,15,9,7,10,1,1,1,17,9,12,10,1,1,13,1,1,1,1,14,1,1,1,1,18,9,1,1,1,1,16,9,11,11,26,14,1,16,1,1,4,11,1,1,1,31,4,1,1,1,1,1,1,18,1,17,13,1,13,5,1,17,1,1,16,16,1,14,10,1,1,17,1,1,15,10,7,9,19,1,11,1,1,7,17,11,117,11,1,1,12,9,1,38,12,1,18,1,18,1,18,1,1,14,10,13,3,1,10,1,10,5,20,15,4,14,7,2,2,15,12,1,6,12,12,18,1,3,1,5,7,15,16,1,1,4,1,11,27,16,1,7,15,18,1,17,14,1,1,1,1,6,1,6,1,7,1,16,12,12,18,1,12,14,1,1,10,1,7,1,12,7,13,1,1,12,10,15,1,1,1,1,1,1,1,19,15,7,21,1,20,8,19,28,10,1,12,1,14,1,18,1,1,1,1,9,1,6,15,28,19,8,7,1,1,17,1,1,17,14,19,1,1,1,6,17,1,10,19,6,1,19,17,22,1,1,1,8,1,15,3,8,12,740,12,4,1,11,10,10,12,8,1,1,1,1,1,14,1,12,1,11,17,1,1,1,11,1,1,19,1,1,13,32,1,2,16,31,1,1,45,1,1,10,8,1,1,10,20,1,15,9,19,25,1,11,1,1,9,14,13,1,1,12,10,14,1,8,1,1,12,18,1,16,1,26,1,8,15,9,27,1,16,4,16,1,12,17,1,1,1,1,12,1,1,5,6,1,10,7,1,1,15,1,15,11,12,18,1,1,6,13,11,1,1,11,1,1,8,8,29,2,14,1,13,16,8,12,1,1,13,1,13,1,4,9,17,21,7,19,11,11,9,29,1,8,12,1,1,1,14,1,1,1,1,1,13,17,3,1,10,11,1,1,1,19,1,1,17,19,15,14,1,4,3,8,4,17,1,11,17,1,1,17,1,12,1,1,1,1,1,1,13,1,1,1,6,18,12,1,10,16,15,12,20,1,26,1,1,1,10,11,1,1,8,33,12,1,8,10,4,1,1,11,1,1,1,12,1,1,1,7,1,1,1,7,6,1,7,14,1,1,12,17,1,1,1,2,1,19,13,14,1,1,1,14,15,17,8,7,1,7,1,18,20,1,10,1,1,1,1,72,2,11,7,1,32,1,1,13,1,1,13,16,1,18,9,13,1,1,21,1,10,6,1,1,1,1,11,14,14,9,15,11,31,1,1,39,1,11,1,1,1,1,1,1,1,1,1,15,1,17,5,13,1,7,10,1,14,1,4,14,10,9,15,11,1,1,1,10,15,12,9,1,1,16,3,80,5,7,17,1,1,12,1,9,12,25,9,7,1,1,1,1,13,1,1,1,8,4,1,1,32,12,55,1,1,1,15,5,1,1,1,9,1,13,1,1,18,1,9,10,11,14,22,1,1,10,1,13,1,1,1,8,1,1,8,10,1,8,1,14,13,9,9,1,17,1,15,23,2,1,1,5,14,17,12,17,1,1,1,18,16,18,8,15,18,7,1,8,1,1,1,1,1,1,16,18,1,1,1,1,8,6,17,10,17,1,1,1,1,1,12,1,1,18,9,8,2,22,1,6,9,19,1,46,12,18,11,1,1,1,15,1,1,21,12,19,1,30,13,1,1,7,1,17,43,1,1,3,28,1,11,9,11,23,1,5,14,1,1,8,1,1,1,1,10,1,1,1,1,1,1,8,9,1,5,10,1,78,1,1,19,15,1,6,1,12,1,28,19,33,11,10,16,1,1,1,1,1,1,1,1,1,1,13,1,9,19,1,1,1,6,1,9,10,1,18,1,11,13,11,9,1,1,21,1,15,1,12,18,50,1,13,1,1,1,13,13,12,11,24,1,13,6,1,2,1,14,12,11,1,1,1,1,1,1,1,20,22,16,9,1,1,16,22,1,1,5,1,4,1,8,4,17,1,1,15,12,1,8,1,12,1,14,19,9,1,2,12,67,5,1,1,13,1,12,1,1,5,6,4,1,9,1,1,4,10,15,13,18,1,12,17,1,14,11,13,1,10,1,1,18,8,1,9,1,1,1,19,55,6,1,9,9,1,1,8,11,1,15,8,11,17,11,11,24,9,13,1,1,8,9,1,1,12,18,1,1,11,1,1,1,1,20,1,12,1,10,1,14,1,1,37,14,16,1,12,19,1,13,1,1,16,1,1,11,11,11,1,89,1,5,9,11,16,4,17,8,1,213,11,12,1,1,2341,1,1,16,15,1,1,1,16,2,12,1,8,1,1,20,12,11,1,1,1,3,1,1,12,5,5,1,1,11,10,10,11,1,10,17,11,10,1,6,14,1,2,1,1,7,1,41,6,1,1,1,1,1,1,1,1,8,10,9,1,17,1,1,16,14,1,1,9,28,10,1,15,1,17,2,10,1,10,14,1,13,8,1,1,28,2,1,1,1,1,14,1,14,9,1,11,16,12,1,1,1,1,15,6,11,15,1,1,1,13,1,14,11,11,1,1,1,7,14,8,1,10,10,1,1,1,1,1,11,10,13,11,1,34,182,1,1,1,12,16,1,17,25,1,10,8,17,9,13,1,15,13,1,1,23,14,1,12,38,2,13,1,1,2,1,13,13,1,1,18,1,1,1,13,16,21,1,10,1,1,1,1,11,1,7,1,12,1,15,1,16,1,1,14,1,11,5,1,1,6,18,1,12,1,1,10,21,17,1,16,1,9,1,16,1,1,20,15,1,1,7,12,1,1,1,14,10,20,1,1,1,1,1,1,1,5,10,1,1,10,10,1,16,8,1,16,39,11,1,12,1,2,14,1,1,6,1,1,1,24,1,7,3,7,1,18,1,1,16,9,1,1,15,1,1,1,18,1,14,15,1,14,1,8,11,1,1,1,18,1,15,1,34,1,1,13,1,1,17,1,6,1,1,3,9,9,1,6,1,1,8,1,9,1,13,1,1,1,1,49,20,1,1,2,10,1,1,2,10,9,1,15,19,3,1,1,7,1,11,1,1,1,1,1,1,9,9,1,10,1,11,1,33,1,16,1,1,16,1,7,11,1,1,14,1,561,1,15,1,19,1,22,1,1,1,1,18,1,1,1,13,21,1,1,1,8,7,1,1,18,1,9,1,11,1,1,1,6,1,16,3,1,1,49,37,1,1,13,1,1,1,2,6,10,6,8,11,1,1,1,1,1,1,14,4,1,27,17,1,9,1,1,9,8,15,12,13,9,1,1,1,1,1,10,21,16,1,1,10,13,1,37,1,1,17,1,8,2,1,1,1,11,5,1,7,1,1,25,1,7,1,13,13,16,18,22,1,1,1,1,13,11,1,15,9,4,1,16,1,1,21,1,1,11,10,1,10,7,1,1,1,11,1,1,5,23,1,1,52,6,1,15,24,12,11,1,1,4,14,1,1,553,18,1,18,14,14,1,13,14,1,14,1,1,1,1,1,1,1,1,14,12,1,4,1,1,7,17,18,13,16,1,1,12,14,7,1,1,13,57,1,1,1,1,1,9,1,9,1,15,16,1,11,1,1,1,94,9,19,1,1,1,2,4,11,1,1,1,1,9,1,17,1,10,1,1,9,1,1,1,15,1,1,5,14,13,8,1,1,1,1,11,4,23,1,1,16,5,24,12,13,14,6,1,1,2,6,12,2,14,1,1,15,17,11,10,14,85,6,7,1,1,1,1,13,1,1,1,9,1,2,14,8,5,1,1,1,2,11,850,11,1,1,1,2,12,1,1,1,1,1,1,11,8,13,1,19,1,1,1,1,12,15,9,1,13,5,2,1,13,15,1,3,1,21,4,14,14,1,1,10,18,10,16,1,1,1,8,1,10,1,12,1,1,1,1,1,1,3,33,10,1,10,6,1,1,17,1,15,4,1,10,1,17,16,9,16,18,1,1,23,1,1,1,1,1,1,17,15,1,1,1,1,18,1,16,9,10,12,1,1,16,6,5,6,17,1,1,1,1,1,9,1,1,9,1,1,10,6,1,1,14,1,1,157,1,11,6,20,15,1,19,10,1,21,1,1,1,2,1,1,11,28,18,41,12,18,1,7,1,28,17,16,18,72,16,1,10,23,1,12,1,1,25,13,15,13,1,22,12,15,12,10,1,2,9,10,4,1,7,8,1,15,1,15,1,1,1,15,13,1,1,12,1,1,1,13,12,1,1,4,1,1,8,22,1,91,1,11,1,8,79,1,1,1,1,11,32,19,1,5,14,17,1,16,15,6,13,3,1,16,1,7,5,1,1,1,19,5,1,1,11,12,21,1,1,1,1,1,12,7,17,10,8,2,1,19,15,1,1,1,13,1,14,7,10,25,13,1,6,1,1,1,13,7,1,7,5,16,6,1,1,12,2,9,1,1,1,1,12,1,1,9,12,12,1,20,13,6,1,9,1,11,11,1,1,1,19,15,1,1,14,1,6,2,1,1,1,9,15,1,13,18,1,13,12,7,19,1,1,1,1,1,17,1,12,1,16,1,5,11,16,7,1,1,10,1,1,6,1,1,7,1,1,1,20,7,1,14,1,11,15,11,5,1,1,1,1,1,2,17,1,1,3,8,27,1,1,15,12,1,12,1,2,1,14,14,54,11,1,1,1,2,53,1,1,1,1,13,1,12,12,9,7,1,1,5,1,7,4,18,15,10,1,1,1,1,14,1,16,1,3,1,4,1,1,3,10,1,1,12,10,12,1,1,11,722,1,1,15,6,1,1,18,1,1,1,1,15,6,11,1,12,1,2,2,15,1,1,1,1,2,1,16,2,12,1,1,13,1,1,1,1,11,12,9,1,46,9,90,1,15,14,23,3,18,9,1,16,2,1,1,1,6,13,3,1,1,15,15,12,11,10,13,1,11,4,1,9,1,1,10,6,1,11,5,14,1,1,1,8,8,1,9,16,1,16,7,1,1,1,1,1,1,1,18,1,8,13,1,1,1,17,1,1,1,17,1,1,1,1,1,12,8,19,7,23,1,1,1,10,19,9,1,11,1,1,13,8,1,8,1,17,1,1,1,1,14,22,16,2,5,6,1,1,1,4,18,1,1,1,1,1,1,1,1,114,10,16,10,16,1,18,1,12,9,14,9,1,8,14,1,24,1,2,1,1,1,15,14,1,10,1,5,8,10,1,16,1,14,11,1,14,7,1,4,11,5,1,13,1,1,11,3,1,1,9,22,4,1,1,1,1,3,1,1,1,9,19,15,1,17,1,1,1,1,8,10,15,8,8,1,1,1,1,7,15,1,1,1,15,7,4,1,1,7,1,1,1,13,12,1,1,1,13,11,8,11,15,13,10,11,1,1,13,1,71,1,23,15,10,11,10,1,6,18,1,5,15,17,19,1,1,11,14,12,16,10,1,18,12,1,18,17,11,10,13,19,1,7,1,1,1,30,1,6,1,1,10,1,1,11,15,1,1,9,1,1,7,14,1,15,2,1,1,1,22,1,1,9,13,1,29,2,6,1,16,17,1,19,1,13,1,1,1,7,1,10,13,14,1,25,13,12,15,1,1,1,8,6,2,1,24,2,11,1,1,13,14,12,1,11,1,76,12,23,10,1,16,14,35,1,16,1,12,21,1,18,4,2,15,18,47,11,10,1,3,1,1,1,13,1,9,14,14,1,1,1,1,1,1,9,1,1,1,34,4,1,1,3,17,1,1,1,1,13,1,14,15,3,1,1,13,1,1,1,1,1,7,2,18,3,18,8,10,8,1,16,3,1,10,1,13,8,1,1,13,1,18,15,1,17,1,1,1,5,1,1,11,1,1,1,16,14,1,13,1,1,16,1,1,1,1,3,242,1,25,1,6,7,1,14,1,13,1,1,1,1,5,15,13,1,1,21,2,9,1,1,12,1,15,1,1,1,6,15,1,11,4,1,1,1,1,13,13,10,9,1,9,14,3,1,11,1,1,4,14,15,1,16,10,1,16,1,1,10,1,1,1,17,1,1,1,1,8,7,26,16,13,1,9,29,1,10,13,1,1,14,21,1,1,1,1,17,11,1,4,18,1,1,13,1,1,15,1,11,1,1,7,11,9,23,1,1,9,1,2,1,1,1,11,18,10,12,8,12,1,2,11,2,6,8,1,5,12,14,1,1,13,12,1,1,16,1,1,1,7,15,1,14,1,14,1,13,6,3,9,1,1,1,1,11,5,8,15,10,1,1,12,1,5,1,11,10,1,1,16,7,12,12,9,1,1,8,1,5,11,1,1,1,1,1,1,1,1,28,1,14,20,12,12,1,10,15,22,1,1,1,1,14,4,5,1,14,1,8,1,3,1,1,16,2,8,24,13,20,1,1,12,7,1,15,1,10,1,18,2,1,9,2,28,2,12,1,10,13,6,8,16,1,10,1,1,6,1,8,18,1,1,10,1,9,1,7,7,10,18,2,1,3,14,1,1,1,3,9,1,1,12,1,1,1,26,14,1,1,16,1,1,1,1,10,12,1,1,1,1,7,1,1,1,1,23,1,14,1,1,1,18,1,1,2,1,16,6,1,1,1,1,1,1,1,1,8,18,1,1,1,1,1,14,1,8,19,18,1,1,12,1,1,12,1,1,12,12,12,1,1152,10,20,6,1,13,12,1,1,12,1,1,8,1,1,7,1,19,12,1,7,1,20,1,9,15,16,85,1,17,6,10,10,18,1,1,1,26,9,13,1,14,3,1,10,22,1,12,34,1,1,6,1,15,1,1,1,1,1,12,1,35,1,10,1,1,1,1,1,7,1,1,1,3,13,12,1,9,28,1,13,1,1,1,14,1,4,1,1,12,6,23,5,1,23,18,1,1,15,10,1,1,1,1,1,11,1,1,1,7,13,9,1,12,1,14,10,1,1,1,8,34,1,2,9,20,23,11,13,9,6,1,5,14,1,9,1,13,1,14,1,8,13,1,1,8,15,20,1,1,1,1,10,14,1,1,9,15,15,1,17,12,1,1,7,14,22,16,1,1,5,15,1,21,11,1,9,1,1,1,1,1,1,1,14,9,4,14,1,1,14,10,1,12,1,1,1,1,17,10,1,20,15,11,1,5,12,6,1,1,1,16,2,1,1,8,1,7,1,12,13,1,17,1,15,1,12,1,23,1,11,6,19,1,1,1,1,1,5,1,12,19,1,16,8,1,1,1,1,19,1,1,1,2353,1,1,1,5,1,3,6,1,1,1,1,1,11,1,1,21,1,1,10,11,8,12,1,14,1,1,1,7,10,1,1,16,12,1,1,1,1,1,1,17,1,1,1,7,12,13,15,16,1,1,1,1,8,1,9,1,8,1,13,18,2,9,7,20,1,11,8,1,1,1,4,8,20,1,17,9,15,1,1,1,1,1,5,1,1,20,1,1,1,14,15,1,1,6,1,2,6,1,1,12,20,3,14,4,1,1,1,1,10,1,9,5,1,1,1,19,1,15,14,17,1,2,1,8,9,1,1,10,3,10,1,3,14,8,21,11,21,1,14,19,1,9,1,1,1,10,1,11,1,10,1,14,1,1,1,17,15,10,1,7,1,17,21,3,23,1,2198,1,11,1,1,18,2,14,2,10,19,14,5,20,16,1,13,13,15,18,9,1,1,9,1,8,1,6,5,1,1,11,10,11,19,12,10,3,13,1,13,1,13,1,18,1,1,10,10,10,9,20,1,11,6,1,3,1,1,5,1,10,1,1,13,1,12,1,4,14,1,1,3,1,1,11,1,1,1,1,1,1,4,1,1,24,1,7,10,1,1,7,1,13,1,18,27,1,1,2,7,1,11,1,6,15,3,10,1,1,12,1,17,15,26,1,4,14,1,9,1,11,8,12,1,1,13,13,6,7,6,11,15,8,1,1,20,2,18,8,13,1,10,10,1,12,1,1,13,18,14,1,13,1,12,1,1,10,1,12,11,1,8,1,12,20,13,7,1,1,1,18,14,6,7,12,10,1,1,1,1,1,6,9,11,1,1,11,1,1,1,54,8,1,8,1,16,1,8,1,16,19,14,14,1,457,1,15,1,14,1,14,2,11,12,10,14,1,2,10,1,1,22,12,1,8,9,1,7,1,13,12,4,10,1,11,1,7,1,1,2,17,1,14,1,1,1,1,1,14,20,8,1,1,9,9,1,1,1,1,13,1,1,11,8,58,1,15,1,2,11,2,15,16,1,14,9,226,12,1,1,23,1,1,11,10,18,1,12,1,18,10,14,118,8,1,1,1,2,13,1,1,1,1,6,25,12,12,16,15,1,20,11,16,2,13,16,2,1,12,1,12,1,16,1,1,1,14,6,18,1,1,1,1,21,9,6,5,1,1,2,1,11,1,11,1,1,1,2,1,1,24,1,1,1,12,10,15,1,1,1,13,9,1,1,1,10,19,1,19,1,10,1,1,1,1,1,12,1,1,16,16,1,1,18,1,18,13,12,14,12,21,12,1,16,1,1,9,17,16,1,15,1,7,13,1,6,19,32,8,25,13,7,21,1,6,1,18,19,1,1,1,1,1,1,1,20,9,14,10,1,1,1,15,1,15,11,15,1,19,14,11,13,13,1,16,1,24,1,1,11,1,1,1,1,10,13,63,17,1,5,21,1,7,1,1,22,1,17,5,1,1,12,1,1,1,1,11,15,1,31,15,1,1,87,67,10,12,11,3,23,15,1,1,3,8,10,13,13,1,1,1,13,9,8,1,15,2,1,1,14,1,1,11,13,1,1,8,14,9,1,1,8,11,1,11,1,478,10,1,1,16,4,10,16,1,15,1,1,14,1,14,16,16,6,1,1,29,1,4,8,1,1,1,11,14,8,1,1,1,9,7,16,4,1,1,13,13,1,1,1,11,7,1,12,1,1,1,12,10,1,13,2,3,9,21,2,7,1,11,8,14,9,15,1,84,27,6,21,1,1,10,1,15,7,11,19,14,11,5,1,1,14,1,16,1,1,10,16,1,13,14,11,1,9,1,1,7,14,1,1,1,1,16,1,14,16,15,9,6,12,1,1,17,1,1,1,1,1,16,1,1,1,12,13,6,11,12,1,1,13,7,1,10,1,12,12,15,1,1,1,6,1,1,15,5,17,1,1,1,1,1,15,1,1,1,1,14,1,1,1,1,1,1,17,61,8,1,1,1,1,1,20,1,20,1,1,5,5,1,7,15,7,17,13,18,1,13,19,1,1,1,16,1,10,9,5,9,11,4,15,11,19,9,17,10,14,13,16,1,10,1,7,10,1,1,1,1,1,1,1,12,1,2,30,1,1,9,15,9,1,2,1,1,1,6,8,23,1,1,33,11,1,11,19,1,1,1,1,11,14,9,8,1,1,10,1,7,17,1,1,1,1,11,4,12,16,1,1,14,11,24,1,1,1,1,10,1,1,1,1,9,6,16,1,10,2,14,1,11,42,1,1,11,1,1,1,1,65,11,31,1,9,1,12,1,2,1,7,1,1,15,1,1,10,10,10,19,1,1,1,1,22,1,1,1,11,1,12,1,17,1,1,1,3,1,13,18,4,9,1,1,1,1,8,14,1,6,12,1,32,5,16,19,1,12,8,1,22,10,16,1,19,3,1,12,11,1,1,8,2,1,1,6,1,1,12,10,1,1,16,1,9,1,1,10,11,1,11,1,1,15,15,1,8,1,9,1,10,1,2,1,20,7,1,23,11,18,1,16,8,1,14,14,20,1,1,7,11,14,16,1,5,9,10,12,1,14,10,9,13,1,13,6,1,14,1,1,1,2,13,15,1,1,1,10,1,1,1,1,1,7,1,1,7,5,1,1,11,9,1,1,8,12,1,13,6,13,15,13,1,23,20,1,11,16,1,3,1,1,14,1,9,14,1,22,1,13,1,1,1,1,1,18,23,30,1,10,17,1,8,1,1,1,18,12,9,7,2,11,1,13,5,1,1,1,25,5,47,11,1,1,10,8,1,8,5,20,1,1,10,15,1,11,19,7,5,1,1,1,1,15,22,5,1,1,10,1,10,1,1,1,1,13,1,9,1,17,2,13,1,12,5,12,12,12,1,1,8,1,1,1,6,1,1,12,1,1,7,7,20,1,7,12,1,2,11,1,3,23,1,1,16,1,16,12,1,8,12,6,1,1,19,2,1,1,9,1,1,1,1,11,1,13,1,7,10,18,1,1,15,1,1,1,23,1,9,16,1,1,24,13,7,1,1,15,9,1,1,1,9,1,12,18,7,11,5,16,1,1,109,1,11,1,12,18,13,1,21,14,10,12,14,12,1,1,1,1,1,9,1,1,7,1,17,15,1,14,4,17,11,1,11,14,16,25,1,1,16,1,1,1,1,1,14,1,2,15,14,1,17,1,11,1,16,4,54,10,16,9,26,19,21,7,8,6,1,1,1,10,7,1,13,8,7,15,1,1,22,13,14,15,17,13,1,12,1,1,17,8,13,15,7,7,4,4,1,8,1,10,11,1,2,1,1,14,1,10,27,14,16,1,11,11,1,37,1,1,13,28,11,2,1,18,12,5,1,14,1,9,1,1,1,9,1,1,19,23,1,1,1,1,14,12,1,5,1,12,1,1,1,1,22,1,1,1,1,17,1,1,1,1,1,17,1,1,12,1,14,8,20,1,1,7,3,1,1,21,2,1,8,16,6,10,11,2,1,1,16,1,25,1,15,7,2,6,1,1,13,1,20,12,1,1,1,1,1,1,14,6,3,1,15,1,1,1,13,14,26,1,1,1,15,8,11,15,1,14,9,11,10,1,1,22,13,1,1,15,2,13,13,11,11,1,1,1,1,1,3,11,1,1,14,7,1,1,10,1,1,8,11,1,1,4,8,20,7,1,1,1,1,12,8,1,11,17,1,1,14,5,9,13,1,1,12,5,1,1,1,11,1,3,14,1,1,1,1,1,1,1,34,1,1,1,20,1,9,7,19,7,12,10,14,18,13,12,1,1,1,1,12,1,1,1,1,1,13,1,1,12,1,13,15,6,69,1,12,12,21,1,1,1,20,5,22,17,14,1,1,16,12,1,16,13,15,9,9,8,10,15,19,11,4,1,10,13,15,1,1,1,1,13,1,10,1,11,1,1,76,17,1,17,12,18,13,5,12,1,1,12,19,14,8,8,2,17,1,12,16,1,13,1,1,14,16,1,1,1,13,1,11,11,1,1,1,19,1,7,1,1,6,1,1,1,16,12,1,1,1,9,11,13,8,11,1,2,11,1,1,10,12,12,21,10,18,1,21,1,12,1,1,1,5,22,19,13,13,7,3,8,581,1,5,1,11,1,10,1,1,16,20,16,13,4,13,1,13,5,1,4,11,13,1,1,2,9,1,12,13,1,15,14,5,14,5,8,1,11,1,1,19,12,1,1,20,19,11,13,12,1,18,3,1,3,1,1,1,6,1,10,1,10,2,2,16,1,11,23,1,1,28,6,9,1,15,15,1,7,1,4,1,11,19,14,2,1,15,6,13,1,10,18,16,8,1,1,12,14,1,8,12,1,1,26,8,1,14,15,14,1,15,1,8,10,15,1,1,1,11,19,9,1,1,1,7,12,11,16,1,16,1,1,1,14,1,12,12,2,18,1,1,1,90,4,1,1,1,1,5,1,1,1,13,1,1,1,1,1,1,1,22,1,1,1,9,1,16,95,6,11,11,6,1,18,1,3,17,19,1,1,10,15,1,15,1,1,10,1,14,22,8,6,2,12,8,18,1,1,1,1,1,14,1,7,1,1,10,1,6,1,43,9,1,1,1,3,1,19,1,8,1,1,15,14,7,17,8,1,1,1,1,1,14,10,11,7,14,16,4,17,1,14,1,15,1,1,1,9,1,19,15,1,1,1,15,74,1,1,13,11,67,18,12,2,5,16,18,113,13,1,9,10,9,10,13,1,7,19,12,1,1,1,16,1,21,9,16,14,1,1,11,1,3,8,1,1,1,15,1,1,14,8,18,1,13,11,13,1,12,5,26,1,9,1,1,1,1,20,1,1,2,15,1,15,16,10,1,1,1,1,10,1,1,18,1,1,1,10,10,9,1,20,18,1,14,9,1,15,1,1,1,1,1,9,1,13,1,1,5,1,1,6,36,16,9,1,1,1,10,1,18,19,1,1,1,18,13,9,2,5,34,1,16,11,21,1,1,1,1,3,1,1,14,6,17,14,9,1,6,2,1,15,1,1,11,1,2,1,18,1,1,1,15,1,2,10,2,1,6,21,18,17,15,13,18,10,10,12,1,28,14,7,23,4,7,1,1,19,1,19,1,1,1,11,1,12,8,1,1,1,1,9,4,1,1,14,1,15,18,1,8,13,1,20,19,28,10,1,1,1,1,10,19,1,1,11,1,6,10,1,10,9,1,25,14,16,1,16,12,1,11,1,19,1,1,1,1,9,9,1,1,10,9,14,1,21,16,1,24,1,1,10,1,4,11,1,18,1,1,14,1,1,102,1,13,1,8,1,1,5,1,1,19,15,1,1,1,1,6,12,7,1,18,10,16,16,11,11,21,12,8,14,10,1,2,1,1,7,1,12,1,13,2,14,1,1,1,16,15,1,12,15,1,1,8,1,11,1,1,1,15,24,9,1,1,1,1,16,1,15,1,1,1,1,13,1,2,19,17,25,12,9,1,1,24,1,17,1,1,3,1,1,1,1,8,1,15,11,1,1,14,1,11,13,13,2,11,5,19,17,1,1,5,9,1,1,1,14,11,15,14,1,8,16,10,12,1,16,1,1,2,1,1,1,1,1,1,1,12,15,1,12,12,1,1,31,2,9,2,106,1,1,1,1,1,17,11,1,1,21,1,1,2,10,29,10,2,34,15,1,12,3,17,1,7,15,1,1,1,11,1,1,1,1,8,1,1,1,12,17,25,11,1,1,1,15,1,1,14,1,26,21,4,24,17,1,1,1,1,1,15,1,1,1,12,10,6,1,1,15,17,1,11,1,14,1,14,19,1,1,1,19,5,8,1,1,13,7,12,8,1,11,10,1,24,15,15,1,1,1,1,1,1,14,14,11,15,114,10,1,1,1,1,3,14,1,10,10,5,1,1,15,1,14,11,1,1,1,10,1,20,16,1,1,1,1,6,1,1,19,1,69,8,41,14,20,11,11,19,1,18,1,9,5,8,1,1,9,13,1,1,9,6,1,15,1,12,1,11,12,1,22,17,1,9,10,1,20,1,1,1,29,1,24,7,1,1,4,14,1,1,10,20,1,1,1,16,1,14,1,5,1,1,7,6,1,14,11,1,9,1,13,17,1,1,1,17,1,1,13,12,13,9,16,1,1,22,1,1,3387,17,17,4,7,14,1,10,1,18,5,1,4,2,1,73,13,1,1,15,5,76,1,16,13,12,13,39,1,83,7,15,22,1,15,15,1,1,16,1,21,1,6,15,20,1,9,1,20,3,1,1,1,7,24,44,17,10,2,1,1,6,3,15,13,1,7,18,1,1,17,1,1,1,1,1,6,16,26,1,1,1,1,21,1,10,16,16,1,12,16,9,18,1,1,1,18,1,1,9,1,1,14,15,1,1,18,1,13,1,5,10,1,1,12,1,1,5,9,1,15,23,5,1,1,24,1,15,16,12,1,2,1,6,1,13,1,10,1,5,3,239,7,19,1,1,1,1,1,1,11,1,12,12,8,10,10,15,15,19,4,1,2,14,1,1,1,1,1,1,2,1,1,15,14,12,111,1,13,1,17,1,1,9,1,1,1,1,1,18,1,10,15,1,15,1,3,13,1,1,11,1,13,1,11,18,1,1,12,8,1,1,1,1,1,1,11,1,17,1,1,12,1,12,14,12,1,11,1,1,16,1,7,7,1,1,9,1,1,16,1,1,14,9,1,1,1,1,13,1,1,7,9,1,13,15,17,1,1,1,12,1,10,12,22,1,10,17,1,1,3,20,17,14,1,14,13,15,6,19,1,11,1,14,18,1,5,1,17,1,10,1,1,1,3,1,8,7,9,13,30,1,1,1,1,11,1,1,1,15,9,15,24,1,9,1,13,14,14,13,1,12,18,21,14,19,11,1,1,1,1,22,21,12,12,17,1,1,10,8,1,7,1,1,6,8,10,18,1,1,8,14,21,10,1,14,1,17,17,1,1,7,1,10,9,1,1,1,1,12,1,3,1,1,12,17,1,1,12,2,1,1,1,13,1,1,1,24,1,1,16,16,1,20,10,15,11,1,1,1,1,16,1,1,1,1,1,1,15,1,11,17,1,1,23,12,1,1,1,1,1,1,4,4,2,12,1,1,1,21,1,1,1,1,1,9,1,7,26,1,16,11,12,1,9,1,1,11,1,1,1,1,1,1,2,2,14,1,5,13,1,6,3,1,1,7,15,1,1,17,8,2,18,1,1,7,4,1,1,1,6,5,11,16,1,1,5,11,1,21,1,12,13,16,1,7,16,14,13,22,1,1,1,12,1,1,17,1,1,1,11,19,1,1,1,32,1,13,1,13,1,1,1,25,1,10,11,1,1,12,1,22,6,12,1,1,1,1,16,8,19,10,12,4,10,19,14,23,1,13,1,14,19,10,11,1,14,1,2,1,1,1,1,9,1,1,2,1,1,7,4,20,15,1,33,2,1,14,1,13,1,1,15,7,12,11,1,13,65,1,1,1,1,1,28,45,1,1,11,21,1,2,23,1,8,18,1,1,1,18,1,19,12,1,1,1,11,15,1,12,1,1,21,13,1,13,15,13,1,15,14,1,14,10,1,2,1,13,11,1,1,43,3,1,1,1,12,1,17,10,1,15,11,8,14,11,1,1,1,2,7,11,9,4,1,18,1,1,12,1,1,1,1,1,10,17,14,1,15,1,1,1,9,9,1,10,10,12,1,17,9,10,1,21,11,1,1,5,9,8,1,1,1,15,24,1,1,3,12,14,8,33,22,5,7,18,23,1,9,13,1,2,13,17,14,16,5,1,1,1,1,15,12,6,12,1,16,12,10,10,1,18,22,1,15,16,1,16,13,1,14,93,17,1,15,1,13,16,12,11,26,1,1,17,13,24,2,19,3,1,10,1,1,1,1,1,15,1,10,1,1,3,12,1,2,6,1,16,11,8,41,11,10,1,1,1,1,1,8,27,13,1,19,10,1,11,1,1,1,1,50,1,9,1,1,1,1,15,1,12,10,4,12,1,25,11,15,8,13,1,1,1,1,1,15,18,4,16,8,1,1,1,11,1,11,4,6,1,1,56,11,1,5,14,1,1,15,1,3,1,12,3,1,1,16,1,14,14,1,1,12,16,8,1,1,1,1,1,13,14,18,1,6,1,1,1,1,1,32,1,10,1,20,1,1,1,1,9,9,13,1,5,8,10,17,1,1,10,1,1,1,10,14,1,14,1,9,1,12,1,1,1,1,18,1,12,1,1,1,1,11,2,13,9,1,14,1,8,1,1,13,1,7,1,9,1,11,16,13,1,1,1,16,23,1,10,1,1,2,1,13,1,1,10,1,1,8,1,17,1,16,18,15,16,7,16,16,19,1,8,20,1,6,1,1,1,6,1,7,20,1,19,4,1,1,1,11,12,13,13,7,10,1,6,17,1,10,1,1,1,1,14,4,1,24,1,8,1,19,1,1,10,1,15,4,1,1,1,1,11,6,17,1,9,17,1,1,18,1,6,16,1,1,1,14,1,13,2,7,1,21,1,18,9,4,18,1,16,1,1,12,1,13,9,1,9,1,1,42,1,12,1,15,13,17,1,1,1,6,13,1,1,1,14,8,6,1,14,1,1,7,5,1,11,5,1,1,3,1,13,1,1,1,8,1,1,8,13,1,9,19,1,1,2,10,1,10,1,13,1,8,11,6,1,14,17,13,1,1,1,1,15,1,8,1,2,10,9,1,2,17,1,1,1,7,10,1,15,28,1,1,22,10,12,1,1,77,10,9,25,3,1,14,1,8,1,16,2,11,16,1,15,1,12,9,21,1,1,1,1,1,14,7,15,4,1,11,1,18,1,23,2,9,8,18,5,15,20,1,1,1,1,1,9,1,5,18,18,1,1,9,1,4,11,7,14,1,1,1,1,24,1,20,7,1,18,1,1,1,16,15,10,7,21,1,1,1,16,1,8,8,1,1,1,1,1,1,14,1,1,1,10,13,27,1,1,13,13,1,12,15,17,15,1,12,10,1,1,32,12,1,1,1,12,19,7,1,9,5,32,5,16,1,13,13,1,1,1,10,1,1,1,24,1,1,16,11,11,1,15,21,19,15,1,13,10,1,11,1,1,1,1,11,1,1,15,1,1,24,1,4,1,15,1,1,17,1,1,1,12,63,1,16,15,12,9,21,5,39,15,15,6,1,1,1,2,1,1,1,1,1,1,1,7,95,17,7,1,1,1,1,1,1,1,6,1,80,20,9,3,12,11,3,1,1,18,1,15,1,16,1,1,13,13,8,1,27,13,13,1,12,11,18,1,10,14,1,1,13,1,1,1,17,8,10,25,1,1,13,1,1,11,1,14,1,10,1,1,1,9,1,10,1,1,1,11,1,24,1,12,1,23,1,14,1,14,9,15,13,9,11,9,1,1,1,1,6,1,1,1,6,11,12,1,16,19,1,19,1,10,1,5,17,1,7,11,14,1,15,18,1,8,7,7,13,2,3,13,1,6,1,11,1,1,10,1,1,1,14,33,1,1,1,1,8,49,13,1,21,14,1,16,14,1,10,1,11,1,8,15,1,14,41,1,19,12,17,12,11,4,3,14,1,7,1,14,1,1,15,1,1,16,15,12,10,15,1,1,12,1,1,7,1,14,14,14,2,1,8,37,17,13,1,5,1,11,1,17,11,5,1,7,1,1,12,13,1,1,9,6,1,1,7,1,1,13,12,1,10,1,1,1,1,25,13,15,1,14,13,1,1,7,16,11,1,5,1,1,7,1,19,9,1,9,12,1,7,1,1,10,11,18,1,10,25,1,1,14,16,17,17,19,18,11,1,1,1,1,6,19,2,17,1,1,1,1,1,1,21,12,11,13,1,1,2,12,9,1,13,16,10,1,1,1,13,1,1,9,8,1,25,1,1,1,1,9,6,2,1,1,1,13,1,26,12,13,1,1,23,12,1,1,2,7,69,1,1,1,15,1,1,4,1,1,12,1,1,1,1,16,14,7,1,1,10,18,1,14,1,14,13,1,21,1,12,14,1,10,121,3080,1,1,1,17,1,37,1,1,18,9,24,19,7,1,16,2,1,14,1,21,14,13,15,17,11,2,1,10,17,16,1,11,8,1,17,11,3,1,1,23,96,8,1,1,1,17,9,1,8,1,14,1,1,22,13,7,1,3,8,8,12,1,14,18,1,1,10,2,13,19,9,8,1,1,1,1,13,6,1,13,1,1,1,7,1,1,1,4,1,72,1,10,1,1,13,18,19,1,1,6,17,1,8,1,12,1,10,1,11,14,14,1,27,8,1,1,1,1,1,12,1,15,13,6,28,10,6,1,7,1,13,1,9,1,15,1,1,1,6,1,5,27,1,1,11,12,1,14,1,7,18,16,12,1,12,7,1,16,8,1,1,1,9,4,16,1,1,1,1,1,1,17,1,1,1,2,1,17,13,5,3,1,1,9,11,17,41,11,1,77,8,1,21,1,1,7,1,11,1,10,9,1,1,17,1,1,1,14,7,19,18,1,6,9,12,26,15,1,1,1,1,1,1,1,1,7,1,14,1,20,17,22,1,23,1,8,11,39,1,7,12,29,9,17,1,8,10,1,13,1,1,2,10,2,24,5,4,16,5,12,1,1,1,16,1,1,1,1,18,1,19,1,13,1,1,13,1,1,1,15,60,13,1,1,1,13,1,5,2,1,10,1,1,9,10,1,1,7,10,12,9,1,16,1,12,1,1,1,1,1,1,12,2,16,1,1,1,12,7,6,1,1,1,15,1,1,1,1,20,14,14,8,1,1,12,14,21,11,22,1,17,1,6,15,14,13,15,1,1,1,1,7,1,92,1,1,2,5,11,1,1,14,15,1,1,1,12,1,10,1,8,15,8,1,8,24,1,1,1,8,9,11,13,11,1,27,10,5,1,18,6,1,1,13,1,1,72,12,1,1,1,10,1,16,1,13,1,1,1,14,1,2,16,1,1,13,1,26,13,21,1,1,14,1,9,18,1,6,7,1,4,13,15,19,1,14,1,1,1,1,13,1,1,21,1,19,19,1,1,2,11,1,11,16,15,1,1,6,15,14,7,1,1,1,1,1,12,1,1,1,1,1,9,1,9,6,1,60,1,1,1,1,1,15,9,1,1,1,12,8,3,1,5,1,1,11,1,17,10,1,1,10,114,1,11,5,1,5,8,1,1,1,11,1,14,11,1,1,10,1,15,20,1,1,1,12,15,27,40,1,1,36,3,19,13,1,1,1,11,1,50,1,10,1,1,1,1,8,18,1,9,13,3,12,10,1,10,1,2,19,16,11,1,1,1,21,1,15,15,1,14,13,1,1,1,23,15,1,1,1,1,8,1,13,19,1,8,1,8,14,13,1,19,1,1,9,16,1,1,12,10,13,2,1,1,1,10,1,12,1,7,1,5,14,1,1,11,1,9,1,12,18,15,1,1,1,6,2,13,15,21,1,19,9,13,14,1,1,1,1,37,1,10,16,19,1,13,1,1,1,1,1,1,1,1,18,17,10,1,1,1,1,1,17,12,1,16,3,1,14,1,10,13,22,1,13,23,1,1,1,12,6,1,1,1,8,14,11,6,12,14,1,1,1,1,1,10,9,3,12,1,7,1,7,17,1,15,7,1,1,1,1,5,1,1,1,7,14,1,1,3,1,1,11,1,1,7,10,17,1,10,12,1,12,28,11,1,4,1,1,14,18,1,1,3,1,1,1,13,5,19,1,16,1,1,13,1,1,1,1,1,10,7,1,31,12,1,22,9,16,1,12,14,19,1,1,1,1,1,10,1,1,19,1,16,16,1,1,13,9,12,18,8,2,5,14,1,1,16,18,1,1,1,16,8,14,1,1,1,4,13,11,13,8,16,8,1,20,18,17,1,15,16,9,1,1,11,11,1,1,1,1,14,20,9,17,9,1,13,1,3,1,19,1,17,14,8,1,1,10,15,1,15,11,8,9,1,7,9,20,1,11,8,1,20,17,1,1,1,7,1,13,1,14,4,1,1,1,15,2,1,1,1,21,23,10,9,12,22,1,1,1,1,19,1,1,17,13,18,1,10,9,9,1,9,11,8,1,1,1,11,1,1,1,1,14,12,13,1,1,1,1,15,1,14,1,1,13,8,24,1,1,8,8,26,7,9,1,13,8,1,1,15,13,1,1,9,1,20,1,1,12,4,11,1,1,1,11,1,1,1,7,1,2,1,1,9,1,1,10,1,12,11,1,1,1,1,9,1,15,1,11,1,1,10,8,117,16,10,12,8,7,23,14,1,1,12,13,20,1,1,15,1,1,6,3,1,1,1,11,12,1,6,1,1,7,24,1,7,1,1,1,68,1,12,7,14,17,1,1,1,12,3,1,1,1,10,17,9,9,20,1,12,11,1,15,1,7,15,1,7,17,11,11,1,1,1,10,15,15,1,1,1,11,8,12,1,1,15,8,1,13,1,1,1,15,1,5,8,1,1,17,14,18,1,1,1,8,82,10,9,11,1,1,13,24,1,1,1,1,16,41,2991,11,7,15,12,25,1,17,8,23,12,1,4,1,16,11,1,7,9,1,16,1,14,1,12,2,11,1,1,15,1,9,1,1,1,1,26,1,14,8,1,5,21,1,1,15,15,1,1,1,20,1,10,20,1,1,12,1,8,1,1,9,1,1,1,12,9,4,1,19,1,1,19,1,7,16,1,1,10,7,8,2,7,1,1,12,34,1,17,20,1,1,1,8,8,19,12,1,1,1,1,1,12,16,1,1,1,1,1,1,13,12,11,16,1,8,1,7,10,3,9,14,1,1,11,1,1,1,6,12,2,16,1,9,1,9,1,1,19,7,9,16,1,18,1,1,16,4,16,1,1,16,7,1,8,1,1,1,13,1,16,9,17,12,10,2,36,1,14,2,20,16,22,13,1,14,14,12,27,15,7,1,10,14,13,1,10,8,1,26,1,17,1,1,1,15,17,1,1,12,106,1,1,1,1,11,1,1,8,1,1,13,15,9,11,1,19,1,25,20,1,1,1,1,1,1,1,9,1,3,16,16,23,12,1,15,3,3,10,11,1,1,17,15,1,1,1,20,9,16,10,3,17,24,14,17,1,1,21,1,20,15,1,16,7,1,1,10,1,1,1,1,2,8,1,1,1,1,13,1,1,1,17,1,16,1,11,1,21,1,11,4,1,1,17,23,12,8,10,26,9,1,1,1,1,5,7,1,2,7,21,13,1,1,11,22,1,5,1,1,1,17,1,16,1,34,15,1,5,1,1,15,11,14,1,1,9,5,12,1,5,7,1,11,12,1,16,1,30,1,1,7,10,1,1,1,9,10,1,5,1,1,1,1,9,1,4,1,1,15,15,1,1,13,14,1,1,1,1,28,6,3,8,12,12,14,11,9,1,2,1,10,10,1,18,1,12,13,1,1,2,15,8,1,14,8,1,1,1,1,1,1,1,1,14,1,12,1,1,2,15,1,15,1,1,14,1,15,1,12,1,1,14,21,1,1,1,1,7,1,1,1,1,16,1,17,1,1,1,13,87,2,1,16,1,8,18,1,10,12,14,17,1,15,1,1,21,1,1,10,11,3,17,1,11,4,21,7,1,29,1,1,16,1,10,1,8,9,7,10,1,1,1,4,1,12,1,10,1,14,1,74,15,22,18,14,5,28,1,12,11,12,13,10,1,1,8,1,1,1,10,17,17,1,12,18,18,11,14,14,14,8,1,4,2,1,11,1,1,1,13,1,16,6,8,12,13,5,1,1,15,1,11,1,1,1,1,8,12,36,14,1,1,1,1,1,8,11,10,1,15,1,13,1,14,13,1,12,1,14,1,16,11,1,1,11,9,1,13,14,10,1,1,21,1,1,28,16,5,1,1,7,14,1,27,1,7,6,22,14,37,1,9,11,13,1,1,1,1,1,1,1,17,5,1,17,1,11,16,1,1,1,26,1,12,12,12,1,1,1,1,1,1,1,10,10,1,1,1306,11,3,26,1,11,1,7,17,11,13,14,1,1,1,14,1,1,13,1,11,1,1,77,16,1,1,1,11,1,10,1,1,23,5,18,6,1,1,10,17,1,1,1,13,23,1,1,1,16,1,16,1,13,15,10,1,10,6,14,17,6,1,15,26,1,12,1,1,11,1,9,1,24,1,21,33,22,1,1,1,1,1,8,1,76,16,1,13,1,1,11,11,15,17,22,1,15,1,14,7,12,18,1,9,1,17,19,12,15,9,1,1,11,1,1,1,1,1,1,8,7,10,12,1,6,10,14,1,1,12,1,1,1,19,1,1,82,10,9,8,1,17,12,1,1,17,1,13,1,17,2,11,1,1,1,16,1,1,16,9,10,9,6,1,1,1,1,6,1,1,1,1,4,7,14,6,10,11,90,1,17,1,14,1,1,17,1,1,1,11,1,4,2,1,9,1,14,8,1,1,1,1,1,1,1,63,1,1,2,13,16,5,13,1,22,6,223,1,1,1,1,9,1,7,1,1,19,1,14,12,1,1,1,1,6,13,1,36,9,12,1,13,25,11,15,18,1,7,1,19,1,3,15,1,7,1,1,4,13,1,1,17,1,4,1,15,11,9,1,13,14,1,5,1,15,1,1,1,1,13,1,1,1,10,1,2,2,1,1,8,9,12,4,2,1,7,11,2,28,1,31,1,9,12,1,15,1,13,14,1,1,11,11,1,1,1,10,1,29,16,1,16,1,11,1,1,8,1,7,2,9,1,19,1,5,1,1,1,1,1,1,21,12,17,1,1,1,1,8,15,1,6,1,1,1,8,3,2036,88,1,1,2,48,16,13,1,21,1,16,11,18,1,18,15,1,3,1,1,14,16,1,1,1,11,1,15,14,14,38,1,1,10,9,1,15,1,10,16,10,15,23,1,1,13,17,1,6,5,6,10,1,22,16,1,1,11,1,13,1,1,1,1,6,1,16,1,13,1,1,5,17,1,1,1,13,1,8,13,7,1,1,10,1,1,1,1,1,12,4,1,1,11,1,12,1,1,10,1,22,1,1,95,1,1,1,10,26,9,18,13,2,1,1,3,1,9,314,24,18,8,1,16,16,1,11,14,12,6,18,1,9,15,2,1,18,8,13,10,14,1,5,13,2,1,1,1,1,16,10,1,2,20,1,1,1,1,1,12,8,1,9,10,19,5,11,10,7,6,1,1,1,1,11,2,11,1,12,1,1,1,9,11,1,1,1,7,1,9728,59,12,4,1,1,14,1,5,10,1,1,6,8,1,12,11,2,17,16,1,1,1,1,11,7,14,7,1,17,2,10,1,11,9,10,1,20,1,6,1,3,17,6,6,16,7,17,1,11,21,1,5,13,13,9,13,1,9,1,13,1,1,1,17,8,24,1,1,20,9,1,1,9,19,1,19,10,11,1,12,2,1,11,11,9,19,1,1,64,22,1,12,1,11,1,1,1,1,18,19,1,1,1,1,1,2,1,1,1,1,1,9,1,12,10,8,1,9,1,13,1,13,20,1,6,15,1,1,1,1,9,4,1,1,1,13,1,10,11,5,1,10,13,1,1,4,1,2,4,13,1,12,1,1,12,1,1,1,1,1,10,1,8,13,1,1,1,33,1,1,16,1,1,1,1,12,1,4,14,15,14,1,12,6,14,1,1,16,7,1,90,1,1,1,1,1,10,10,9,3,1,1,1,11,1941,7,35,1,14,21,2,5,1,1,9,18,13,1,7,1,1,11,16,1,1,28,15,1,11,1,1,1,10,21,14,1,1,1,16,10,2,1,1,1,15,1,16,23,1,1,1,1,15,14,12,1,1,1,9,1,8,6,5,1,1,22,23,11,15,2,1,5,1,1,7,1,9,11,15,1,1,1,1,16,15,9,1,1,1,1,8,528,1,17,13,1,1,8,1,1,9,13,1,24,1,15,36,2,1,1,1,1,11,1,1,2,1,1,65,1,1,12,1,1,1,1,5,1,10,9,1,6,1,1,1,5,1,1,23,3,15,1,1,24,1,1,12,1,10,24,10,1,11,1,29,1,33,31,1,11,1,10,1,1,19,16,11,15,4,17,14,1,12,1,1,1,11,1,9,1,1,1,17,1,1,1,8,20,1,6,24,13,4,1,22,1,1,1,1,8,1,15,12,13,1,19,1,1,28,17,14,7,16,10,1,14,10,5,1,16,27,1,14,9,1,12,15,13,13,1,9,14,1,1,1,13,1,23,10,17,1,1,1,2,1,13,18,12,16,1,6,1,1,10,1,1,9,1,1,1,8,14,1,16,1,7,5,3,1,17,15,14,1,13,1,1,7,8,8,1,1,11,1,1,1,13,13,16,1,16,1,5,10,13,19,11,11,1,11,1,1,2,1,1,13,1,17,1,17,10,1,12,9,1,1,1,15,1,1,17,1,4,1,10,1,4,1,12,2,8,20,1,1,1,16,28,10,5,1,11,1,1,2,1,1,2,5,7,13,1,1,9,1,1,1,7,8,1,8,1,9,14,17,1,1,12,1,11,1,5,1,1,3,11,7,1,1,1,69,14,12,9,25,9,8,1,1,2,1,1,15,1,1,10,1,17,1,1,8,19,1,8,1,7,1,12,30,14,1,6,10,12,12,21,10,14,1,1,1,1,1,26,1,5,17,14,14,6,11,13,1,13,1,1,1,1,1,16,1,1,8,1,1,1,1,2,73,1,1,14,10,1,1,1,7,7,1,1,9,1,3,20,1,19,7,16,1,1,17,18,1,46,1,1,15,13,26,1,1,14,1,10,1,1,10,11,1,1,20,23,1,1,1,15,10,1,18,2,7,23,4,1,14,11,7,1,1,12,7,13,8,1,7,1,1,1,1,19,1,4,15,13,1,12,1,6,8,1,1,10,19,6,1,52,24,2,8,1,12,1,21,1,1,1,1,15,1,8,12,14,15,1,1,1,14,22,15,1,1,1,1,1,1,1,1,5,20,1,1,1,19,5,7,1,1,10,1,6,10,14,1,12,8,1,11,1,21,1,6,6,1,10,1,1,1,14,9,19,1,8,1,10,8,10,13,1,16,17,15,9,1,17,1,15,1,1,127,131,23,92,9,12,1,1,12,1,8,1,20,1,1,12,1,11,12,1,1,17,1,12,1,12,16,19,6,1,1,9,11,16,8,62,1,1,18,3,1,1,11,1,10,9,6,1,8,1,1,19,1,15,12,9,15,1,11,12,19,1,1,1,11,2,1,1,24,3,1,1,6,1,11,8,25,1,1,7,1,11,2,23,6,12,1,1,1,1,5,8,19,15,1,1,4,11,10,6,1,10,1,12,1,1,1,10,1,1,1,1,19,1,26,22,10,9,1,1,1,1,11,1,1,12,1,10,15,1,12,12,1,1,2,12,1,2,97,1,11,17,1,10,75,1,12,1,1,1,1,9,1,21,13,16,1,1,1,1,13,1,14,16,1,5,17,1,1,1,13,10,2,2,1,12,17,8,1,8,22,13,2,1,1,18,1,4,1,1,10,1,1,1,12,12,18,16,1,1,1,1,15,16,13,25,12,23,1,1,1,11,2,1,1,16,11,1,15,13,1,14,16,11,1,2,1,1,1,18,1,1,10,18,1,1,6,1,2,7,22,1,17,1,22,17,1,1,9,15,1,1,5,1,1,22,2,13,1,19,15,30,1,10,9,13,1,14,1,1,7,20,7,12,14,19,1,1,8,1,1,1,1,14,12,1,14,1,7,11,1,16,8,14,1,13,1,1,11,9,95,10,10,7,1,10,61,1,1,1,1,16,1,6,2,9,1,9,1,1,1,18,12,1,16,1,1,21,14,14,17,1,10,10,12,1,16,1,29,7,1,15,14,15,1,1,1,17,10,10,15,1,1,16,1,1,12,14,11,8,1,1,8,1,1,1,1,1,1,13,7,15,13,9,21,69,83,12,6,1,1,11,10,13,10,21,1,31,21,1,1,16,18,2,3,13,1,1,1,1,1,1,14,10,1,3,1,1,1,9,1,16,8,8,1,7,1,15,5,15,1,17,1,1,1,1,19,21,1,3,1,1,8,1,6,1,12,26,2,3,1,11,9,1,15,1,13,1,8,1,1,9,9,11,1,23,10,1,1,3,1,1,27,1,1,12,15,11,12,1,1,15,1,1,1,28,20,23,1,1,20,1,2,1,13,6,1,10,1,1,1,1,7,1,498,1,3,1,1,1,1,11,15,1,15,10,15,1,1,1,3,8,1,15,25,1,10,67,14,1,10,19,1,13,22,14,13,1,1,11,8,1,1,11,1,1,12,1,14,1,3,3,1,1,1,14,1,10,1,1,4,22,12,18,19,1,12,14,10,9,1,4,6,1,15,14,23,8,10,1,16,13,1,1,17,20,12,1,16,13,11,1,1,1,1,9,1,12,1,18,10,15,1,12,15,1,1,20,18,1,7,13,3,1,1,5,15,1,13,1,11,12,1,20,1,13,1,1,1,15,13,21,14,1,1,18,1,1,24,10,14,11,1,24,1,1,17,9,10,9,15,1,1,15,1,16,6,1,13,14,1,1,8,8,1,1,1,1,9,21,11,1,1,3,1,8,1,12,14,24,13,13,11,1,1,13,15,14,1,7,1,6,7,14,16,15,15,1,1,1,15,19,13,11,10,15,8,18,15,32,1,1,6,5,1,1,19,14,1,1,1,7,1,1,22,14,1,1,3,3,1,5,1,8,1,1,5,14,1,9,25,17,5,1,138,28,1,6,1,1,23,10,2,14,7,4,1,8,1,1,1,7,1,7,1,12,1,1,11,16,18,1,1,1,12,1,1,18,1,15,10,5,12,8,1,2,18,17,9,8,8,1,1,1,12,1,21,70,5,7,13,8,13,123,1,1,11,11,6,1,1,1,12,15,1,1,15,14,1,11,9,1,1,16,18,11,1,1,30,1,16,3,1,14,14,5,1,1,1,1,9,1,8,1,17,2,15,1,8,1,11,1,12,1,12,1,16,7,1,1,1,15,2,1,1,1,12,1,1,1,1,1,1,13,1,13,17,9,1,8,1,1,17,16,14,1,1,1,14,15,1,8,3,1,7,1,12,12,1,2,8,1,20,15,18,1,1,21,1,7,1,14,1,9,1,1,1,15,11,1,24,1,1,4,16,10,1,1,1,20,6,15,13,18,1,1,37,1,1,122,8,1,15,20,11,9,10,15,18,10,20,1,1,11,1,16,15,1,5,9,1,1,1,7,1,15,13,1,1,1,1,13,1,10,18,24,19,1,9,1,2,1,6,9,1,7,15,14,7,1,1,17,1,16,1,6,1,9,15,8,18,1,19,10,1,10,1,14,1,12,1,1,16,1,12,1,1,1,9,1,1,16,8,1,1,1,8,1,1,17,8,1,16,3,1,1,1,15,11,7,1,1,6,21,9,80,1,16,11,1,9,15,1,1,1,1,1,3,19,10,10,1,1,1,1,16,1,11,17,10,1,1,5,14,5,1,1,6,1,13,1,1,10,14,14,1,10,1,1,1,18,1,9,12,1,9,15,9,1,10,10,1,1,3,1,15,1,14,6,13,10,1,1,14,1,14,1,14,18,14,1,1,7,1,10,13,17,15,16,1,1,5,1,1,13,1,1,6,10,1,7,1,12,7,1,1,1,16,55,1,1,26,4,1,1,8,1,13,30,15,15,1,15,1,1,1,9,12,1,1,7,1,1,11,1,10,11,12,18,11,14,13,1,14,18,1,1,1,1,1,1,10,1,3,3,1,1,1,9,44,13,13,1,13,1,14,1,1,1,18,16,1,1,1,10,1,7,9,84,19,11,19,1,14,1,13,1,1,18,16,13,15,4,12,1,1,1,1,31,1,18,1,11,8,10,12,1,17,1,17,1,16,15,1,13,1,1,1,1,23,10,1,1,1,12,3,5,15,13,6,1,13,7,1,31,1,1,7,41,9,16,1,1,1,6,14,13,1,1,8,1,18,1,15,15,9,4,1,1,10,1,1,1,3,23,1,12,11,1,4,14,10,1,1,12,16,13,1,11,15,10,1,15,14,1,1,16,1,17,1,8,1,2,23,1,11,19,6,9,1,15,17,1,15,14,15,13,1,5,6,11,6,1,19,11,2,6,1,3,7,1,1,1,2,56,1,1,13,1,16,1,16,18,8,1,9,10,15,15,5,15,4,1,12,6,1,1,24,1,1,13,3,5,2,1,11,1,2,1,1,1,10,1,1,34,1,12,15,1,26,12,8,1,10,15,8,10,10,1,24,13,12,1,6,1,19,10,1,11,11,12,8,7,9,8,1,20,14,1,7,7,15,8,1,10,18,1,13,19,1,1,18,1,1,12,7,5,19,18,12,1,1,1,10,16,24,13,1,1,1,1,9,1,1,13,1,1,11,15,10,12,8,1,7,1,1,1,8,14,12,14,1,10,8,9,1,1,31,1,9,15,3,1,12,13,1,1,2,1,26,1,1,1,1,12,1,1,17,1,8,12,1,1,9,13,9,12,17,1,16,1,14,14,19,17,1,1,61,12,15,1,1,1,1,1,12,9,17,14,16,1,1,1,19,8,1,12,1,7,1,21,1,9,8,1,12,1,13,1,12,14,11,1,9,1,1,7,6,8,5,1,1,1,19,11,7,3,12,1,12,9,1,11,1,11,5,9,9,1,1,1,14,1,1,1,1,3,15,7,10,10,1,66,1,1,13,15,23,27,1,13,1,1,1,11,6,23,1,1,31,14,16,14,1,1,1,7,1,2,11,15,3259,8,20,6,16,22,1,1,1,18,1,1,14,11,1,13,1,10,14,15,19,1,1,16,15,4,14,7,6,9,9,1,8,1,8,1,1,1,8,1,13,1,17,1,6,6,14,1,7,1,1,1,5,1,12,10,6,1,15,1,11,1,10,1,1,14,8,24,1,12,18,9,9,1,9,15,6,1,1,1,9,13,1,1,1,21,1,1,1,9,1,1,8,1,1,1,5,17,1,10,1,13,13,1,15,6,24,10,1,1,2,6,1,1,1,1,1,1,14,10,9,1,1,2,17,1,13,5,10,1,25,1,1,29,1,12,13,3,1,1,1,1,13,20,6,13,1,1,3,10,33,1,1,1,1,16,1,1,2,1,15,15,2,1,14,8,15,1,1,25,11,6,10,19,20,1,2,1,8,1,1,1,10,15,1,5,1,10,1,2,1,1,1,3,16,12,1,1,5,1,6,8,12,1,1,1,22,1,8,1,1,1,1,11,2,10,14,1,12,9,16,13,1,11,27,1,1,11,1,65,1,10,18,1,1,3,63,9,1,1,3,1,12,1,12,11,17,7,1,6,1,1,14,17,1,1,12,14,1,1,13,1,2,1,2,10,1,1,15,1,1,1,12,8,13,1,1,18,1,6,10,13,1,1,13,1,10,10,1,1,1,18,1,17,1,17,1,1,5,10,1,120,15,1,1,12,1,15,11,13,1,11,1,1,17,12,1,12,1,1,12,1,1,7,1,1,1,1,4,1,14,18,1,1,10,1,1,1,1,15,1,22,1,17,1,1,15,1,1,9,14,2,20,6,13,12,14,1,2,1,8,1,1,8,43,1,9,6,1,13,151,1,16,15,14,14,12,1,1,9,37,11,1,12,1,2,1,1,4,1,6,1,10,1,15,10,1,1,12,10,1,11,13,10,20,7,4,8,1,1,18,1,17,1,5,1,6,1,1,8,6,2,13,11,1,1,9,15,1,1,12,14,1,1,1,5,1,1,1,1,11,10,11,1,28,83,11,2,1,1,1,1,12,1,1,1,9,10,9,1,1,1,8,10,12,1,8,1,1,1,3,19,1,18,21,1,5,29,33,1,1,1,1,2,1,13,1,1,1,1,1,13,11,7,17,8,12,1,1,6,15,1,13,12,1,1,13,7,1,2,1,8,1,1,10,13,8,14,1,1,9,1,10,16,8,15,1,9,1,1,19,12,1,1,1,10,1,1,1,1,14,1,5,13,1,1,1,22,15,15,1,1,18,1,4,1,15,17,1,20,19,6,1,1,11,1,6,15,6,8,12,1,9,1,1,1,16,7,13,12,1,1,15,12,1,1,1,6,1,10,1,1,12,11,12,12,7,14,9,42,15,1,16,11,1,7,1,9,1,14,1,1,21,7,12,10,13,12,13,1,1,11,10,1,1,9,22,1,21,1,5,1,1,1,1,1,18,11,1,1,6,1,1,3,1,9,1,14,16,1,1,1,9,11,12,22,10,1,15,13,1,16,1,12,1,1,13,1,6,1,21,11,1,5,11,14,16,18,9,1,1,11,1,18,1,1,1,1,10,5,6,4,12,9,7,1,1,4,1,1,13,19,8,21,1,1,1,8,29,13,13,1,1,15,30,11,24,1,18,12,12,9,1,16,10,22,1,5,1,1,1,10,1,1,1,1,5,1,22,17,6,1,1,10,10,1,10,1,15,1,1,16,14,69,12,5,10,9,3,11,9,3,1,1,14,16,15,15,1,13,1,14,1,1,11,7,1,1,5,1,1,12,5,17,5,5,20,10,1,34,15,1,19,18,4,1,1,1,13,1,1,5,10,1,11,11,2,2,5,1,1,17,1,1,1,12,5,9,19,21,11,9,1,6,8,1,9,9,11,1,12,1,1,1,8,1,18,1,1,17,1,19,10,1,26,1,1,20,1,1,1,10,1,1,1,137,1,10,1,5,1,1,1,5,2,11,8,1,31,1,12,10,1,1,1,1,1,12,5,10,58,18,1,3,1,2,1,17,1,14,1,19,12,1,11,1,1,1,1,1,1,17,1,1,1,1,13,1,6,6,22,20,15,1,10,1,8,16,1,1,7,16,18,1,1,1,12,1,1,1,1,1,15,1,1,1,1,1,17,1,1,1,17,1,26,1,1,1,15,11,1,1,1,20,2,7,15,1,1,5,12,1,18,1,1,1,10,1,1,4,12,15,8,1,1,22,2,9,12,12,1,1,1,1,1,14,14,1,15,1,10,1,1,1,1,7,14,8,1,13,13,2,8,1,9,1,1,10,18,11,1,1,17,9,1,1,16,18,5,8,1,7,1,1,1,5,11,12,14,41,7,6,11,1,1,9,15,8,1,6,1,11,1,1,1,1,3,9,1,1,12,13,16,1,1,3,1,1,1,1,1,1,16,1,2,11,1,11,1,1,1,12,22,9,15,1,13,1,1,1,5,1,1,1,1,5,1,11,9,15,1,10,1,12,1,13,17,2,6,1,1,1,1,1,11,15,1,1,1,2,1,1,8,8,1,16,12,25,10,12,9,15,1,1,1,1,1,20,17,1,1,8,1,13,11,15,12,22,1,14,3,1,1,1,13,1,1,15,10,1,14,11,18,7,1,1,1,4,1,1,13,5,10,1,1,13,18,6,1,1,1,3,2,15,28,1,18,1,21,11,11,1,43,11,1,1,1,1,1,1,62,1,1,10,12,1,9,1,13,21,1,1,12,1,6,1,11,1,14,2,235,1,13,1,1,1,18,1,32,1,1,1,6,1,1,13,12,7,1,16,14,2,1,17,13,17,1,15,17,1,8,1,12,14,3,26,1,10,1,16,1,1,6,1,8,11,1,1,10,6,7,15,1,10,22,1,8,8,1,1,1,17,12,18,13,9,1,1,15,1,15,9,13,4,1,15,10,2,14,15,1,1,1,1,3,14,1,12,1,1,1,1,1,1,1,13,1,1,13,11,1,12,2,1,1,1,13,54,13,1,2,1,6,1,1,12,1,1,1,6,16,16,1,12,11,11,1,1,15,1,19,12,4,5,12,1,1,2,1,1,1,8,16,24,2,1,1,17,33,9,1,15,1,1,17,1,1,1,11,1,1,1,1,79,4,1,1,10,1,15,14,15,1,17,13,1,1,14,13,10,1,1,12,6,51,6,1,1,18,5,2,21,1,11,17,1,1,1,1,13,9,28,1,11,8,14,1,1,1,8,16,1,7,1,1,1,1,1,11,5,1,1,2,1,18,1,1,17,4,11,17,1,1,1,13,7,8,8,14,1,11,1,7,11,1,1,1,11,1,1,1,1,1,16,18,10,1,1,6,2,68,1,15,1,1,2,9,1,12,1,22,10,1,3,1,15,1,14,1,16,1,5,5,1,1,6,1,1,1,6,1,1,1,1,5,14,6,1,9,14,1,1,14,1,1,1,12,7,7,14,1,1,7,2,21,11,6,1,7,1,15,1,9,7,1,14,18,1,15,12,8,1,1,1,7,1,22,12,1,8,6,1,1,1,43,1,11,1,1,1,14,13,22,12,1,14,1,6,22,13,1,1,22,1,16,14,5,1,1,7,5,1,1,14,13,1,13,1,1,10,1,13,12,20,1,1,12,1,15,11,1,1,1,10,15,1,19,1,1,1,11,1,11,6,1,1,13,1,1,1,16,1,1,15,16,3,9,7,16,17,1,1,8,11,9,1,1,1,21,1,10,1,1,1,8,9,1,3,15,1,892,18,1,20,74,1,14,10,2,1,1,2,1,1,9,1,9,1,1,1,16,17,5,17,1,1,1,1,14,8,14,3,1,1,10,42,12,1,1,10,1,1,6,14,1,14,7,1,5,1,1,9,8,1,14,1,1,18,8,1,3,1,1,13,1,1,1,1,15,10,1,10,8,12,13,1,5,10,1,19,13,14,9,1,1,13,9,11,20,7,1,7,1,13,1,1,84,6,1,22,9,4,26,1,1,1,1,17,1,13,1,1,18,1,23,1,9,1,1,1,6,2,1,16,16,12,1,1,15,1,2,1,10,1,8,1,1,9,1,1,1,1,1,9,1,13,13,1,1,16,1,10,1,1,12,13,7,12,1,14,4,1,12,31,11,1,18,1,15,5,12,1,1,10,1,1,12,1,18,13,1,6,1,1,16,12,13,1,4,1,1,22,14,1,19,7,1,1,1,19,1,10,1,1,7,1,1,1,8,1,1,1,1,10,9,9,6,8,1,1,8,1,1,1,1,1,14,1,14,1,1,1,4,15,19,2973,10,11,96,1,1,1,1,25,1,13,9,1,1,1,15,29,17,5,1,14,10,1,1,1,1,14,1,1,1,1,18,1,14,15,23,27,20,15,10,1,1,1,1,1,18,1,1,1,8,1,1,5,24,1,1,12,1,1,1,11,2,21,17,1,1,14,1,9,1,12,1,1,1,8,13,7,15,7,13,15,1,1,1,1,16,1,12,21,8,9,13,79,15,2,1,22,1,1,9,1,1,5,14,21,9,1,1,9,1,1,1,27,14,14,10,18,7,1,10,1,1,1,13,1,6,8,11,1,10,1,20,20,3,1,1,1,7,9,15,1,1,14,17,9,1,11,1,1,1,1,1,3,1,12,1,12,12,1,1,1,21,1,1,1,20,10,12,10,13,1,1,1,13,36,1,13,6,15,1,17,3,4,1,1,1,1,1,1,1,9,1,1,14,1,14,14,1,17,15,11,16,1,1,1,33,1,1,8,1,1,1,1,23,1,14,1,14,28,1,1,15,99,17,1,11,1,7,12,1,14,1,8,19,16,12,10,11,1,1,1,1,1,1,9,1,1,13,24,1,1,20,8,4,1,14,18,19,8,24,8,1,21,9,9,1,14,14,9,1,10,9,1,11,11,13,18,1,1,23,10,16,10,1,13,14,1,12,1,67,9,16,1,16,18,1,1,6,18,1,1,1,1,25,21,12,8,14,1,21,1,11,10,19,1,1,11,10,12,12,14,2,11,1,1,10,27,1,13,1,1,1,19,9,11,24,1,81,8,1,1,1,1,13,14,13,1,9,1,12,19,9,1,1,1,8,1,2,1,4,19,1,1,1,19,11,1,1,7,1,9,20,13,1,1,12,1,18,1,10,1,1,15,7,1,11,1,13,1,1,13,1,6,5,8,1,1,5,14,1,5,11,1,7,1,1,1,21,1,11,16,17,17,10,16,13,12,3,11,1,1,13,3,15,1,10,1,1,1,14,13,1,10,11,39,1,2,1,1,13,7,1,15,1,2,11,1,1,18,10,1,1,1,1,14,1,1,1,1,1,12,1,1,13,1,12,11,12,1,19,9,1,15,1,1,12,1,9,4,7,1,1,1,18,15,1,20,8,1,1,4,1,1,1,1,14,1,15,8,16,9,12,1,21,10,1,1,1,12,1,11,20,12,1,14,1,13,13,1,1,1,1,1,11,1,2,1,1,5,15,1,5,21,9,13,15,1,14,1,14,12,1,13,11,1,1,1,12,14,13,1,9,12,1,1,96,12,17,16,11,1,1,9,12,9,1,1,27,14,15,3,14,1,3,14,9,19,1,12,1,14,1,1,1,1,9,1,16,1,1,1,1,1,1,2,1,1,1,37,1,8,4,1,1,1,1,1,1,1,1,16,1,1,2,4,1,1,14,1,1,2,13,1,1,1,1,1,1,1,13,7,3,1,1,1,8,19,1,17,1,1,18,1,1,1,1,9,1,1,1,1,1,2,1,1,9,1,9,14,21,12,16,15,10,10,1,1,1,1,12,11,1,1,1,12,19,1,13,1,12,15,1,1,13,11,1,8,9,15,1,15,14,1,1,2,15,14,1,1,1,20,1,13,1,1,1,4,1,22,16,18,1,6,7,1,1,1,1,2,1,17,1,1,1,1,1,10,1,1,19,23,1,5,1,1,1,7,12,15,1,1,11,1,1,20,1,29,1,11,10,12,1,1,76,11,14,1,1,1,19,1,1,1,1,15,1,19,19,5,16,1,1,1,1,1,1,10,3,1,1,16,1,11,10,1,10,8,1,8,1,7,1,10,12,68,1,9,1,1,7,1,4,12,1,12,1,18,10,1,1,1,1,1,1,1,1,12,20,1,1,1,13,1,1,1,8,1,1,11,1,1,1,1,8,1,1,17,14,9,14,1,16,1,14,1,1,7,1,1,1,1,14,13,11,1,1,8,1,9,1,19,1,1,3,15,1,6,1,1,13,7,2,2858,1,1,66,8,1,3,1,9,1,1,1,12,1,14,10,1,1,14,16,14,1,8,11,1,1,3,11,11,1,6,5,1,17,13,12,8,6,1,1,20,1,1,1,12,8,13,1,1,1,1,18,12,3,1,9,1,7,1,1,10,1,1,1,1,9,1,15,1,1,10,13,1,8,1,1,16,1,9,1,1,1,2,1,16,8,14,1,1,5,1,14,1,1,1,1,1,12,1,1,1,1,3,1,19,1,1,1,1,1,1,8,1,21,11,1,1,1,13,1,19,1,8,5,1,11,1,2,1,12,3,1,1,14,11,11,1,554,1,1,1,1,1,1,11,1,10,8,14,17,12,14,1,13,1,11,13,1,7,10,1,1,1,1,18,18,1,1,14,11,1,1,14,1,1,1,12,1,16,1,6,10,27,16,1,16,11,1,123,12,1,1,8,19,10,1,16,1,1,1,1,1,1,5,7,1,10,1,8,1,16,1,25,16,8,7,7,1,1,10,7,32,1,11,1,2,11,6,1,6,7,21,8,11,2,1,1,1,8,1,1,13,10,67,1,13,1,1,16,16,1,1,84,17,7,1,9,12,1,1,12,1,12,18,8,1,1,1,1,42,13,1,14,4,6,1,1,1,1,1,1,9,15,12,12,23,10,3,14,19,16,1,1,1,10,15,12,14,9,14,8,15,12,1,1,2,10,1,7,5,1,11,2,7,1,14,1,1,11,5,5,1,1,10,14,1,1,15,11,1,1,8,5,1,1,15,15,11,5,11,15,1,1,1,7,16,13,2,1,1,1,1,6,1,4,8,11,1,1,1,22,18,25,1,9,19,1,1,1,5,1,14,7,8,19,1,1,29,1,13,15,1,1,10,1,1,1,2,17,1,20,9,1,1,1,1,1,1,1,17,1,11,1,1,1,12,1,1,12,7,5,1,12,1,5,1,1,1,1,1,11,19,11,1,16,15,1,14,1,3,7,1,1,1,1,5,1,17,9,7,13,1,1,1,1,14,1,1,1,1,1,12,11,1,23,1,1,10,12,11,1,2,9,1,1,23,1,1,1,1,1,1,12,14,1,18,1,1,14,1,3,19,1,21,1,8,1,12,1,13,1,14,1,10,17,1,12,1,1,14,1,14,8,14,13,2,2,2,5,10,1,12,10,7,1,86,21,9,14,12,14,1,1,1,1,1,1,1,13,15,17,1,26,13,18,1,14,16,1,1,1,1,1,1,12,1,6,13,1,1,1,20,8,1,1,1,15,1,11,19,16,11,6,1,5,1,18,1,87,1,13,10,4,14,1,12,1,1,1,17,4,19,1,9,1,1,14,1,15,1,6,1,1,13,1,2,9,1,14,1,1,10,1,7,1,1,11,16,19,14,1,1,1,445,6,1,7,1,1,11,11,7,11,1,1,1,1,16,23,15,12,7,1,1,1,1,3,1,2,11,1,13,5,7,9,1,1,1,1,1,1,10,1,1,13,1,16,1,1,1,1,1,1,1,1,2,9,6,10,1,6,1,1,11,1,1,1,7,1,741,1,19,1,312,15,1,6,1,7,17,10,1,14,1,6,1,15,18,1,1,15,61,1,1,1,1,1,14,1,1,11,5,11,1,8,14,1,9,1,4,14,19,14,2,1,15,8,17,17,1,13,21,1,1,7,1,1,19,9,1,10,9,12,1,14,8,1,11,16,1,14,1,12,1,1,1,8,14,1,1,13,7,15,11,1,18,11,8,14,1,17,14,1,11,8,10,26,12,12,6,12,1,6,22,1,12,13,1,1,1,1,19,16,18,17,3,12,17,10,1,1,1,8,14,13,1,14,1,8,1,20,7,1,12,13,8,1,1,13,1,18,8,1,9,13,1,1,1,2,1,11,1,17,1,1,1,1,18,1,14,1,1,18,1,19,13,18,1,10,1,1,11,17,21,10,1,1,11,1,1,10,18,17,1,12,13,1,4,10,1,9,1,20,13,1,1,15,10,10,1,8,1,1,13,1,16,11,1,1,1,1,10,6,10,14,1,1,2,1,2,13,1,1,1,11,25,1,2,1,1,1,1,19,11,1,1,8,1,13,13,12,4,1,1,9,1,14,11,6,30,1,1,11,4,13,1,23,14,13,1,23,1,1,8,1,1,1,2,1,17,10,1,1,16,1,10,1,1,8,1,1,12,16,14,1,11,16,18,1,1,6,5,11,2,1,23,8,7,11,15,1,14,8,12,14,1,1,59,17,8,1,9,9,12,1,1,14,24,1,1,1,7,12,13,10,7,1,2,1,17,19,1,1,12,1,16,21,1,49,1,1,1,1,12,1,24,1,1,10,131,12,1,13,10,17,12,1,1,6,1,1,12,10,1,1,1,15,1,109,13,1,13,8,13,1,16,4,20,1,8,1,10,1,13,19,1,2,6,1,1,70,10,8,1,1,1,1,1,1,1,14,13,13,3,6,25,14,14,2,1,1,1,1,1,1,19,10,1,1,1,15,9,21,23,1,9,1,10,4,12,23,7,1,1,1,1,1,1,1,1,1,1,9,13,4,11,1,1,21,3,1,8,1,1,1,11,10,1,1,1,18,1,9,10,1,1,15,1,1,13,1,1,1,1,1,20,12,3,1,1,1,6,1,1,1,17,1,1,1,1,35,9,14,1,6,10,6,11,11,1,1,13,1,1,21,1,1,17,1,1,22,2,1,1,19,19,9,16,93,1,1,61,1,1,1,1,1,2,5,4,16,10,10,1,8,1,1,2,20,15,1,1,16,1,1,10,1,13,14,11,1,12,1,1,11,1,2,1,14,1,1,1,1,10,14,4,11,1,2,12,1,1,1,1,1,12,1,5,1,15,9,1,23,10,9,8,12,15,1,1,1,1,19,15,1,1,1,1,1,13,8,1,9,20,1,22,4,9,1,1,1,1,11,21,1,1,2,5,18,2,11,1,9,1,16,1,15,3,7,21,1,1,5,10,10,1,20,12,1,2,4,15,1,1,1,1,12,13,1,14,1,1,1,13,6,81,14,4,4,7,1,1,11,2,8,1,11,7,14,10,15,1,17,1,8,13,14,1,1,1,1,1,23,1,1,17,9,1,5,5,1,9,11,18,6,1,1,1,1,7,8,10,1,5,1,1,16,19,9,1,13,1,17,20,2,18,3,1,9,11,10,1,1,1,12,7,203,1,5,19,6,1,12,1,19,1,13,1,17,18,1,15,16,14,87,22,13,12,7,8,18,1,11,12,14,29,13,12,8,1,1,2,2,7,1,1,10,1,4,1,9,18,28,17,1,18,14,1,14,1,1,4,1,1,1,14,1,1,18,1,1,8,1,1,17,15,1,7,15,1,15,1,84,1,49,1,32,1,1,15,1,1,1,1,11,10,2,33,8,7,1,15,10,11,5,17,12,1,1,1,19,20,1,10,1,1,1,1,1,1,8,1,1,1,14,7,11,1,1,1,14,1,1,5,9,1,16,77,10,11,18,10,18,15,17,9,1,1,12,1,21,16,1,1,1,13,15,13,1,17,8,28,7,1,22,1,15,18,7,17,9,1,1,12,8,9,6,6,1,11,1,1,1,1,1,13,16,10,24,14,17,6,15,23,1,1,1,16,1,12,4,1,17,13,1,12,1,13,6,10,15,1,20,11,10,1,12,6,1,1,1,10,13,15,27,9,12,10,1,1,11,1,20,1,15,9,1,8,1,17,12,1,1,1,19,1,102,1,15,1,1,1,10,14,5,1,12,1,35,1,1,1,1,8,13,10,1,1,15,17,10,1,2,9,1,9,1,9,17,17,1,1,6,1,1,8,10,1,6,1,1,1,1,27,14,9,1,1,1,1,1,1,11,1,11,12,1,11,10,1,1,2,8,13,17,7,9,1,1,14,1,1,8,1,3,7,14,1,1,14,18,1,20,1,9,16,1,20,11,12,13,13,1,1,15,10,9,19,1,4,1,20,15,1,7,15,20,1,1,9,1,1,1,12,14,8,5,8,13,13,24,1,1,12,1,16,1,10,1,9,11,16,1,1,1,8,1,1,5,14,1,1,1,19,10,4,7,17,1,26,11,19,15,1,1,16,7,2,6,1,1,13,1,13,11,14,12,6,12,74,97,10,9,11,11,7,17,15,1,1,13,17,13,11,1,1,1,14,17,1,11,24,13,1,1,1,15,19,1,13,10,1,1,1,1,1,1,2,14,1,1,11,13,16,11,17,1,1,11,1,1,60,7,1,13,2,1,1,7,7,1,6,16,1,1,54,16,1,9,1,11,15,7,10,5,1,13,11,1,8,23,1,1,16,1,1,15,23,1,1,1,5,20,1,1,1,1,17,1,1,1,1,11,1,1,1,8,16,1,11,6,12,1,1,18,1,46,1,8,15,1,1,1,12,13,8,14,9,36,1,1,11,1,1,24,1,1,19,1,1,1,1,1,2,1,6,6,11,1,3,12,30,8,1,3,1,1,8,1,19,21,14,11,17,1,27,7,1,2,1,1,1,1,132,1,2,1,1,1,1,1,1,72,11,15,1,1,1,13,1,12,1,14,10,1,1,13,1,15,1,1,1,1,1,14,32,7,62,1,1,1,12,1,1,12,1,7,1,16,1,15,1,14,1,1,1,16,1,1,11,1,1,1,1,2,15,1,13,7,8,1,12,1,12,16,4,9,14,1,5,17,14,1,13,4,23,19,1,6,17,25,21,1,186,17,9,1,1,6,1,1,3,10,1,1,1,15,1,3,1,1,1,1,12,1,1,1,1,1,13,1,1,12,17,12,9,1,1,12,12,28,1,1,15,16,1,10,1,5,1,1,1,1,1,1,3,11,1,1,1,1,1,15,10,13,1,1,1,16,1,1,1,8,1,1,31,15,13,1,6,14,10,13,1,1,1,1,18,1,12,6,16,6,11,2,1,1,11,16,1,1,7,17,1,1,6,14,1,1,1,14,23,5,1,12,27,1,13,11,1,23,1,14,1,1,17,1,60,5,1,3,7,1,1,5,14,27,9,1,11,1,11,1,28,1,12,7,1,62,1,4,1,1,12,8,13,1,16,1,24,10,1,2,2,15,1,8,1,17,28,1,8,1,31,13,14,1,22,1,16,1,17,1,23,21,8,10,11,11,14,1,1,1,16,1,1,1,1,9,1,1,1,10,11,1,14,10,1,1,1,1,10,10,1,13,30,1,17,1,23,1,1,11,7,1,13,12,10,20,1,1,16,11,1,1,13,2,1,13,11,1,15,10,5,1,1,1,7,2,1,1,1,8,11,12,3,10,13,17,18,3,1,1,7,2,1,1,1,1,11,1,1,7,1,14,11,7,1,1,10,18,6,1,1,16,14,15,4,1,6,9,1,37,23,12,14,18,9,1,1,1,1,11,24,1,23,7,1,1,5,1,15,1,1,4,11,1,1,1,2,1,1,1,1,12,1,1,1,1,2,7,15,15,17,9,2,19,13,1,1,1,1,14,4,14,16,5,1,2,1,16,1,1,1,11,2,22,14,1,1,1,3,9,1,7,10,30,6,15,14,11,1,10,1,7,1,1,7,13,10,1,1,30,14,1,7,1,15,1,1,1,1,1,1,14,1,1,1,17,1,5,1,1,9,1,15,1,11,1,1,1,8,16,15,1,16,1,13,1,13,1,1,2,8,1,20,1,9,12,1,16,1,1,10,1,1,7,14,5,1,1,1,1,1,1,10,1,2,15,4,12,1,18,1,54,1,12,1,17,1,19,12,11,1,1,10,8,17,7,1,3,1,1,1,1,1,1,1,9,11,1,1,1,18,1,1,14,22,10,1,5,1,12,9,1,10,1,13,5,1,17,16,1,1,3,1,1,1,1,1,11,18,20,1,11,12,12,12,7,1,1,1,18,2,1,19,11,1,1,22,1,1,1,1,1,1,9,1,14,1,20,12,1,1,8,1,9,1,13,14,16,1,13,12,15,18,1,1,1,7,13,1,8,1,1,12,9,11,1,18,9,22,1,20,3,16,10,12,29,1,2,11,9,19,1,11,14,1,1,1,1,1,14,13,11,20,1,1,21,1,1,15,6,31,14,14,1,1,13,1,1,1,10,1,2,15,18,20,5,1,1,9,1,3,8,6,1,13,7,26,1,2,6,1,6,2,21,1,13,1,2,1,21,1,1,12,1,13,1,1,15,4,1,1,30,17,1,1,14,15,1,15,10,13,17,1,15,12,1,1,10,23,12,14,2,1,13,20,13,11,1,1,1,1,11,1,1,13,1,7,1,1,1,11,1,9,1,15,12,17,7,11,1,1,1,17,1,8,1,15,11,4,1,12,8,38,21,15,12,17,10,1,9,1,7,1,1,1,1,1,17,14,2,19,8,12,18,1,13,1,1,1,8,12,11,1,13,2,1,23,1,3,9,1,13,9,3,10,9,1,1,6,1,1,1,10,1,15,1,1,1,1,1,16,1,1,13,1,13,13,19,1,1,12,10,1,62,2,1,1,1,1,9,7,33,9,11,1,18,5,26,8,1,1,1,18,1,8,1,1,7,11,1,11,1,1,11,1,1,1,13,2,14,7,8,10,1,5,15,16,13,21,21,1,13,3,14,1,11,15,10,1,12,14,1,14,11,1,3,18,1,15,15,1,1,1,1,6,1,1,14,13,14,1,1,2,15,1,7,17,10,1,14,19,24,1,6,13,8,1,20,7,1,19,1,37,17,1,16,9,5,17,19,11,1,1,1,7,15,17,9,9,20,1,1,12,16,95,1,15,1,1,16,1,12,9,11,5,15,17,1,9,15,13,43,1,11,18,1,3,1,11,15,1,1,21,1,1,1,1,1,15,3,9,1,15,1,19,1,14,1,1,1,17,1,3,12,7,16,11,1,4,1,12,7,1,1,1,10,1,12,1,8,1,1,1,15,1,11,13,1,9,14,10,13,5,1,8,1,20,1,2,26,16,10,1,35,8,1,1,21,9,1,1,1,1,14,22,1,1,1,2,1,1,10,13,11,1,19,9,7,1,11,13,16,4,1,7,5,13,4,1,1,16,9,11,1,1,1,1,4,1,14,11,1,1,10,1,23,14,11,13,1,18,1,1,18,1,1,45,13,1,1,1,14,16,11,12,9,1,32,8,12,1,21,9,9,1,1,17,3,1,9,17,1,1,1,22,1,10,1,1,21,1,1,17,1,5,12,16,7,1,15,1,1,7,12,23,10,3,1,1,15,22,13,18,1,1,1,9,14,1,13,14,1,22,10,1,1,36,14,12,16,182,1,18,1,12,72,1,2,1,1,14,1,1,8,18,13,5,5,1,1,19,9,13,1,1,1,1,19,13,1,1,1,16,10,1,7,1,10,12,1,5,1,11,1,1,14,1,1,1,17,1,1,17,1,7,1,10,1,6,2,1,1,3,1,19,22,1,14,1,12,1,1,1,17,1,1,21,1,22,7,1,18,16,16,10,17,2,1,11,1,27,1,13,1,1,10,10,2,1,13,21,62,1,1,14,1,5,1,1,3,22,15,1,10,13,1,8,1,1,13,12,9,1,1,1,11,12,1,13,1,20,11,22,1,11,1,2,1,6,1,12,1,6,1,1,16,1,17,15,11,13,17,21,1,1,1,7,24,9,1,17,1,1,2,1,11,1,1,1,19,7,1,1,11,1,12,1,1,1,57,1,10,1,9,1,14,11,1,3,1,9,92,6,9,1,8,17,1,16,12,14,11,17,16,1,1,19,1,26,12,1,1,1,1,1,1,7,17,7,9,16,17,1,18,15,10,1,1,1,20,1,5,8,1,8,11,16,13,4,1,1,54,1,5,1,60,1,9,17,6,19,7,1,34,1,13,1,1,7,1,1,1,1,4,1,11,12,1,1,11,1,33,1,59,1,15,1,1,5,1,2,17,9,1,3,1,14,1,6,1,14,1,1,19,1,1,1,8,8,8,18,1,7,1,16,9,1,12,15,8,11,1,1,1,1,5,1,4,13,1,23,1,1,2,11,10,13,10,1,1,1,17,1,1,9,5,1,1,6,1,7,1,10,1,1,14,2,16,2,10,8,2,7,5,10,1,1,1,1,13,12,16,15,8,9,1,1,10,1,15,9,17,16,7,7,1,1,1,19,1,14,1,1,5,1,1,13,11,9,3,2,1,1,9,1,13,11,1,1,1,1,1,19,1,18,1,1,1,5,1,1,18,1,1,12,1,1,1,1,1,14,1,1,6,1,19,19,4,1,84,1,4,1,10,16,1,1,1,1,16,7,1,11,11,5,25,10,16,12,5,2,1,1,10,1,1,1,1,6,17,14,13,3,5,1,10,7,1,1,16,1,7,5,12,1,1,5,1,7,4,31,1,11,1,12,11,5,13,9,16,14,74,21,1,15,10,27,1,1,1,1,1,7,1,1,1,6,1,9,10,9,1,8,1,14,26,2,1,1,11,12,9,11,2,7,14,13,4,11,14,16,1,1,21,1,1,1,8,1,1,11,1,1,16,10,1,14,7,1,17,32,1,15,1,1,1,1,11,7,1,1,17,1,9,2,1,13,1,8,3,1,1,20,12,1,11,1,1,9,16,1,1,17,1,1,1,1,8,1,12,13,1,4,9,1,11,13,2,1,15,1,15,11,11,1,13,3,11,76,17,1,9,26,5,15,1,1,12,14,5,1,9,19,1,1,1,1,1,1,17,1,12,1,1,1,15,19,13,16,1,5,1,1,1,9,1,6,1,1,14,14,1,1,19,1,416,8,1,11,1,26,1,1,1,1,9,2,14,7,7,127,1,20,1,1,1,1,6,1,1,9,9,15,1,50,19,15,1,1,16,1,14,1,1,11,2,1,12,1,1,8,8,9,1,3,1,1,1,1,1,10,1,11,11,1,21,1,1,1,8,1,1,7,1,1,10,1,10,13,1,12,1,17,1,18,1,16,9,1,9,11,24,1,1,12,1,10,1,12,10,1,1,6,1,1,12,11,1,5,9,1,16,1,1,1,1,1,13,1,1,13,1,1,3,1,9,11,1,14,8,20,6,1,1,20,15,1,22,2,1,1,1,1,20,1,1,22,5,9,1,7,1,1,1,1,1,1,1,1,1,1,10,1,10,1,1,1,5,1,1,1,1,9,80,12,1,16,12,9,1,26,14,8,12,9,1,6,1,1,8,12,23,14,1,8,1,13,1,12,1,1,1,1,1,1,8,1,19,1,1,6,1,13,10,8,6,4,1,13,18,20,1,1,1,11,1,1,13,1,1,1,8,1,1,1,8,1,1,18,14,17,11,8,5,16,1,1,20,16,9,1,11,12,1,1,1,1,16,1,1,1,8,1,1,8,1,14,9,16,1,1,1,1,13,12,10,11,6,1,20,1,13,1,14,14,38,8,1,1,10,10,1,10,2,9,16,1,1,8,3,1,13,6,1,12,14,15,17,1,10,20,1,17,1,20,17,1,1,1,1,15,34,2,20,28,23,7,6,1,1,1,1,1,21,1,1,4,1,1,1,1,11,1,4,8,19,3,1,19,39,9,1,88,1,1,86,1,9,21,17,8,1,19,12,14,1,16,8,1,1,1,1,1,1,17,16,12,8,1,1,11,11,10,1,1,12,1,12,12,3,1,1,15,1,1,1,8,15,12,22,13,1,1,1,9,1,2,9,1,1,15,1,1,14,12,17,13,1,1,8,1,19,14,17,1,8,17,24,1,13,13,1,9,1,15,1,1,1,11,1,1,15,1,19,13,10,13,1,18,7,14,1,16,7,1,1,21,1,1,1,3,10,1,8,19,13,1,1,4,1,11,1,1,10,122,1,17,1,1,12,11,14,1,14,1,16,1,11,1,10,17,1,1,1,1,1,4,1,8,1,15,1,13,1,4,1,9,1,10,2,9,8,5,3,1,12,11,1,4,8,11,1,1,9,14,16,9,1,1,13,8,1,4,1,12,14,2,1,1,1,8,13,1,7,1,1,1,13,13,114,1,1,1,1,1,1,1,1,14,12,12,1,8,11,20,1,1,17,1,1,1,1,15,3,6,1,14,11,16,1,15,1,1,22,19,12,13,8,28,18,1,1,1,1,1,1,1,9,1,20,1,8,1,1,1,17,2,1,10,22,10,1,10,11,9,13,7,12,1,64,18,1,1,1,13,1,1,16,12,10,1,1,1,1,12,14,1,13,1,16,13,1,11,15,1,1,38,1,1,1,1,11,34,15,14,10,1,1,1,1,4,1,13,8,1,9,1,1,1,16,13,13,17,20,1,1,1,6,10,67,9,5,1,3,1,1,1,1,16,11,12,11,1,8,13,1,16,13,1,5,19,9,5,1,13,77,1,1,24,1,1,22,8,15,16,1,1,1,20,21,17,13,1,1,1,1,1,11,1,20,14,1,1,1,1,9,10,19,1,8,8,3,14,1,11,12,32,1,15,6,3,1,1,1,13,1,20,1,1,14,10,1,10,21,5,1,1,1,23,1,11,12,13,1,1,1,1,21,1,1,8,1,16,19,17,1,9,1,9,1,11,13,23,1,1,9,22,5,8,13,1,14,29,4,1,1,1,1,2,2,1,1,1,12,1,1,11,11,13,10,2,1,11,1,4,25,1,1,1,16,15,13,10,1,8,1,16,17,10,2,12,1,1,11,7,1,19,1,14,2,12,1,3,1,19,23,1,1,8,17,17,1,1,13,17,4,1,20,1,2,1,13,1,1,1,9,1,25,6,12,1,24,1,51,10,23,8,1,23,10,1,10,14,16,1,1,11,12,12,1,10,12,1,2,7,1,1,9,1,1,7,34,12,11,13,17,2,1,1,1,1,1,17,10,9,17,1,1,1,9,1,11,13,1,1,20,10,11,10,17,1,9,12,7,1,15,1,15,1,11,1,3,1,1,1,1,14,10,1,1,15,1,2,15,9,10,1,1,1,1,11,1,11,11,1,6,1,14,1,1,1,13,14,13,16,10,1,22,108,13,2,11,19,16,1,1,11,10,1,1,7,52,9,16,9,1,1,14,16,11,17,8,10,1,1,14,12,1,1,1,1,1,4,1,20,13,1,1,13,1,1,12,24,1,9,22,1,1,1,1,1,1,1,101,13,1,17,8,14,1,7,18,1,1,15,1,1,11,16,70,14,16,1,9,1,2,1,11,1,18,10,1,6,10,1,9,15,7,1,28,1,1,10,1,7,1,1,8,1,17,9,1,11,1,1,1,8,14,1,13,16,52,1,15,7,13,1,16,1,6,17,4,1,4,8,1,22,14,16,1,1,1,19,16,1,6,15,2,3,1,13,1,21,5,1,16,18,11,7,12,18,1,5,16,10,12,1,10,3,1,10,1,1,1,1,12,1,16,13,1,1,10,1,10,6,1,15,1,1,18,1,1,14,13,1,12,17,19,1,8,15,1,1,1,8,15,1,10,8,1,1,11,9,1,1,6,1,1,1,12,6,10,12,1,13,1,20,1,1,1,10,11,12,5,16,1,7,2,1,1,1,1,1,11,9,1,14,1,1,2,6,16,8,18,33,1,14,1,4,1,1,13,14,13,1,1,12,1,1,10,1,11,20,10,10,22,1,1,8,1,1,22,18,18,1,1,17,18,6,6,10,1,17,1,11,1,15,18,77,19,1,1,1,4,1,1,1,1,1,1,1,15,1,1,6,1,1,10,7,9,1,12,1,1,1,12,9,1,16,13,26,12,7,2,1,1,1,9,1,6,1,14,1,1,1,13,1,14,1,1,7,1,1,1,22,2,7,1,13,12,7,8,8,1,24,1,1,11,1,1,11,25,14,5,1,9,13,18,1,3,17,16,10,7,13,7,21,16,11,1,1,14,12,11,13,11,5,23,13,1,1,13,1,1,7,100,1,21,13,1,9,1,13,6,1,11,11,1,10,11,10,17,6,4,11,27,1,25,22,18,1,13,1,23,2,1,1,1,25,10,8,1,1,1,4,10,1,10,17,29,1,8,1,1,13,1,1,22,8,13,8,39,7,100,1,2,1,10,15,1,1,1,20,1,16,1,9,1,1,1,2,1,1,1,23,1,1,16,7,1,1,17,1,8,18,20,27,1,1,1,13,1,23,6,8,13,1,1,14,16,1,1,1,16,1,1,24,6,1,53,9,1,6,1,1,20,1,43,1,2,18,19,10,16,17,6,8,7,1,11,1,1,1,1,1,1,12,16,1,12,34,10,19,13,1,1,13,1,7,2,14,1,1,2,11,1,1,1,16,1,5,22,1,14,11,1,11,1,22,9,20,1,11,11,13,18,17,3,13,8,15,1,14,1,8,1,1,1,12,14,1,15,1,1,1,10,7,17,8,9,1,12,1,24,1,25,16,23,10,3,15,13,1,1,4,12,1,13,6,21,11,11,10,17,12,7,1,1,1,1,1,1,1,1,9,1,11,1,1,15,83,3,1,1,23,7,1,17,1,12,14,19,9,1,12,18,1,1,13,1,1,7,1,1,1,1,1,1,1,3,1,1,7,24,19,19,1,1,20,11,18,13,11,15,10,13,3,1,1,1,10,1,1,11,10,1,14,1,26,42,28,1,10,1,7,1,1,21,1,4,1,7,20,8,1,1,1,1,11,1,1,15,8,1,1,16,18,4,1,4,1,1,1,9,7,5,1,4,1,1,11,4,1,12,19,1,26,18,1,13,12,8,1,13,13,18,1,1,1,7,1,18,1,12,1,1,9,1,1,13,13,16,1,12,14,9,17,22,10,11,1,1,17,20,1,4,1,1,14,9,13,1,1,10,12,12,6,1,7,18,1,1,1,10,8,1,9,7,1,20,7,1,23,1,12,1,19,1,12,10,13,19,1,45,17,1,14,11,17,1,1,2,1,8,1,12,1,8,1,19,17,11,1,5,1,1,1,13,1,9,9,23,7,1,16,1,1,2,9,11,5,12,12,19,1,10,14,18,4,11,1,12,1,17,12,13,18,1,1,13,1,21,1,8,1,5,15,1,10,1,10,1,1,1,8,1,1,2,1,7,16,1,20,1,1,1,1,1,6,3,31,1,1,6,13,1,1,2,4,1,15,1,11,14,1,1,3,7,60,15,1,19,17,21,1,1,1,1,1,15,1,1,1,1,1,8,14,1,1,19,1,1,1,10,11,1,12,7,13,10,5,72,1,1,1,11,1,1,1,18,1,14,11,1,1,1,1,1,10,1,20,1,8,1,1,10,1,1,1,9,10,9,16,13,23,11,1,1,10,1,1,15,12,1,1132,1,1,24,11,10,1,15,1,12,22,15,9,2,2,1,1,19,1,10,12,12,1,6,8,1,10,13,19,1,1,22,1,16,1,1,18,15,1,1,2,11,15,1,1,19,1,1,8,1,9,7,4,12,1,12,11,1,12,1,4,1,1,9,1,8,1,16,14,1,1,14,1,15,2,16,1,11,12,10,16,9,1,1,1,14,1,3,10,14,1,2,1,9,10,1,16,15,1,6,1,20,1,1,17,1,1,9,1,1,1,3,5,1,20,1,10,21,18,1,14,1,7,1,9,10,16,10,13,1,120,1,6,14,7,13,1,1,5,1,1,6,1,11,2,11,1,19,11,1,1,1,14,7,20,1,1,1,9,12,68,8,37,1,1,4,12,10,1,1,15,17,18,1,14,12,11,26,10,14,12,11,9,10,1,12,8,9,9,1,11,16,8,1,1,1,1,1,1,18,12,27,1,13,1,1,12,1,1,1,16,1,1,1,1,24,1,1,11,1,1,20,63,13,1,44,1,1,10,14,13,122,1,7,1,8,1,1,1,12,1,16,20,13,33,16,7,8,14,1,1,1,1,1,1,1,14,4,20,7,12,1,17,1,1,12,15,4,16,1,1,15,16,1,17,1,1,10,1,1,1,43,18,1,14,1,9,1,1,1,10,1,1,5,1,8,8,14,1,11,1,1,1,15,1,1,7,1,14,9,1,14,11,1,1,14,17,1,15,10,12,1,1,6,1,1,1,1,9,7,16,8,14,5,1,1,1,1,12,2,12,6,1,1,12,13,19,14,14,12,12,6,11,1,1,15,1,1,30,1,15,16,22,1,1,17,1,16,1,12,10,14,1,24,15,1,11,19,7,12,15,10,11,10,4,1,1,10,13,1,11,11,1,12,11,1,1,9,1,1,1,1,8,14,1,1,20,7,1,1,1,1,1,25,15,11,1,1,13,11,1,1,1,1,20,8,19,8,1,10,10,22,1,1,16,1,1,1,1,11,1,19,11,17,12,17,13,1,6,1,1,1,12,1,11,1,14,5,12,15,17,11,9,16,10,15,3,1,8,1,14,4,16,61,56,1,10,16,1,1,6,1,1,13,1,15,10,1,1,1,1,11,1,1,2,1,1,1,11,12,14,18,4,1,20,1,6,7,1,17,1,13,10,1,1,1,1,1,1,1,9,1,13,3,17,1,17,22,1,13,1,15,5,1,13,12,6,1,9,11,2,14,17,1,1,24,8,22,12,19,1,1,10,10,11,1,12,14,14,1,12,1,1,1,9,16,1,5,1,1,14,2,15,1,8,13,14,1,1,10,1,1,2,1,18,13,1,7,12,17,8,15,13,1,12,1,10,7,1,1,1,1,11,12,1,13,9,1,19,1,5,5,1,1,4,2,21,14,1,1,6,15,14,1,13,1,16,1,1,10,1,8,19,1,16,12,1,22,1,9,5,12,15,1,7,1,15,7,11,7,8,10,1,1,1,1,27,1,9,1,1,1,1,1,1,26,1,18,1,12,1,14,1,16,1,1,1,11,14,15,1,1,16,1,1,9,1,10,20,1,13,9,14,1,1,1,18,1,1,17,14,1,1,1,1,15,10,14,5,1,1,1,9,1,1,6,1,1,1,1,1,1,1,1,1,89,5,1,1,13,10,1,1,2,8,1,15,1,15,14,1,10,1,14,16,10,1,20,4,1,1,1,1,14,10,1,10,1,1,1,1,1,13,14,14,21,9,1,16,1,16,1,14,1,13,14,16,11,12,12,11,27,14,1,19,1,14,24,14,7,1,17,8,16,2,1,1,31,15,6,1,14,1,14,8,18,18,1,19,4,6,1,1,17,17,26,1,1,12,10,1,1,1,8,12,1,14,17,1,14,1,1,1,1,13,13,1,1,9,1,1,22,14,1,1,11,13,1,1,1,1,5,1,20,9,1,13,1,9,1,12,2,1,1,16,17,13,7,32,1,16,1,10,1,10,1,1,1,17,1,11,1,17,13,1,1,1,21,1,2,1,18,1,1,21,13,7,9,1,1,9,1,13,12,13,10,6,1,1,1,1,6,1,17,10,1,1,14,9,1,13,14,12,1,22,13,15,12,1,1,1,1,1,9,1,12,6,1,17,10,12,13,18,1,9,7,13,5,13,13,1,1,22,1,13,3,1,1,14,10,1,9,14,1,29,1,1,18,10,18,1,1,13,1,1,23,8,15,8,6,11,1,1,1,1,1,1,10,1,5,1,1,1,14,12,16,1,3,1,12,1,1,1,1,4,1,1,7,30,1,17,1,9,12,16,13,1,10,12,1,16,15,13,1,1,1,1,11,11,27,14,1,1,2,14,1,1,1,1,1,1,1,7,1,2,10,1,1,11,11,1,1,1,1,10,1,1,17,32,8,1,1,25,11,12,1,14,1,2,11,1,86,1,1,19,1,7,6,1,20,1,1,1,1,10,1,1,1,1,9,16,18,15,1,20,15,1,1,10,28,1,8,1,8,1,9,1,1,17,19,1,6,19,1,14,6,1,1,8,15,1,1,16,16,4,1,13,11,1,17,1,8,10,1,10,21,4,1,8,1,1,12,1,4,10,1,1,16,13,1,14,1,60,1,1,13,1,15,8,17,9,2,11,1,9,10,14,10,15,1,1,3,7,109,5,16,7,10,1,9,1,14,11,1,1,1,19,1,1,1,2,1,9,1,16,1,1,1,12,1,1,22,14,20,92,1,1,1,1,9,2,1,1,5,9,1,1,1,10,1,1,1,1,14,1,1,14,1,1,17,1,10,1,1,6,17,16,12,1,1,13,1,45,8,1,13,1,13,5,1,19,16,13,10,1,1,16,1,1,1,6,33,1,1,1,1,1,2,10,4,21,11,18,11,11,1,13,1,10,1,1,1,9,1,1,1,5,15,14,7,18,5,1,12,11,6,16,37,6,1,1,1,13,1,1,14,34,5,8,1,11,1,1,1,9,1,1,8,1,17,1,1,15,1,1,11,12,7,17,11,39,1,14,11,1,1,9,24,15,17,1,12,1,23,1,16,1,12,14,9,1,1,15,1,1,4,16,1,8,2,8,1,5,16,1,1,12,11,14,1,14,3,1,14,9,7,14,1,1,8,9,1,5,15,15,10,1,10,2,11,1,11,22,1,10,14,1,128,3,18,19,1,1,1,9,6,1,15,15,1,1,1,15,1,1,1,1,1,1,8,11,7,9,17,1,11,1,1,3,14,1,19,14,1,1,1,1,23,12,12,19,13,1,11,1,10,9,1,1,14,1,14,14,1,1,11,15,15,1,1,12,3,10,11,1,1,13,1,10,1,6,2,1,1,1,18,1,8,1,8,1,12,12,9,1,15,20,10,18,1,1,20,18,1,1,1,1,4,17,1,10,17,1,20,18,1,12,9,1,10,7,12,1,1,14,25,9,1,1,1,2,20,1,1,1,1,13,14,18,1,13,9,24,18,25,9,1,3,5,9,14,1,10,1,18,7,8,13,16,1,13,1,1,12,14,6,8,1,1,3,1,3,80,9,1,2,22,1,1,32,1,1,48,1,12,21,9,1,6,7,8,6,9,1,12,10,2,19,1,18,16,1,1,6,1,4,17,1,1,1,11,1,13,11,1,14,1,8,1,1,5,1,8,8,4,13,28,16,432,8,1,1,11,1,55,27,1,131,14,1,1,1,1,1,14,1,1,14,11,14,23,17,1,1,15,1,11,1,1,1,17,1,7,8,1,1,1,2,1,5,9,1,6,21,15,13,1,14,12,1,11,11,1,1,9,1,1,1,6,2,13,13,15,1,10,11,14,10,9,12,1,2,10,19,1,1,1,1,14,20,3,9,1,26,6,1,14,1,1,1,1,10,1,17,6,18,11,10,46,20,9,19,12,1,1,13,1,12,12,12,6,1,1,1,11,23,1,1,1,1,7,1,1,10,12,110,8,1,7,1,40,17,71,1,1,1,24,1,1,53,20,13,14,1,9,1,2,6,10,7,1,22,1,16,4,13,6,7,11,1,11,9,4,12,10,1,1,1,14,6,3,1,8,23,7,1,19,1,1,10,12,1,8,1,9,1,9,15,19,15,21,1,1,14,13,1,1,15,1,1,6,1,12,1,12,3,1,29,1,14,1,1,8,2,16,9,1,16,10,10,3,1,1,9,1,9,14,1,1,6,1,1,1,14,2,13,1,1,23,10,13,1,2,7,1,1,6,26,6,11,1,1,1,10,1,7,13,6,1,5,11,11,1,13,1,3,16,1,20,10,1,1,1,11,1,12,18,10,1,1,13,1,17,8,16,12,10,1,2,1,1,16,1,1,16,10,7,1,1,1,4,10,9,1,1,19,1,5,1,1,1,1,10,1,12,1,1,5,1,1,18,5,11,9,1,1,2,1,9,4,1,19,1,9,1,3,16,4,12,7,18,1,15,11,1,1,1,1,1,12,15,1,1,17,12,10,13,1,13,1,9,1,12,8,14,1,1,12,27,1,1,14,1,1,9,1,16,13,1,13,3,8,1,1,1,17,1,20,20,1,17,1,11,1,14,1,1,17,13,6,21,20,1,1,14,12,1,10,15,14,1,15,1,1,72,16,7,1,1,1,1,22,1,1,15,7,12,4,1,1,13,1,1,1,13,9,71,16,1,1,1,13,1,491,14,10,3,16,13,12,1,1,1,9,1,23,12,16,1,1,9,13,3,11,1,1,4,12,1,1,16,18,8,1,1,12,1,1,11,18,1,13,7,1,1,11,1,15,1,27,9,1,6,1,17,1,1,11,1,12,1,1,9,1,17,1,5,18,4,16,1,10,12,8,1,1,20,14,1,9,1,1,17,1,6,1,1,11,1,1,1,10,2,1,7,9,6,1,16,11,6,1,1,87,1,9,1,5,32,23,15,1,11,8,13,17,9,9,12,18,1,10,1,9,13,1,1,1,1,1,10,8,15,10,1,14,1,1,15,1,1,14,13,9,1,1,22,1,21,1,19,23,1,1,8,1,1,1,1,11,1,16,1,1,10,1,13,13,1,10,23,1,16,15,1,1,1,1,10,10,1,17,9,1,1,1,10,14,13,105,10,1,1,24,7,1,1,8,1,2,16,1,1,14,1,9,11,2,1,24,6,1,21,1,1,7,13,13,12,14,1,12,16,1,1,1,15,1,1,11,5,9,1,5,1,13,13,8,18,5,14,7,6,6,1,1,3,9,4,1,20,19,8,8,1,1,1,16,1,1,8,17,1,1,1,1,9,1,4,2,1,1,1,6,12,1,7,11,10,1,1,9,1,12,11,1,6,13,1,14,12,14,1,14,1,1,14,15,17,1,1,1,14,1,17,1,6,1,1,1,7,13,18,1,11,10,1,15,19,9,17,1,15,1,13,1,3,13,1,2,1,16,1,1,18,89,1,1,1,1,1,13,7,1,1,1,1,10,1,1,1,1,1,1,11,51,10,12,1,8,13,1,1,1,2,1,1,4,11,7,1,1,1,1,1,1,31,7,17,15,1,17,1,1,13,1,5,1,1,1,1,1,8,1,11,1,1,22,5,1,20,15,1,2,9,1,10,13,1,10,1,1,1,8,6,15,1,1,12,2,5,17,1,8,17,9,1,12,6,8,1,1,10,13,9,1,37,1,1,1,4,1,85,12,1,12,1,1,1,21,14,1,181,1,1,19,20,1,16,1,4,46,13,1,6,1,1,5,10,1,10,13,1,10,1,1,11,16,18,12,16,1,16,14,11,1,1,1,1,14,14,1,8,52,1,7,21,1,14,1,1,1,1,1,12,1,1,7,1,1,15,1,12,13,14,16,1,1,10,1,7,1,1,1,1,1,1,10,17,14,1,1,10,18,1,1,12,2,1,12,1,1,10,6,23,1,10,11,14,11,1,1,12,29,6,1,19,10,9,13,16,15,17,1,1,1,10,1,1,1,1,10,9,1,7,14,7,1,12,1,13,1,11,1,8,17,20,1,4,1,1,1,2,1,12,1,1,1,1,1,1,1,9,1,1,1,18,1,1,1,4,1,1,11,18,1,16,11,1,3,1,9,1,1,30,11,19,15,1,1,1,1,14,12,12,19,10,12,1,1,2,1,1,16,15,14,1,11,1,1,7,10,1,12,1,4,11,1,1,15,7,1,1,2,10,1,1,1,1,12,1,12,1,9,11,1,1,15,7,7,1,1,1,8,2,8,15,1,4,1,16,12,7,1,12,1,1,1,17,8,13,3,1,1,1,1,1,6,1,1,1,1,1,5,14,1,12,16,16,25,1,21,19,1,8,1,1,18,1,1,10,1,17,12,1,13,1,1,14,3,1,1,11,9,1,14,1,1,8,1,1,17,1,1,19,2,12,1,7,1,10,1,2,1,1,1,14,12,6,1,1,1,18,19,4,13,14,13,1,1,12,14,1,1,1,1,1,1,1,1,8,1,1,9,9,1,1,1,14,16,14,3,10,8,16,10,16,18,9,1,16,1,1,11,15,12,1,11,6,1,12,10,1,2,1,10,42,1,4,12,11,3,15,12,1,10,1,2,1,8,24,13,1,1,19,12,11,1,1,3,18,1,7,12,17,1,15,19,17,1,1,3,14,1,10,18,10,1,1,12,1,11,15,15,1,1,9,1,14,1,1,9,4,1,14,28,7,1,1,1,1,14,1,3,6,1,8,1,73,11,12,1,1,10,1,10,7,1,18,1,10,1,14,8,5,1,1,16,1,1,1,17,1,1,10,12,6,8,8,1,13,1,1,2,1,12,9,1,16,80,11,12,1,11,1,1,1,8,12,1,1,13,1,1,1,8,1,7,19,15,10,65,12,11,3,1,15,20,18,1,6,18,7,22,7,3,16,1,9,102,1,14,13,1,13,1,9,7,1,10,1,1,12,2,1,12,1,29,1,7,1,1,1,7,6,13,1,1,1,1,5,1,1,1,1,4,6,10,22,8,5,1,16,1,1,1,2,1,1,15,11,1,1,5,13,12,1,11,1,1,20,14,1,8,11,13,1,6,1,12,7,15,6,1,14,12,1,5,14,23,7,4,18,1,10,1,18,1,16,1,1,12,1,21,1,11,10,1,17,7,18,17,1,1,10,11,11,10,5,1,12,18,1,14,1,1,3,6,8,31,1,14,14,4,8,1,11,1,12,1,1,1,5,9,15,9,1,12,1,1,1,1,1,11,4,9,14,8,1,1,1,22,19,1,12,1,1,5,8,14,1,1,1,1,9,10,10,1,4,15,1,1,14,11,1,6,1,14,10,22,1,1,18,1,4,17,1,9,1,1,1,17,13,10,14,10,5,17,1,1,28,11,15,1,1,12,7,12,12,11,9,1,13,9,1,1,11,28,21,1,12,1,20,1,12,10,6,1,1,13,1,9,1,8,1,1,1,12,11,8,1,1,15,1,14,1,21,15,10,15,1,1,1,1,1,6,1,7,1,1,1,9,16,4,1,22,4,1,14,1,1,1,13,2,1,1,1,1,19,1,13,14,19,12,1,13,16,1,1,17,7,1,8,1,1,16,13,13,23,16,1,1,14,8,1,14,12,10,23,16,1,12,1,1,14,14,12,1,11,13,1,1,1,1,4,1,2,13,12,1,1,1,1,1,1,13,1,14,1,1,1,1,12,14,1,1,7,15,1,11,1,1,1,1,15,17,10,1,1,1,1,7,1,1,20,1,17,1,18,1,12,1,1,1,1,1,13,1,1,1,6,1,1,11,15,4,1,1,1,19,11,16,7,1,1,8,1,4,1,1,8,1,1,1,8,1,9,10,1,12,1,1,1,17,10,1,1,1,1,1,13,6,10,26,21,1,11,2,15,9,13,11,36,1,7,13,1,1,1,13,11,7,7,21,11,13,1,14,5,17,11,13,3,14,1,10,10,1,10,1,11,11,1,10,11,1,21,21,1,1,9,1,19,1,1,1,1,24,1,1,13,13,1,1,1,1,198,14,10,1,1,1,1,11,1,1,20,11,1,11,1,1,1,1,12,15,5,1,1,9,19,16,8,1,13,1,7,1,35,1,1,13,1,14,1,13,1,4,11,13,1,6,1,5,1,13,1,1,1,1,1,7,1,12,12,12,34,7,19,17,1,1,15,18,1,13,1,8,15,1,1,1,1,12,13,1,1,1,1,13,15,1,1,1,9,18,1,13,12,1,1,17,1,13,1,1,24,1,6,11,1,1,6,1,72,7,9,8,1,1,15,8,11,1,1,11,7,3,14,1,13,11,9,17,1,1,1,9,1,1,12,1,16,12,14,1,1,8,11,10,1,11,11,18,1,9,6,1,15,13,12,1,1,1,14,1,14,17,9,11,1,1,14,3,1,1,11,1,9,1,12,1,1,14,1,6,14,16,1,1,14,11,1,1,1,1,13,8,11,8,1,1,18,18,12,1,12,1,1,11,1,22,1,1,1,1,1,6,7,1,1,20,1,13,13,7,14,1,1,1,1,4,1,11,9,1,7,13,8,1,1,10,1,1,1,10,1,1,1,11,8,1,16,2,1,1,1,1,9,11,1,1,1,11,20,1,10,1,9,15,14,6,3,1,1,1,11,17,11,1,12,17,1,10,10,6,1,1,1,1,1,1,1,1,1,1,16,11,16,1,1,8,1,8,19,1,1,1,1,1,1,17,15,1,8,13,11,24,1,1,1,1,12,14,18,1,1,1,1,1,1,2,12,1,9,1,8,1,1,7,9,1,18,19,1,1,4,2,17,1,11,1,12,16,14,7,1,13,1,12,12,3,1,19,1,17,15,16,1,1,1,18,1,14,1,1,10,1,1,20,1,22,1,20,1,2,8,1,7,11,1,1,14,1,9,29,1,1,1,16,13,12,9,10,16,1,2,14,1,11,15,10,4,2,1,11,12,11,1,1,1,18,1,32,5,1,25,10,1,14,15,7,1,13,1,7,17,7,1,1,1,30,1,1,12,1,1,16,3,14,1,10,80,1,10,1,18,13,10,1,17,14,6,12,1,1,16,3,1,3,6,1,1,1,1,9,1,1,1,1,1,6,18,16,1,17,6,15,8,8,16,1,1,2,10,1,22,3,1,1,1,12,1,12,9,1,5,1,7,12,21,4,12,1,16,1,11,1,1,1,14,11,1,1,18,4,1,1,1,1,1,17,1,13,24,1,1,1,1,14,9,14,3,1,1,9,18,3,1,12,1,6,6,1,6,1,14,6,15,9,19,3,15,8,1,1,17,7,1,1,13,11,1,1,7,1,9,6,1,1,1,22,16,10,15,6,17,1,1,1,14,16,1,13,9,1,10,1,1,14,16,1,16,13,12,26,17,1,1,1,1,7,11,1,12,1,19,1,11,15,16,1,9,1,11,1,10,15,1,8,1,1,1,10,1,10,13,1,15,2,1,1,10,1,1,23,1,10,1,1,16,1,10,12,1,1,1,1,1,13,14,1,1,1,1,65,1,19,1,12,13,15,9,4,12,1,1,9,1,20,1,1,1,4,15,12,12,1,2,1,2,8,1,11,3,1,6,1,1,1,12,13,11,3,1,9,1,8,1,1,7,2,2,5,1,17,6,17,1,5,11,28,5,1,14,13,14,1,12,14,13,11,1,1,1,1,11,14,8,17,8,1,10,1,21,1,1,1,1,3,4,24,9,1,1,16,18,1,14,2,1,1,1,1,11,1,15,10,4,1,16,1,1,6,5,1,1,12,1,13,13,1,1,20,14,1,13,7,1,9,21,17,7,8,1,10,1,1,12,1,21,1,1,10,1,1,2,11,12,1,1,19,2,1,17,13,1,14,1,1,1,18,16,19,28,20,1,59,14,1,1,8,1,1,1,1,1,20,1,5,12,1,1,14,9,1,18,1,1,1,1,1,1,1,1,19,1,1,1,9,12,3,1,6,2,20,1,1,1,14,1,12,11,7,16,4,1,1,1,13,19,1,13,1,1,13,1,1,1,15,1,1,1,1,15,1,12,1,9,1,1,1,14,1,1,13,7,1,17,15,1,12,1,1,1,2,1,9,11,1,1,1,1,5,13,13,11,1,1,1,8,12,12,1,12,17,1,1,19,12,1,1,3,9,10,1,15,1,1,1,8,18,1,1,1,11,1,1,1,1,12,3,9,1,15,1,1,2,1,1,1,14,18,14,14,4,1,5,15,1,8,19,1,28,14,35,1,9,6,15,15,1,2,1,30,1,1,1,12,13,11,1,15,1,17,19,12,1,1,1,1,2,9,10,1,17,1,1,1,1,11,18,1,46,17,11,25,1,1,14,1,15,18,1,15,1,1,1,11,1,1,11,1,21,18,1,1,1,1,6,1,15,1,1,19,13,22,1,5,21,1,1,1,1,1,1,9,8,8,20,17,1,13,1,14,1,1,1,10,1,1,8,1,1,1,11,1,1,22,13,1,11,1,25,2,16,1,1,17,1,15,1,1,1,4,3,1,5,3,1,71,14,1,1,1,1,14,1,4,17,1,1,10,2,1,4,11,1,1,1,1,33,1,1,1,12,1,4,1,15,2,23,5,16,1,10,1,1,1,16,12,5,1,1,15,1,15,8,1,1,10,8,1,1,1,11,1,12,2,11,8,10,12,15,1,1,16,1,11,1,3,1,16,1,1,1,1,1,1,1,1,11,11,1,71,1,17,21,10,11,1,7,14,1,29,1,16,1,1,1,7,9,1,1,1,1,1,20,18,1,17,14,22,7,8,2,13,17,1,23,11,1,13,1,1,1,17,7,6,12,1,11,1,10,1,20,11,27,1,2,34,71,10,18,1,1,1,1,1,1,1,13,17,1,1,2,92,18,16,1,14,1,1,12,11,1,1,1,2,77,24,1,1,1,12,14,1,1,1,5,1,1,19,9,1,15,1,14,1,7,1,1,4,3,3,12,1,1,1,1,12,11,1,1,20,10,1,1,12,18,2,18,10,1,1,1,10,1,1,15,1,9,1,1,15,1,1,1,1,13,16,4,19,13,1,18,2,1,1,16,24,18,5,1,11,12,9,147,14,1,1,19,6,1,12,10,9,1,10,9,1,7,14,1,1,27,19,12,24,1,1,1,12,1,19,1,1,13,1,7,11,1,18,9,28,1,14,15,1,1,18,16,1,13,1,14,1,5,2,1,16,1,2,11,10,6,23,1,8,85,12,1,10,1,1,16,12,17,1,15,1,21,1,15,2,7,1,1,14,15,14,1,18,1,1,1,1,8,15,1,1,1,1,6,1,15,13,14,1,3,1,1,3,1,9,8,7,1,7,16,19,3,1,1,1,2,8,7,14,1,1,10,8,1,14,10,1,1,18,12,1,4,16,9,14,17,1,1,12,1,1,14,22,9,10,16,15,20,1,3,12,12,6,1,1,8,4,1,21,1,1,12,9,11,1,15,1,11,1,1,1,9,8,1,1,8,11,1,17,18,14,1,1,10,15,16,1,1,6,1,1,1,1,1,14,120,8,12,1,1,1,19,7,1,11,12,7,2,10,17,8,1,1,1,1,15,11,1,11,11,1,1,1,1,2,1,14,26,3,1,1,11,1,1,18,1,1,1,12,1,1,8,11,1,13,1,3,19,11,12,1,1,11,11,8,1,1,1,1,10,1,1,1,10,9,20,18,12,3,1,15,4,1,10,2,1,1,11,3,1,13,1,1,1,12,7,1,13,1,15,1,1,39,1,1,20,1,1827,11,16,8,1,2,1,8,24,1,9,5,12,1,14,1,1,12,1,31,1,1,1,10,1,1,1,7,1,10,1,1,20,1,11,1,12,15,1,7,12,7,1,1,9,14,1,12,17,17,1,53,1,12,13,1,17,1,14,2,6,1,1,15,20,1,1,1,13,1,1,12,1,5,2,14,3,13,15,20,10,5,19,1,1,14,1,1,1,1,5,7,11,1,1,1,19,1,16,1,9,18,1,70,8,1,1,1,1,1,1,11,12,14,1,2,1,1,4,20,1,1,16,8,18,1,28,1,13,13,1,1,6,24,1,10,1,1,1,1,1,1,1,1,5,1,36,11,7,1,16,10,1,16,1,20,1,1,10,1,14,18,1,12,5,11,1,1,1,1,14,17,22,1,15,1,9,9,8,1,7,1,14,3,2,1,15,10,13,19,1,1,16,1,1,14,16,14,1,15,21,2,6,1,25,5,1,1,22,8,13,3,57,13,1,1,1,43,1,2,1,1,1,1,1,1,10,13,1,1,1,13,1,1,14,6,16,1,11,15,1,1,1,12,11,1,12,2,11,9,15,2,1,1,9,94,2,14,9,13,12,9,1,11,1,19,20,3,19,21,10,14,1,1,19,14,14,1,1,19,110,1,1,7,10,1,1,6,1,1,10,14,5,8,13,1,1,5,10,10,1,1,1,1,12,1,21,12,2,1,1,8,12,1,8,9,1,1,14,21,46,40,1,5,1,1,12,15,1,10,12,14,21,16,1,1,1,1,1,1,1,18,10,8,1,1,9,1,1,5,10,1,1,10,1,1,3,14,20,29,1,18,10,27,7,1,1,1,24,1,1,1,1,15,10,1,12,1,18,13,9,1,1,1,6,1,1,7,1,24,1,16,1,1,1,12,1,1,1,5,13,2,1,1,1,1,1,1,10,1,68,1,16,13,21,13,8,8,19,27,15,13,12,15,1,10,11,17,12,1,10,1,16,1,1,25,15,10,10,13,1,10,16,1,1,1,12,12,6,1,1,11,4,8,1,9,6,5,1,1,9,14,1,10,1,10,8,1,10,13,2,20,1,1,1,1,11,1,18,1,18,1,1,7,1,15,12,1,8,1,1,21,1,12,14,12,11,8,1,14,18,13,12,1,11,16,1,1,1,21,21,19,1,8,1,10,1,19,21,1,1,1,1,1,2,1,11,2,1,12,1,1,11,1,19,12,1,9,10,1,22,1,9,1,1,20,10,12,10,21,23,1,16,1,1,1,2,12,17,1,1,8,18,1,1,15,1,7,1,8,14,1,1,11,14,1,2,1,1,1,12,22,8,2,8,1,1,12,17,11,10,9,5,18,1,9,10,2,15,18,9,1,4,16,1,1,1,1,1,16,13,1,14,18,19,12,1,1,8,15,57,12,1,1,7,1,18,1,12,6,1,18,4,1,1,1,1,1,1,1,1,7,12,21,1,1,1,1,196,11,13,1,13,1,18,1,9,16,1,1,1,20,15,1,1,1,1,7,1,1,1,18,1,1,28,1,1,1,12,20,1,30,1,1,6,1,10,24,12,1,12,15,13,1,19,1,1,1,21,5,1,7,1,39,1,1,1,9,11,4,1,22,1,1,10,1,10,10,11,10,2,7,14,1,11,1,14,1,11,1,1,4,1,1,1,1,1,18,9,16,1,14,1,18,1,16,1,1,13,1,14,4,15,11,1,1,1,12,1,13,13,12,1,1,1,7,10,10,1,16,18,1,15,7,2,10,17,11,1,1,12,62,1,12,1,1,1,1,6,1,1,8,10,9,12,1,1,1,4,9,12,7,1,1,19,14,13,1,17,11,11,1,1,11,17,1,9,13,8,23,1,1,1,29,1,1,1,19,1,12,1,1,18,19,12,16,15,1,15,10,1,1,1,22,1,9,2,2,9,1,14,17,1,19,13,1,1,14,11,11,13,8,1,2,12,22,1,1,1,1,20,10,13,1,1,11,1,13,1,1,1,58,10,122,1,16,11,1,3247,7,1,1,14,1,1,14,1,1,15,8,1,17,5,10,11,42,10,1,1,13,12,16,4,1,19,2,9,1,23,1,20,1,8,1,1,16,14,16,1,22,11,1,17,16,24,1,7,6,1,1,1,4,1,11,1,8,15,110,5,1,6,1,1,1,1,12,1,12,19,27,1,1,8,9,1,16,1,17,13,33,7,6,9,10,8,1,10,1,16,1,9,1,10,16,8,1,1,15,1,9,8,1,15,1,1,9,1,15,1,15,19,1,3,8,13,11,7,10,4,11,1,13,5,1,1,1,1,10,1,16,10,1,1,12,1,1,1,1,1,11,20,1,10,19,18,1,1,9,19,1,1,7,5,13,11,16,7,1,1,1,1,6,12,1,1,3,1,1,5,12,1,1,1,8,1,9,12,10,11,17,17,19,13,12,1,9,9,1,21,1,2,27,30,21,14,13,16,6,1,11,16,26,1,1,11,1,12,12,14,1,1,1,1,25,1,60,1,1,1,9,16,38,14,1,1,1,1,12,19,90,27,1,1,1,1,8,17,1,20,2,12,18,1,16,16,1,10,1,1,16,2,20,12,1,1,11,9,16,4,6,1,1,10,14,6,1,11,19,11,7,15,10,16,1,1,8,3,9,1,48,1,17,15,7,1,1,24,1,1,8,1,10,1,16,11,1,1,1,1,12,7,1,1,1,1,1,1,8,11,5,1,1,13,20,24,1,11,25,10,20,1,7,11,7,15,1,13,10,17,1,1,1,16,1,6,1,1,8,16,16,18,14,9,1,1,2,9,1,20,9,8,7,8,1,10,1,25,10,29,9,3,12,5,11,1,1,3,8,1,12,1,2,11,1,12,9,1,6,1,1,1,11,9,1,14,8,12,19,1,1,15,14,16,12,16,1,1,9,8,13,1,1,1,1,1,13,1,16,16,1,18,1,23,1,15,1,1,1,1,1,15,19,9,10,1,1,14,11,8,11,1,2,13,1,1,8,1,12,1,1,19,11,7,15,1,70,12,10,1,13,1,1,13,6,1,38,9,24,1,1,1,17,1,12,1,1,1,4,13,3,1,2,1,1,20,1,14,1,1,1,20,1,3,1,1,14,1,1,15,8,1,19,1,12,1,11,1,22,13,1,1,1,1,1,14,16,1,1,10,1,14,17,2,1,1,8,1,147,23,8,1,3,5,1,1,1,1,1,1,18,1,1,1,17,1,1,1,16,1,83,1,1,1,1,1,7,1,10,1,1,1,1,2,1,1,12,1,1,1,11,110,1,27,1,1,12,16,1,1,1,1,1,1,22,13,15,61,6,3,1,11,1,1,1,1,17,1,7,3,8,1,23,1,5,16,1,4,1,12,1,18,1,24,1,7,9,8,1,1,19,13,17,1,1,5,17,12,11,1,1,1,1,1,1,16,1,10,17,15,1,9,8,5,1,1,10,1,10,1,11,1,10,1,1,10,19,13,11,7,1,15,2,1,1,1,10,1,5,1,1,12,12,1,1,17,11,9,1,1,1,1,1,1,1,1,1,1,1,10,13,1,14,1,13,1,16,9,13,14,15,15,49,1,11,3,1,15,9,8,9,13,1,1,9,9,6,11,12,14,1,10,1,1,17,13,1,18,1,1,1,1,2,1,12,21,1,1,1,8,12,73,15,9,5,12,1,1,13,11,1,1,1,1,24,2,13,12,1,1,9,16,6,17,3,13,1,1,11,1,12,1,1,14,10,1,9,15,4,10,13,1,1,7,1,10,9,1,12,1,4,16,2,15,1,16,9,1,10,19,27,1,1,28,1,10,8,11,1,1,1,1,11,12,17,1,18,12,13,12,1,1,1,15,1,12,13,1,1,1,11,23,1,1,1,5,1,10,7,1,1,7,11,17,18,15,1,1,1,1,1,21,20,19,6,11,13,15,1,1,17,13,14,4,13,21,15,1,2,1,8,1,7,1,5,1,13,1,20,1,1,1,14,1,9,1,1,1,1,17,1,2,12,1,12,13,1,1,1,1,1,13,7,1,1,1,2,12,11,15,1,7,8,19,1,14,7,1,1,1,11,14,15,1,1,1,7,11,10,17,7,1,1,1,1,3,11,13,1,6,20,1,10,1,19,21,1,5,10,4,9,1,1,62,4,1,13,17,1,3,12,27,10,15,14,1,1,1,1,1,1,1,15,1,19,8,1,13,1,10,1,17,1,1,12,1,10,1,1,22,1,16,12,26,11,6,4,15,1,15,1,1,1,15,7,10,1,1,27,31,20,1,6,6,15,1,13,10,1,1,6,14,1,1,19,1,12,8,20,1,6,15,1,47,1,20,9,9,1,11,1,7,1,12,1,11,1,44,1,11,1,14,1,17,1,11,23,1,13,12,1,8,13,11,14,14,14,12,1,17,1,1,1,1,4,1,15,1,1,6,95,1,1,15,19,14,1,11,1,14,15,1,14,1,1,1,6,10,19,13,1,9,1,1,11,10,12,19,1,1,1,5,18,8,1,8,1,39,1,1,1,1,1,11,1,10,10,1,1,13,4,1,1,13,1,1,10,1,9,12,1,16,4,14,1,39,14,72,1,1,1,22,13,13,14,2,14,64,26,17,6,12,11,1,13,1,22,1,117,22,1,1,17,13,1,9,5,1,1,1,17,1,12,1,1,12,10,2,1,17,16,2,12,58,11,1,1,7,13,10,1,19,10,19,19,8,1,1,9,1,11,6,1,1,10,4,1,1,1,18,1,1,1,14,1,6,9,1,30,1,1,1,6,13,21,8,1,1,1,10,1,1,1,1,1,1,10,2,1,17,1,1,61,1,1,5,1,3,15,4,22,12,11,1,5,1,8,16,16,1,13,1,1,9,22,1,9,20,1,1,16,13,16,1,1,15,19,7,1,1,1,1,1,1,12,6,13,1,1,1,1,11,14,12,12,1,61,14,8,1,1,12,10,1,1,6,1,8,10,1,1,1,7,17,8,1,1,10,13,30,1,16,1,1,1,1,1,1,8,10,12,1,13,8,1,19,1,14,17,15,13,1,12,47,1,1,13,1,13,1,1,2,1,1,1,13,2,8,11,1,11,2,4,1,11,12,15,1,12,1,1,1,18,6,1,1,9,1,6,18,1,11,4,1,1,1,12,6,1,48,1,1,1,10,22,1,1,10,13,1,1,15,8,9,1,1,1,9,1,1,11,1,1,13,1,17,11,6,13,17,1,1,11,10,1,12,1,17,7,12,4,1,1,1,1,1,11,1,12,16,1,1,1,9,14,14,9,1,1,5,12,14,8,11,10,1,1,14,1,12,19,1,1,1,15,1,4,1,1,1,18,1,1,1,1,1,8,15,13,1,18,1,22,10,12,1,1,1,8,11,1,10,1,1,10,1,1,12,18,7,1,21,1,1,1,10,13,1,1,19,1,15,14,2,76,15,21,19,13,13,4,15,13,7,1,13,1,12,15,20,15,147,6,6,9,1,1,11,1,1,1,1,1,1,13,1,11,14,1,1,15,1,1,1,10,1,1,3,1,12,3,1,10,8,1,5,1,1,1,11,1,1,1,25,14,13,1,12,1,1,6,5,13,16,1,1,36,8,1,1,1,8,1,76,5,15,8,5,1,1,1,8,1,11,15,1,2,1,1,1,1,19,9,1,1,1,1,1,1,1,1,18,10,1,1,1,11,1,1,1,8,1,1,1,1,1,1,1,1,1,8,13,1,1,1,9,6,1,14,1,1,17,7,1,25,3,1,1,1,1,8,7,1,1,1,1,10,1,1,1,1,16,14,1,16,1,1,18,1,1,1,13,15,1,1,1,19,1,9,1,1,26,1,1,1,4,1,1,1,12,2,9,1,8,1,17,14,12,1,9,80,16,11,54,1,13,1,14,1,14,1,1,20,1,1,9,1,1,1,15,1,11,1,12,6,97,1,1,5,1,11,10,1,2,1,4,1,13,1,10,1,17,11,24,19,1,1,14,18,15,1,1,1,1,9,9,1,12,8,1,1,8,13,1,19,22,13,13,27,2,1,12,1,11,50,1,1,1,4,13,1,18,8,16,2,1,1,11,12,3,12,1,1,2,1,9,1,12,10,17,2,1,1,1,2,20,14,8,1,11,17,21,1,1,16,1,1,1,16,1,1,1,1,1,1,17,10,1,1,231,12,1,1,1,17,1,1,13,2,31,1,1,18,1,15,8,1,21,1,17,11,14,14,11,1,1,21,10,1,13,1,15,1,18,2,11,14,1,11,9,64,11,1,22,1,1,2,9,11,8,35,1,20,18,18,11,1,5,1,1,1,11,3,1,2,1,54,16,10,22,6,1,16,23,1,17,2,1,1,11,3079,18,15,1,14,7,8,1,10,1,13,1,19,6,22,6,1,1,1,1,1,9,8,15,11,10,14,1,1,27,1,10,1,1,13,15,1,1,4,1,9,1,44,1,13,1,1,13,1,1,1,1,16,1,1,11,1,1,1,1,1,9,12,18,1,1,33,9,1,1,1,10,15,7,1,1,1,17,1,5,1,1,9,20,1,1,1,1,1,8,1,9,1,12,1,1,1,10,1,12,1,112,1,1,1,6,1,1,5,11,4,11,1,1,1,1,1,11,12,10,1,2,22,12,12,1,1,1,1,1,1,9,5,15,1,13,18,9,2,1,1,11,1,16,1,8,1,1,12,24,8,1,1,1,2,3,1,3,1,1,1,1,1,2,1,11,1,10,1,1,1,13,1,14,1,1,46,19,15,15,15,22,21,1,1,13,17,4,9,1,1,15,13,1,1,1,1,8,1,12,1,18,1,19,17,1,24,1,18,1,13,22,19,1,1,1,1,2,12,13,7,1,299,18,1,1,11,1,5,14,5,15,11,1,19,8,1,2,9,11,15,13,25,41,9,1,5,10,13,18,1,1,41,17,7,1,1,1,16,1,2,1,1,2,1,6,2,1,2,7,1,7,1,14,12,1,15,8,1,1,14,13,13,3,1,15,1,1,1,19,15,1,13,29,1,1,1,8,1,11,12,8,18,1,9,1,1,1,22,1,1,1,24,1,1,1,1,8,8,1,9,1,13,16,13,111,1,1,30,1,1,9,1,1,10,28,1,1,7,4,7,15,1,15,25,1,1,13,1,1,1,1,14,1,6,1,1,13,1,11,1,1,8,1,1,11,1,1,17,12,1,1,7,10,10,1,1,1,6,18,19,1,1,6,14,1,1,1,9,1,1,1,8,10,1,1,8,8,16,1,10,16,13,1,1,1,11,13,13,1,1,1,1,15,13,5,11,1,1,1,17,1,14,1,1,1,10,11,14,1,1,14,1,7,1,5,15,1,9,19,16,1,1,1,1,17,9,1,1,11,1,1,1,1,12,10,1,1,1,1,1,1,1,15,18,6,1,1,1,11,13,1,5,1,21,8,13,1,2,1,15,10,9,30,12,1,1,1,1,6,12,1,1,94,1,15,15,10,14,1,1,9,7,7,1,1,18,15,1,1,1,5,13,16,11,11,9,1,1,78,75,1,12,11,1,6,10,3,21,1,26,1,1,1,1,12,12,1,14,1,5,20,5,14,1,10,15,1,13,3,16,16,1,19,3,1,5,4,9,7,12,1,1,16,12,1,20,10,1,6,12,1,16,22,15,1,15,1,16,1,11,22,1,20,10,10,18,27,5,10,18,1,14,12,12,1,1,1,1,1,12,1,16,3,1,13,1,22,16,1,1,13,3,1,14,18,12,1,11,1,12,1,1,4,4,1,11,14,29,1,10,8,103,1,7,1,8,17,10,9,88,1,19,1,1,11,10,1,1,16,17,4,1,21,10,4,1,13,1,1,14,1,7,23,7,17,14,9,6,13,13,1,1,7,1,10,12,17,3,1,6,1,1,10,1,1,1,1,1,11,11,1,61,1,14,1,10,1,2,9,12,1,14,11,7,15,13,1,14,10,1,12,1,1,1,7,1,12,12,3,1,1,16,10,16,17,12,1,12,2,14,1,1,1,1,1,19,1,1,1,20,13,1,15,17,1,1,1,1,1,1,6,1,1,6,8,20,8,1,7,1,13,1,1,10,10,12,1,15,1,9,15,10,1,9,13,21,16,5,1,11,2,1,23,16,1,1,1,1,1,9,1,1,1,1,1,15,10,1,1,1,9,1,10,1,14,2,11,11,18,14,1,1,1,13,1,11,1,15,7,1,11,9,1,1,1,12,1,11,9,1,1,1,14,1,10,20,1,12,7,4,13,1,1,94,14,8,3,2,13,1,2,16,6,8,1,1,15,12,1,9,1,1,14,1,1,1,1,6,8,8,1,1,21,9,1,15,1,17,5,1,6,6,7,1,23,1,10,16,10,1,9,1,1,10,1,9,18,18,15,1,1,10,1,1,31,1,13,1,5,1,11,9,1,11,12,1,15,21,5,1,6,8,1,1,1,1,17,1,1,1,1,2,10,15,15,1,12,2,20,1,9,1,8,11,1,12,18,1,5,23,11,21,1,12,19,1,6,23,1,1,16,1,13,1,78,42,1,1,1,45,12,8,18,14,11,1,15,1,1,1,19,12,1,12,1,1,19,24,1,19,1,11,24,1,16,2,1,12,9,1,1,21,1,17,15,10,2,1,2,15,11,1,1,14,1,4,2,2,1,14,10,15,1,1,1,1,1,21,1,9,35,1,1,14,1,19,29,15,17,1,10,10,1,21,1,15,41,1,18,1,14,9,1,2,1,8,12,12,1,8,1,18,2,4,1,1,14,1,7,13,1,15,9,13,1,3,8,1,1,1,11,1,1,13,57,1,7,1,19,1,1,14,7,13,13,1,1,6,12,1,15,14,16,1,7,1,1,4,8,1,1,12,11,14,1,1,2,8,10,1,6,23,1,1,14,2,12,7,1,12,18,19,18,16,2,15,13,1,1,10,1,1,5,13,10,9,1,22,9,19,1,1,1,1,14,1,16,148,1,11,19,7,15,1,6,1,1,1,1,12,1,7,12,1,13,7,15,1,16,19,7,14,1,13,1,1,6,8,4,1,1,12,12,1,21,1,8,11,12,1,22,3,14,18,10,1,9,4,7,1,1,8,19,1,7,1,17,1,18,1,10,1,8,11,10,11,15,8,4,1,1,9,1,1,1,1,1,24,10,1,1,1,2,1,1,5,13,7,1,9,1,1,15,20,7,1,1,1,1,9,1,1,14,15,1,1,17,19,17,15,1,1,1,6,12,28,12,4,1,8,1,13,18,16,14,11,16,1,5,1,1,1,11,10,1,13,6,15,1,1,13,12,1,14,8,1,15,10,3,1,24,8,3,18,2,1,21,20,9,1,1,2,8,1,21,2,2,1,1,27,11,1,10,15,1,1,14,8,5,25,15,1,1,10,7,1,1,1,1,6,1,1,22,14,1,1,1,1,7,1,1,12,10,9,12,1,12,1,12,1,12,197,1,7,59,1,12,1,13,17,1,14,13,13,1,1,1,10,6,8,1,1,13,1,1,17,1,3,1,8,1,16,17,13,9,9,1,1,1,15,1,17,14,10,8,13,16,25,14,21,1,1,9,1,1,22,1,1,11,26,9,13,18,13,1,11,7,12,17,16,1,1,1,1,1,10,1,1,1,9,13,1,1,7,16,12,1,1,10,1,1,10,1,11,1,15,1,1,1,1,9,1,5,15,10,14,7,13,6,12,14,9,35,19,1,1,1,12,12,10,1,8,5,1,1,10,1,16,16,13,19,1,1,1,11,1,27,2,18,12,12,11,2,1,1,11,13,1,11,1,17,1,15,1,1,14,11,1,1,1,1,16,14,12,1,5,1,1,1,1,8,10,6,1,10,1,1,21,1,1,11,16,13,21,20,1,1,13,1,1,15,16,1,23,19,1,16,10,12,1,1,1,1,123,27,15,13,1,1,8,1,1,2,2,6,31,1,13,5,25,1,16,1,1,1,22,13,1,1,1,4,1,13,1,1,14,1,7,11,5,2,4153,21,1,1,3,1,3,1,1,32,15,1,1,12,1,18,13,1,1,16,1,16,1,21,17,10,1,2,1,1,24,5,1,1,1,1,8,7,1,1,12,12,1,103,14,10,10,15,1,13,10,10,1,23,6,1,28,1,1,20,13,16,19,52,1,11,13,12,1,1,13,1,1,1,1,12,1,17,17,1,9,22,9,1,29,12,9,13,19,9,1,1,1,1,9,2,1,1,11,1,1,1,23,15,1,16,10,1,15,9,1,1,1,1,1,1,1,1,1,9,4,1,10,1,1,1,1,1,13,10,1,1,1,1,7,1,18,5,1,13,8,1,1,2,1,1,3,5,1,7,1,34,1,8,1,11,7,1,13,9,31,1,1,1,23,15,2,1,1,11,13,1,42,17,1,1,1,22,13,1,1,1,6,17,11,15,5,1,1,1,13,11,3,1,1,1,18,1,24,1,1,1,1,9,10,1,1,12,6,1,1,11,7,12,1,7,1,12,20,14,17,1,6,1,1,10,1,1,1,1,12,27,1,1,4,9,1,6,1,14,12,1,1,2,17,1,7,7,1,3,17,87,7,1,13,1,5,8,1,10,1,1,8,1,1,1,10,1,7,15,17,1,1,1,21,17,1,4,25,9,1,13,14,10,9,11,1,6,1,13,1,16,1,1,1,9,14,6,1,13,22,1,2,1,16,1,1,10,9,8,1,7,12,15,17,1,1,17,1,8,1,21,8,1,1,10,19,11,10,9,1,10,9,1,11,14,1,1,9,1,1,7,16,1,6,18,46,17,9,8,10,14,1,11,12,1,18,19,1,1,155,1,13,1,1,1,20,17,1,1,7,1,1,22,7,1,11,25,8,1,20,12,1,1,8,13,17,1,7,10,1,21,12,16,11,7,1,1,19,8,1,11,4,15,1,1,8,1,11,13,16,1,1,1,2,23,10,12,7,1,1,1,19,1,1,19,9,19,1,18,13,9,1,1,1,1,25,1,10,1,30,14,4,16,12,6,6,10,11,1,4,1,22,8,1,1,1,6,1,13,1,12,12,18,1,10,1,75,18,15,1,1,1,1,11,1,1,3,21,14,1,1,1,1,10,10,12,9,1,7,9,1,15,329,14,10,19,8,8,1,1,9,14,10,1,1,1,1,10,8,4,1,9,1,9,1,1,26,14,11,9,1,24,1,8,10,2,22,1,14,1,1,6,12,18,1,1,11,1,1,1,8,25,1,5,8,1,9,1,4,12,1,1,1,9,1,1,13,17,13,1,1,13,1,21,1,1,78,1,1,1,16,1,5,7,16,1,1,1,1,2,1,1,1,14,1,1,1,1,10,1,18,1,1,10,1,18,1,10,1,14,19,15,10,22,7,3,20,21,1,1,14,1,7,1,8,1,18,1,20,1,6,10,20,26,4,1,1,4,1,1,12,23,1,1,1,120,1,1,10,20,1,14,4,1,8,1,8,15,1,1,1,2,1,18,1,1,7,2,13,5,21,4,20,25,1,11,16,2,11,12,12,1,1,1,1,1,16,15,12,1,30,9,1,1,9,1,10,4,1,10,5,1,3,1,1,1,4,21,1,11,12,7,1,101,1,11,5,1,1,1,10,7,1,1,1,92,1,5,1,9,22,1,10,1,20,1,11,2,1,1,1,1,2,21,7,1,17,1,1,13,14,1,1,18,1,16,29,1,1,1,1,1,15,1,13,1,13,5,2,12,11,1,20,1,1,11,12,2,1,9,1,1,9,1,1,1,17,67,1,14,1,11,1,1,1,1,8,22,14,2,7,10,1,8,13,17,13,16,1,28,1,12,12,1,1,29,27,1,8,1,1,1,1,16,8,1,16,2,9,1,1,1,34,10,1,9,1,14,10,10,1,1,18,1,1,1,1,7,2,1,1,20,1,9,1,14,1,21,1,1,1,11,1,1,18,13,1,1,2,2,18,1,1,14,9,1,25,1,1,6,1,9,9,2,13,7,17,1,1,1,30,1,1,1,12,1,9,16,1,31,27,1,1,1,1,3,17,12,16,1,18,1,1,1,2,1,1,1,19,1,12,8,1,33,5,15,18,1,12,15,1,12,1,12,1,19,10,1,1,1,11,9,12,13,2,15,1,9,6,13,19,16,1,1,1,1,1,12,1,1,1,1,1,1,1,17,1,1,12,1,1,7,1,10,5,9,21,1,1,21,1,161,1,1,6,18,14,14,18,1,1,24,24,11,1,1,10,1,13,1,15,1,12,16,1,1,14,12,8,1,1,1,11,1,2,15,1,1,1,11,1,11,1,3,12,1,6,11,1,1,1,14,11,1,17,16,1,1,1,23,26,8,10,1,26,22,18,1,1,17,27,1,5,15,13,10,1,13,1,61,8,1,1,10,1,12,1,1,11,1,1,13,1,1,10,16,15,11,13,14,19,9,9,1,1,8,3,1,24,16,1,21,10,13,1,1,4,9,9,7,10,84,21,2,1,1,7,1,1,14,7,1,9,6,1,1,19,1,1,1,1,10,1,16,1,7,14,1,13,16,1,13,12,21,1,18,1,1,11,1,12,1,26,20,1,1,1,25,9,1,1,2,1,10,7,11,26,9,13,9,1,13,1,1,1,1,17,9,22,20,16,1,19,5,11,1,4,18,1,1,1,1,17,9,15,1,1,1,14,1,1,13,11,10,1,4,1,1,18,17,1,1,6,9,1,16,1,20,8,12,20,9,12,11,11,1,13,1,9,1,87,12,1,7,1,11,1,1,1,1,15,1,12,14,1,1,11,15,9,14,4,1,1,8,7,1,6,1,11,15,2,19,14,1,1,13,1,10,1,1,8,9,2,13,13,1,1,1,1,7,14,1,1,14,20,1,1,3,1,10,1,12,8,1,17,1,16,8,1,10,1,1,1,13,1,1,12,14,1,1,12,1,1,1,1,1,1,23,1,1,1,16,21,13,12,12,14,1,1,1,6,7,1,79,1,10,7,20,16,11,15,11,2,1,15,3,17,8,26,22,13,12,17,1,17,12,1,11,11,1,1,1,12,1,1,1,13,8,1,11,10,1,15,14,10,1,34,8,16,1,1,8,15,8,1,9,1,17,13,2,1,3,3,9,14,14,1,7,13,2,1,1,1,1,11,7,1,1,15,1,9,11,1,23,4,1,10,143,15,7,1,11,1,1,1,1,14,21,16,1,1,3,11,22,1,1,1,19,1,10,14,1,9,9,16,9,1,1,1,1,1,11,1,65,1,18,1,1,1,1,9,1,15,18,10,1,20,1,15,22,11,20,1,1,1,1,7,1,1,1,1,17,13,9,1,13,1,1,1,1,1,6,1,17,1,6,1,26,1,1,15,25,1,1,1,13,8,16,7,1,20,17,1,1,14,1,1,1,16,1,1,2,8,2,1,1,1,1,1,16,1,11,11,4,1,1,1,1,15,1,12,8,1,31,6,10,1,1,1,20,18,5,1,594,1,1,1,1,1,1,12,18,8,1,21,30,11,9,1,1,8,1,13,11,1,19,1,19,15,21,6,1,13,5,1,17,15,21,1,1,1,15,1,1,8,1,13,25,11,1,1,7,13,1,19,1,10,11,18,13,4,12,4,19,14,1,1,1,9,21,1,3,64,1,1,1,1,1,1,11,12,7,15,1,1,1,7,1,13,1,1,1,1,1,8,2,6,13,13,17,18,1,7,1,79,23,10,9,10,1,18,7,1,1,11,1,1,1,1,1,8,6,1,11,1,14,1,1,1,1,1,15,9,11,1,14,18,1,8,1,1,1,17,1,14,1,14,1,1,1,15,9,8,28,16,17,1,13,1,10,1,1,1,15,11,14,9,1,15,3,11,1,1,1,11,1,1,13,1,1,1,1,1,9,1,32,1,1,10,6,1,1,1,1,1,2761,1,1,1,16,360,10,12,6,11,1,11,37,1,1,12,1,16,1,1,2,1,9,1,19,1,1,1,105,15,1,12,1,13,1,10,1,16,13,1,15,1,1,13,14,7,1,17,1,19,2,1,1,1,12,1,1,1,1,9,1,1,1,13,1,9,1,11,1,12,15,1,15,1,1,1,17,1,1,4,1,1,13,10,12,4,12,1,1,12,9,1,1,3,8,1,1,39,14,32,1,1,12,14,1,1,13,8,13,12,1,1,6,1,1,17,16,1,6,1,1,1,9,1,1,12,16,16,9,11,1,7,1,17,18,16,1,7,1,1,13,1,1,9,1,15,1,11,1,1,1,1,1,8,11,2,11,1,19,1,9,20,19,8,1,1,1,1,17,1,1,20,17,10,1,1,1,9,1,22,12,1,5,1,1,1,1,18,14,12,9,1,1,32,1,1,9,13,1,1,6,17,13,1,1,1,8,1,1,19,7,11,14,1,15,9,1,14,11,1,13,14,6,15,7,13,16,1,5,11,7,1,77,11,13,11,14,14,9,8,13,1,1,1,2,2,10,2,10,1,1,1,16,1,10,1,2,1,1,1,1,1,15,1,25,1,1,1,10,10,20,8,1,1,1,1,13,18,1,1,10,1,2,18,1,1,74,19,25,1,7,5,1,1,6,1,14,21,5,4,4,1,10,6,1,10,1,18,2,1,6,7,1,1,10,1,5,16,1,14,6,1,1,1,1,3,1,9,1,15,2,15,17,12,1,1,11,1,5,7,1,1,1,8,1,1,13,1,10,12,109,51,16,15,12,17,64,1,1,9,13,13,10,1,11,6,2,1,15,1,7,23,1,14,11,1,21,1,1,17,1,11,11,21,17,1,8,1,15,1,6,6,1,1,17,20,15,1,1,12,1,1,1,1,1,17,1,21,1,1,14,13,1,19,1,5,1,1,1,1,5,1,1,1,10,10,1,24,1,14,9,10,1,1,13,9,1,1,1,1,5,1,1,1,1,1,11,8,1,15,20,6,1,5,1,9,19,1,8,1,20,1,1,15,18,13,16,1,120,1,1,1,1,1,1,1,10,16,1,16,8,1,13,1,7,1,1,14,1,1,14,8,1,19,1,19,12,31,1,15,8,1,13,1,18,11,15,16,27,8,7,1,1,11,11,12,52,18,12,13,1,16,1,11,11,19,1,10,1,16,1,11,14,1,6,1,16,1,5,13,12,1,16,13,1,5,1,1,1,2,18,1,11,1,1,17,9,1,9,73,15,14,1,10,1,1,1,1,9,16,1,11,11,1,7,9,16,1,1,3,13,1,1,4,14,1,6,18,22,1,1,1,20,1,12,1,12,14,9,1,7,1,1,18,1,8,1,1,8,19,4,16,1,16,1,6,11,11,4,6,11,1,1,12,1,1,1,15,1,19,12,10,12,1,1,12,1,1,3,1,16,1,5,6,1,11,1,1,1,28,1,14,2,1,6,1,1,9,11,1,16,20,1,1,10,8,5,1,7,15,12,14,5,1,6,10,14,1,12,1,15,1,1,8,16,3,1,1,3,13,1,2,4,15,17,1,15,1,1,9,1,10,14,1,1,10,1,1,1,1,1,1,17,1,13,6,1,12,6,3,14,1,19,10,1,15,7,10,16,9,10,1,10,10,1,21,1,1,1,8,17,18,1,9,1,1,16,1,2,110,1,18,1,11,10,6,6,1,7,1,13,1,1,1,1,2,13,1,1,4,11,1,4,1,11,17,1,1,1,8,1,1,1,6,1,1,1,2,7,1,12,1,12,12,10,1,1,20,1,8,20,15,16,1,1,8,1,1,1,1,13,12,19,1,1,1,1,1,1,1,1,25,1,15,1,1,1,29,1,11,8,1,33,95,32,1,1,14,9,2,1,9,1,50,28,3,1,3,1,10,20,18,16,1,1,1,15,1,17,1,17,5,12,1,1,1,20,11,1,1,11,7,1,1,11,14,34,1,1,6,8,1,1,1,13,1,1,1,1,1,6,12,9,1,12,6,1,11,10,14,11,1,20,1,5,16,8,1,1,1,1,1,6,2,1,1,1,6,16,15,16,14,15,2,16,1,14,15,1,18,1,12,9,1,1,1,1,8,14,13,1,11,1,1,1,6,9,26,1,10,1,14,12,1,15,17,17,22,6,24,7,12,21,1,12,8,1,8,14,13,1,11,7,16,14,13,1,1,1,14,5,13,1,1,1,10,15,12,1,1,13,11,1,11,10,7,1,1,1,7,18,1,12,19,17,1,14,19,1,1,3,1,14,21,99,11,1,9,13,1,1,1,1,13,15,12,15,16,1,1,1,1,13,1,1,1,10,21,7,1,8,45,12,1,6,8,3,33,1,1,1,14,7,15,4,2,1,8,22,16,17,6,1,6,6,1,7,17,14,20,1,13,9,12,9,4,1,9,1,28,1,15,1,17,10,7,22,12,1,1,13,10,7,1,5,20,1,1,1,1,13,12,3,2,13,19,72,27,1,13,13,9,19,1,13,12,1,1,1,1,1,7,2,10,1,8,1,1,1,1,1,6,1,17,1,16,13,16,8,1,1,1,18,10,1,6,12,22,3,1,2,22,1,1,2,9,20,9,1,6,1,20,1,1,15,6,11,7,11,5,1,1,22,4,2,19,1,15,12,1,14,1,65,31,12,13,11,9,10,1,14,1,10,1,12,1,18,17,1,18,1,13,6,3,12,1,11,1,1,18,1,19,1,6,1,1,1,14,1,34,1,10,233,1,1,1,1,7,1,1,1,1,1,1,1,1,1,16,1,2,1,1,1,1,1,15,17,5,8,8,1,1,5,1,1,13,14,17,9,1,1,8,1,1,1,18,37,9,13,1,10,3,1,19,1,44,8,1,7,1,1,1,1,10,1,5,10,1,1,9,4,1,1,11,1,1,1,2,20,12,1,14,1,15,13,1,8,12,1,9,1,7,14,1,1,1,1,17,1,1,10,1,1,8,1,11,14,8,1,21,8,12,1,20,12,15,1,15,7,1,1,15,26,1,1,16,22,15,16,1,1,19,15,1,1,13,1,1,27,25,1,10,1,13,1,11,15,1,17,12,15,8,7,1,1,2,1,1,14,2,11,1,11,1,17,8,12,1,9,1,11,1,9,1,15,85,13,9,1,23,1,1,1,16,1,13,1,9,10,2,6,22,1,8,1,18,1,1,2,1,1,7,1,21,8,18,12,1,12,1,7,1,1,1,15,1,1,1,11,1,1,13,1,1,1,11,21,7,1,16,1,16,6,16,10,1,3,1,13,25,12,12,15,14,15,12,3,1,6,1,1,29,1,14,1,7,11,11,1,1,18,13,1,1,3,1,1,1,1,1,1,1,12,21,1,15,16,10,1,1,1,11,1,1,1,1,1,7,1,1,1,2,10,16,1,20,8,11,15,1,13,1,1,1,1,1,1,1,1,31,14,1,11,20,1,13,1,10,1,10,1,10,12,1,1,15,10,6,1,8,1,1,1,14,4,13,12,1,13,1,1,1,1,5,1,14,12,15,23,12,1,15,14,1,1,1,7,11,6,1,15,12,1,14,1,1,25,1,1,5,1,7,1,1279,18,16,1,1,1,7,1,1,17,1,22,1,1,16,7,1,2,1,2,1,7,1,4,15,18,15,1,13,1,16,1,1,13,1,1,1,13,1,1,20,1,1,1,7,1,17,11,1,1,1,1,1,1,10,1,1,9,6,1,9,1,92,515,10,1,1,7,2,11,10,1,11,1,12,1,1,1,1,1,1,1,1,11,1,6,1,7,14,1,1,1,14,17,7,14,4,11,1,17,1,1,9,1,15,1,1,1,14,1,25,1,2,10,1,15,1,9,10,26,1,1,11,9,1,1,1,10,17,7,12,12,1,1,1,104,17,1,27,1,17,18,12,6,7,17,8,1,15,1,10,1,9,7,6,1,18,60,1,13,1,9,24,6,1,1,1,1,1,22,1,11,1,1,17,1,1,10,9,5,1,1,17,1,1,1,1,1,1,8,9,3,13,1,1,9,30,1,12,10,1,20,1,1,9,13,1,11,15,1,10,1,1,16,1,1,2,1,12,13,1,1,8,6,18,1,9,27,6,6,1,1,1,1,2,1,1,1,18,6,12,24,14,1,1,1,20,14,1,12,6,29,9,15,1,11,1,20,12,1,1,1,16,24,1,4,1,1,2,11,1,1,14,11,1,1,13,1,10,9,1,1,1,15,1,1,1,14,1,1,1,14,1,1,16,8,7,13,1,15,1,1,7,8,1,1,12,17,11,1,11,15,1,11,1,14,1,1,4,1,1,11,1,1,1,19,2,8,1,14,1,1,15,1,1,18,1,15,19,19,14,13,1,17,13,1,10,129,1,14,1,1,17,18,7,9,14,1,1,1,1,13,1,1,8,17,12,3,11,11,16,1,12,2,1,1,1,1,1,15,1,15,1,1,1,9,8,15,12,1,15,11,15,1,11,22,1,16,15,34,1,3,1,1,11,2,1,1,1,21,7,16,1,1,13,1,1,1,12,1,10,1,1,1,1,1,1,19,9,1,11,1,9,1,12,1,1,1,1,10,11,1,76,15,1,1,1,20,12,11,3,7,1,1,10,1,1,1,13,1,49,25,1,12,1,13,13,1,1,1,1,1,13,1,17,1,5,1,1,11,1,17,1,1,1,1,13,3,7,1,12,22,1,16,1,1,1,1,1,1,1,1,8,12,1,10,8,1,8,19,15,1,6,1,1,1,13,13,1,14,1,1,1,18,6,2,1,1,1,7,1,8,1,1,6,15,13,10,18,1,1,2,21,2,12,1,1,4,1,1,1,1,14,13,16,11,1,16,4,1,34,1,8,7,1,1,1,1,1,10,7,20,1,40,11,2,8,9,15,14,1,19,1,21,40,12,1,1,2,13,8,12,2,5,27,1,1,1,1,15,17,10,1,1,1,1,1,20,10,16,9,13,17,33,15,1,6,17,1,10,1,2,8,1,1,17,1,1,10,14,1,1,23,1,1,16,9,18,2,11,1,9,15,10,1,1,8,11,1,15,64,1,8,15,14,17,1,11,1,8,8,9,1,1,10,15,21,1,19,12,6,12,1,6,9,2,1,8,13,6,7,10,1,1,26,18,1,29,1,2,10,1,4,1,1,15,1,1,29,1,2,9,1,16,7,16,12,1,1,11,13,1,8,11,18,12,16,1,20,1,1,15,19,1,1,12,1,1,9,12,13,1,1,1,1,1,13,1,1,1,12,20,21,1,21,1,10,1,8,1,1,1,17,12,8,16,1,1,1,1,1,1,1,15,10,1,10,1,11,17,1,1,12,1,14,17,13,18,1,14,4,24,1,13,1,20,1,12,1,1,15,2,9,1,14,10,16,1,1,13,1,12,19,8,11,1,1,6,16,1,1,4,17,12,3,22,1,18,1,16,25,16,20,1,27,1,1,9,1,12,1,1,76,1,5,12,1,1,11,10,9,1,1,1,1,1,13,1,1,1,1,1,6,1,1,16,1,28,2,18,1,1,18,16,1,1,10,1,5,15,14,13,15,1,8,1,1,1,1,1,13,1,1,1,1,1,1,1,1,13,1,17,8,1,2,18,1,17,2,12,11,4,6,3391,5,1,22,1,1,1,19,1,25,1,8,10,1,1,1,1,11,1,13,16,1,1,1,1,1,15,1,1,1,12,20,12,1,21,1,9,1,13,1,1,1,1,20,15,1,1,15,14,1,2,1,14,15,14,9,21,1,1,1,14,1,10,9,23,20,18,1,4,17,1,1,2,16,9,14,1,1,1,1,19,23,16,1,2,1,12,9,18,7,12,1,12,13,1,1,1,16,16,1,22,10,13,1,1,1,9,2,1,12,1,7,1,4,1,1,1,8,14,1,1,1,15,1,10,1,9,16,1,6,1,11,5,14,1,10,14,11,1,14,6,8,9,1,7,16,1,6,84,5,1,17,1,11,32,18,14,13,12,1,1,6,13,1,16,1,1,5,11,17,1,14,13,13,1,1,16,10,16,11,8,22,11,1,1,9,17,7,1,1,1,1,15,18,1,17,72,5,1,14,1,1,1,19,1,1,1,16,14,1,17,1,1,1,1,10,15,12,1,1,9,1,1,8,5,1,12,11,11,6,16,10,15,1,1,1,1,2,1,1,15,15,1,1,9,1,1,1,13,2,10,1,1,14,13,26,6,9,1,1,14,16,6,1,1,14,1,21,1,1,10,1,20,5,1,5,10,18,1,1,21,16,1,1,1,12,7,1,1,18,1,13,14,1,12,4,1,1,1,1,2,2,1,16,1,1,1,29,1,1,1,9,80,1,9,1,21,9,6,15,1,9,11,1,10,1,1,6,14,1,1,1,12,13,1,6,13,14,11,12,10,1,1,1,1,9,1,1,17,8,17,1,1,8,1,1,1,1,12,1,1,1,1,1,4,23,1,1,9,9,1,1,1,7,7,12,13,18,7,6,1,1,24,1,1,1,1,2,20,1,17,9,16,1,1,14,12,4,27,1,14,1,1,1,1,1,20,11,1,1,8,1,7,13,77,1,1,1,1,12,5,1,17,22,14,1,24,20,1,1,8,1,1,11,1,17,1,1,1,11,25,13,28,1,15,1,20,1,15,1,8,1,9,1,1,14,1,1,1,8,1,1,1,10,10,1,1,16,1,1,1,7,10,19,1,1,1,1,1,6,17,1,1,1,12,1,1,1,4,1,1,45,1,5,12,3,1,34,21,16,1,1,1,13,1,1,9,14,1,14,1,1,11,14,2,9,11,11,15,1,20,1,18,10,2,1,8,2,16,1,8,10,16,12,19,11,1,1,1,8,12,3,1,1,1,1,1,1,13,12,1,1,1,1,7,14,1,1,12,1,1,26,33,19,32,12,12,13,1,1,17,16,20,11,17,21,1,1,1,1,1,26,18,13,1,1,1,24,12,8,18,13,1,1,2,1,12,1,11,1,1,17,1,19,1,1,1,14,1,12,10,1,11,17,1,16,16,1,12,12,1,17,10,22,1,17,13,6,21,12,13,18,8,8,1,17,9,1,18,15,12,6,1,10,1,1,16,1,10,1,11,3,1,1,1,9,11,1,18,14,1,14,1,1,1,20,12,1,7,12,15,14,10,5,2,1,1,20,20,1,1,1,18,16,1,20,16,14,1,1,1,1,1,1,1,1,17,10,15,1,13,16,1,1,13,1,1,23,2,1,6,17,20,1,1,1,6,7,19,10,1,1,1,1,1,21,1,21,1,10,14,1,15,10,18,1,16,2,1,1,13,1,18,9,12,1,13,20,28,12,1,1,11,1,1,1,1,1,12,10,1,1,1,1,1,1,23,2,11,6,1,2,8,10,1,12,1,1,1,1,1,1,1,19,10,1,1,1,1,14,1,10,1,9,1,11,1,24,9,1,1,1,13,8,1,14,1,19,10,13,1,24,1,1,23,7,1,14,1,18,15,2,1,13,1,1,3,1,1,15,5,1,1,1,16,1,22,1,13,10,12,20,2090,10,1,15,1,14,1,10,1,17,8,1,23,1,21,4,8,1,1,10,1,17,20,1,1,9,1,6,16,1,1,1,13,1,6,1,1,18,4,1,1,16,1,2,13,14,1,1,1,16,12,15,1,1,9,12,12,1,21,17,14,15,1,1,1,12,1,2,1,1,1,11,1,1,5,1,7,12,1,9,5,6,1,1,16,1,2,1,1,6,9,24,1,1,12,19,3,1,13,18,1,15,3,1,2,11,1,91,1,1,1,10,1,1,1,1,1,1,1,13,2,1,1,9,1,12,5,1,16,71,11,15,7,1,17,1,15,13,1,7,11,1,18,9,17,1,15,11,1,9,1,10,1,1,23,12,8,1,10,1,1,16,1,1,1,1,10,2,1,11,29,1,15,4,1,195,1,1,1,10,12,1,1,2,9,1,32,1,1,14,11,88,17,3,14,7,7,17,11,1,10,3,6,1,1,17,7,1,1,1,12,7,9,6,12,14,13,1,1,1,6,31,22,7,1,13,1,29,11,9,1,1,1,8,1,7,1,1,11,7,11,15,1,18,11,19,2,1,1,11,1,1,13,17,73,1,9,1,1,1,1,1,1,1,1,3,1,1,10,12,5,1,1,13,14,9,1,11,11,9,1,12,15,12,1,9,1,1,1,14,87,1,1,16,1,1,1,1,9,1,1,1,3,1,1,1,1,1,14,1,1,38,7,1,1,6,1,1,14,3293,8,16,1,1,14,18,1,11,8,16,18,1,16,1,11,11,17,1,18,10,10,12,5,1,21,23,8,30,12,1,8,18,4,1,1,1,15,9,8,1,8,13,1,1,14,1,13,13,1,1,1,1,8,1,38,1,9,8,13,1,13,1,10,11,1,14,1,20,8,1,6,8,17,14,15,1,11,12,1,1,15,16,16,12,12,1,1,22,10,14,1,16,1,1,14,1,9,7,9,1,1,12,13,10,1,1,1,1,18,20,9,1,1,1,1,6,11,1,15,4,1,1,1,1,8,10,12,2,2,12,14,1,14,1,1,1,1,14,1,1,10,12,15,1,1,1,1,1,1,1,8,1,7,16,1,1,1,13,13,1,1,1,1,14,1,7,18,1,1,1,12,1,1,14,26,10,1,8,9,24,13,15,14,1,14,1,14,6,7,1,5,11,12,21,1,10,13,10,16,9,1,1,2,1,1,5,2,1,10,1,17,1,17,20,2,1,16,18,11,9,10,9,13,29,1,5,10,1,1,12,17,1,15,1,1,12,11,1,3,12,6,1,1,1,5,20,13,1,1,1,1,1,1,14,28,1,1,17,1,6,13,1,2,1,1,22,1,3,1,1,1,5,1,12,1,1,12,14,18,1,1,1,1,24,1,1,1,5,26,54,13,1,1,4,12,8,1,9,10,1,14,1,5,16,1,1,9,17,18,1,25,1,1,8,4,1,1,2,1,1,10,1,1,21,1,1,7,14,24,1,1,1,2,1,1,12,13,1,1,1,1,17,15,1,16,19,9,66,9,10,1,1,1,2,11,14,1,42,2,1,1,1,22,1,11,1,42,1,13,10,8,5,10,1,2,1,11,12,2,3,1,67,11,13,1,11,1,7,1,13,4,14,1,1,1,1,1,19,1,1,1,5,1,1,8,20,1,16,1,7,5,2,1,1,1,1,19,1,1,1,1,15,26,5,1,4,13,1,12,12,1,1,7,15,1,6,1,11,23,26,1,1,1,12,12,12,17,1,1,1,1,1,12,10,1,1,1,14,2,15,16,1,10,12,12,10,1,13,1,1,1,8,1,12,15,1,1,1,1,19,1,1,10,1,15,8,17,1,1,10,169,1,16,9,24,20,8,1,1,1,1,13,1,1,7,6,15,1,7,15,1,1,1,10,4,66,1,1,1,8,1,1,9,1,13,1,1,10,10,1,22,5,12,9,1,1,1,9,1,13,4,2,11,14,15,1,5,1,14,21,1,1,19,1,8,1,1,13,14,14,1,1,1,14,1,1,1,14,1,14,1,21,1,14,11,16,8,1,1,1,1,1,1,1,18,1,1,11,12,1,12,4,1,1,13,3,18,13,1,1,4,20,16,9,12,1,20,1,1,12,6,14,1,8,1,1,54,10,1,1,1,15,15,10,12,14,8,1,4,6,1,1,1,18,1,1,4,1,1,26,1,1,7,1,1,1,1,1,14,8,1,24,16,4,13,13,1,14,4,6,10,20,11,18,6,1,12,5,1,20,19,1,16,1,12,1,2,11,5,4,4,21,16,1,1,23,1,1,1,10,12,1,15,3,1,1,1,17,10,18,1,6,1,4,7,10,1,9,22,10,5,17,1,1,1,2,1,12,5,20,11,14,13,11,24,2,17,12,35,1,1,1,1,1,21,12,2,1,7,1,4,1,9,1,1,1,24,20,1,20,1,11,1,1,17,1,6,7,9,1,30,14,10,11,13,2,1,7,1,6,9,12,1,1,17,13,17,1,1,17,10,14,17,12,1,1,1,1,9,1,16,11,9,12,1,1,1,11,1,12,1,9,1,13,7,12,20,1,1,1,1,1,1,7,15,21,3,16,18,1,19,1,22,11,21,1,1,1,1,14,2,6,9,4,1,11,16,9,16,1,1,13,1,14,1,14,2,1,1,1,1,1,28,1,1,14,1,4,1,1,13,1,1,13,1,7,16,11,8,1,1,8,16,2,1,9,12,15,17,1,14,1,1,14,1,1,9,20,1,43,19,1,21,1,15,8,1,12,5,11,1,5,1,18,15,1,1,18,9,66,12,13,18,1,16,1,1,1,6,19,1,1,18,10,10,11,16,9,10,1,1,8,10,11,1,1,1,1,10,1,1,4,19,17,1,17,14,1,9,130,5,9,4,22,12,1,11,1,26,28,1,16,1,1,1,2,1,1,1,1,15,1,17,3,14,13,1,4,15,1,1,16,1,1,12,1,12,19,11,1,1,4,1,10,24,12,16,23,1,1,1,1,1,1,1,1,1,9,12,1,17,1,1,1,4,1,1,3,4,18,2,1,1,1,10,1,10,3,7,1,14,16,11,18,7,14,1,1,14,17,14,16,1,13,14,25,12,12,12,1,1,86,1,12,1,15,1,1,1,16,1,1,11,1,1,1,1,1,1,1,10,12,1,6,1,1,1,21,15,16,14,11,1,1,12,1,1,1,1,1,1,1,1,13,12,12,1,17,30,8,41,1,192,1,7,17,1,1,9,14,1,2,8,8,9,32,6,1,1,12,1,15,2,1,12,1,1,1,1,1,2,1,1,1,12,1,1,14,24,1,1,1,1,35,14,9,1,1,10,1,8,11,7,1,1,15,1,19,17,1,1,9,8,12,1,5,25,5,1,18,15,1,13,11,17,8,1,1,10,1,1,15,1,1,13,1,1,1,12,1,11,25,1,1,17,2,14,8,1,1,11,1,11,31,1,1,1,1,18,1,1,1,1,1,12,11,1,1,1,1,1,17,7,12,1,10,12,1,16,13,1,1,2,1,1,1,13,1,1,1,6,2,1,1,1,8,15,9,1,2,17,1,17,1,1,1,7,1,1,1,15,25,1,1,20,1,9,1,1,13,12,1,10,1,1,12,1,1,13,9,1,14,1,16,6,30,1,19,12,1,13,23,1,2,1,11,10,11,1,14,1,1,1,1,1,14,17,12,13,76,11,19,7,12,1,12,16,165,9,1,18,1,1,11,1,14,1,19,10,19,1,12,17,8,1,11,9,16,13,13,2,12,19,14,11,13,15,10,1,7,15,12,1,1,1,13,1,1,10,11,8,8,1,25,1,1,13,11,9,14,1,1,1,1,13,7,1,16,1,14,1,9,1,10,1,1,9,1,15,17,15,13,15,11,1,9,16,8,5,1,10,1,10,1,6,1,22,10,11,1,21,1,13,133,3,4,16,5,1,1,16,1,10,14,1,1,12,25,15,1,1,16,1,21,1,26,1,1,14,1,1,1,18,1,1,1,14,1,1,1,14,1,38,1,1,1,1,1,1,3,1,12,23,17,12,11,35,10,1,13,9,7,27,13,1,1,15,4,1,11,2,13,1,1,15,15,1,9,9,2,1,14,1,1,6,1,16,3,9,13,1,14,13,1,1,12,1,1,1,26,16,1,1,16,8,8,1,13,1,1,13,8,1,11,1,1,16,21,1,1,1,1,1,1,1,1,1,1,1,13,16,15,1,1,1,1,1,21,15,1,8,5,1,18,1,1,1,1,1,1,1,1,90,1,16,7,13,10,9,1,12,10,1,1,1,1,12,13,6,1,1,21,1,16,12,1,5,1,1,1,20,16,1,5,14,6,1,1,1,11,14,1,13,7,3,12,1,9,7,12,9,1,12,1,8,1,24,1,7,15,1,8,1,1,9,1,15,1,1,4,7,12,76,1,20,14,14,10,1,20,1,2,1,3,28,1,1,1,1,17,1,1,1,1,1,5,1,23,11,12,9,11,13,12,11,12,1,9,1,1,8,1,1,1,1,2,1,15,21,17,8,16,1,8,110,1,9,1,17,1,7,1,21,1,4,18,19,1,11,11,1,1,1,6,1,9,1,1,1,1,1,1,15,1,15,13,1,1,10,1,16,18,15,1,14,10,1,9,15,1,1,27,14,1,10,1,13,1,1,15,14,6,8,1,1,20,9,7,5,10,1,1,14,7,1,2,15,13,20,10,1,13,1,14,1,1,14,15,1,10,1,1,19,1,10,3,1,9,1,20,1,4,8,20,8,1,1,1,1,1,9,12,7,1,13,14,15,9,14,1,16,9,31,8,15,10,1,1,1,1,1,18,21,6,1,26,1,13,3,9,1,1,9,1,11,2,1,8,14,1,1,18,78,1,16,4,1,11,1,14,5,8,7,1,15,16,1,17,7,14,12,6,18,1,1,13,1,16,24,9,12,1,15,17,1,7,10,7,4,1,15,1,1,17,1,9,8,17,13,1,1,8,8,1,9,1,21,1,14,1,1,1,19,16,1,9,16,12,15,1,10,1,16,5,1,6,8,1,12,31,10,7,8,9,11,1,1,4,1,14,1,1,1,3,1,16,7,1,1,16,12,7,24,1,1,1,1,1,7,10,13,12,1,14,1,20,1,17,1,12,1,1,1,22,9,13,13,1,1,1,9,1,1,1,9,10,2,18,19,1,1,13,13,1,8,1,6,3,1,8,8,12,11,8,43,1,1,1,13,20,8,1,1,16,1,16,1,6,18,1,12,1,1,1,13,1,1,4,1,10,2,1,1,12,23,33,2,18,17,1,1,1,1,14,10,1,10,17,10,1,1,6,1,1,1,11,16,7,1,1,27,1,1,8,11,13,17,1,21,1,1,13,11,1,18,1,1,1,23,22,1,14,1,14,15,1,1,8,6,1,1,10,14,14,1,9,36,1,22,19,8,2,1,16,1,1,5,16,10,15,12,7,11,5,1,14,6,1,1,1,195,1,9,12,5,1,1,12,13,23,1,13,1,13,1,1,10,16,1,1,1,1,15,5,11,38,1,1,1,11,1,12,5,1,18,1,1,6,1,1,1,1,7,1,12,10,1,1,1,10,1,28,1,1,1,1,1,14,9,1,1,1,65,12,1,16,1,1,1,1,7,9,24,1,23,2,10,46,1,1,1,20,2,1,1,1,3,1,1,1,1,5,21,2,19,1,19,14,17,1,1,10,1,1,13,6,11,1,9,7,1,16,1,14,14,1,1,1,1,20,10,21,1,11,1,2,14,1,1,8,13,1,6,16,29,1,9,1,13,16,1,1,17,1,1,17,9,1,11,1,11,1,11,1,13,11,1,1,1,14,1,1,1,1,14,15,1,10,1,13,1,14,13,1,4,1,20,1,6,1,24,1,1,1,1,1,1,14,25,1,1,1,9,12,13,1,1,1,1,16,10,15,15,1,1,1,21,1,1,1,15,8,13,9,12,13,13,6,14,1,1,17,1,1,12,15,10,13,1,13,13,1,1,16,6,1,1,15,13,6,1,15,1,1,1,14,1,1,11,18,1,1,1,16,11,10,6,9,1,17,1,8,1,11,1,8,1,1,8,1,3,1,4,1,1,1,6,1,7,15,1,18,1,2,1,1,2,18,1,1,1,11,11,1,2,1,1,1,8,15,1,1,12,1,1,1,11,1,1,16,1,15,11,1,1,10,1,9,1,1,2,6,1,1,11,1,8,2,1,9,1,1,12,1,1,13,14,1,8,6,10,14,1,1,13,18,1,14,1,11,1,16,16,15,17,21,14,20,8,8,18,13,15,15,14,1,1,15,6,27,13,1,178,19,16,8,1,15,1,17,1,1,15,14,5,1,9,1,1,1,1,1,1,1,5,1,21,168,1,1,1,6,8,15,1,14,1,5,11,14,10,8,1,14,53,13,1,2,14,13,1,14,21,1,1,1,14,1,15,1,1,1,1,1,1,1,2,24,1,1,14,2,21,1,7,8,5,19,8,17,1,1,7,18,7,19,11,1,13,7,16,1,14,1,12,13,15,10,17,3,1,10,16,1,1,11,1,1,9,1,18,2,1,1,1,11,1,17,13,1,1,4,9,5,11,1,1,1,2,13,1,1,13,1,1,18,6,1,11,21,1,1,1,10,1,1,1,1,1,14,1,9,7,1,11,18,1,1,1,1,1,1,5,1,10,30,1,5,1,8,1,1,1,51,16,19,1,1,97,1,13,1,13,1,12,12,7,1,18,1,1,9,13,20,1,13,11,51,1,1,18,9,1,21,1,16,12,3,1,1,13,62,3,1,1,9,1,1,9,11,16,16,9,14,1,1,8,1,15,1,9,1,1,45,7,1,14,6,17,22,1,10,1,16,1,14,1,1,9,10,1,21,11,14,1,1,7,12,1,17,20,17,8,1,1,1,11,11,1,10,14,1,1,9,1,10,1,1,11,1,12,14,8,18,1,1,1,23,1,1,1,1,5,1,9,1,1,11,1,12,1,15,7,1,18,7,1,1,9,7,1,5,1,24,17,13,1,6,1,10,13,1,15,13,1,10,2,10,1,20,1,18,1,16,1,10,19,7,13,1,6,1,1,1,1,26,11,15,1,1,16,16,11,1,14,1,7,20,21,1,1,15,2,21,1,18,1,1,1,1,18,1,1,1,9,3,1,1,1,19,14,19,1,1,17,17,1,1,1,8,1,1,1,1,1,9,1,1,15,1,1,1,17,15,1,1,13,19,13,1,11,1,15,1,5,1,19,1,1,1,1,11,1,19,16,6,17,1,22,16,12,11,1,1,1,16,10,1,1,1,14,1,1,12,21,19,7,1,1,19,1,1,18,16,1,12,1,1,7,8,12,2,1,1,1,13,5,11,1,3,17,12,9,7,30,27,13,1,16,1,14,1,1,19,15,14,10,8,1,1,11,1,1,7,10,15,13,1,1,1,1,1,7,1,1,1,2,16,169,12,24,1,12,1,1,23,1,44,7,9,1,1,14,15,15,9,1,1,20,1,930,22,16,9,4,15,15,16,1,12,1,1,1,1,1,1,16,1,1,1,1,23,1,7,10,1,6,1,1,3,13,1,4,1,6,13,10,16,1,10,1,1,1,6,1,12,2,1,1,18,17,1,10,12,2,7,6,1,11,14,15,18,17,1,1,22,1,6,1,17,6,1,10,1,3,1,1,13,1,1,87,1,8,1,14,8,13,1,13,1,1,13,1,15,1,1,1,1,1,1,10,1,1,1,10,19,27,17,1,16,13,1,17,3,1,1,9,13,10,17,5,1,17,14,1,33,16,25,7,9,22,7,1,13,12,1,19,1,15,7,1,1,19,1,22,1,1,1,1,14,1,100,1,1,78,15,1,1,13,1,2,14,12,1,2,16,14,10,8,1,21,1,1,1,1,1,6,1,1,1,7,21,10,1,11,1,1,1,1,18,1,18,15,1,1,1,1,7,6,1,14,12,3,1,1,9,14,12,1,1,1,11,6,20,7,6,11,13,9,1967,1,7,1,12,10,15,10,17,1,13,23,1,15,1,1,11,1,1,1,1,10,20,1,9,1,2,1,13,1,1,1,12,14,17,15,16,16,9,13,1,1,14,1,9,17,1,10,13,12,1,3,1,1,21,12,1,1,1,11,14,1,1,392,1,14,1,8,1,1,31,7,1,1,12,1,6,6,15,10,7,1,24,12,10,7,2,16,2,1,1,6,9,1,10,2,1,4,13,1,8,20,16,14,1,1,21,10,14,15,27,11,1,1,1,10,1,1,17,1,11,13,16,3,1,14,1,10,1,1,1,7,1,19,15,1,1,1,1,1,1,1,11,10,1,7,1,10,1,12,1,1,1,5,19,1,10,17,1,8,1,14,11,1,1,9,22,1,1,1,1,13,7,1,13,15,14,1,1,10,16,1,16,23,12,4,15,1,16,1,11,13,16,30,7,1,1,1,12,3,14,13,1,9,8,12,1,1,1,9,1,1,1,1,1,10,1,12,16,14,1,14,4,1,1,12,24,12,21,2,1,11,1,1,1,9,2,21,1,1,1,7,1,11,11,20,1,1,1,12,18,5,1,2,27,6,7,1,2,13,1,1,1,8,12,14,1,1,1,2,10,14,1,1,11,1,9,93,12,10,1,2,25,9,13,1,1,1,19,10,1,1,1,1,1,17,1,1,1,1,14,12,19,1,9,7,6,1,16,17,17,17,1,14,1,1,6,8,1,2,1,12,1,1,13,20,20,18,24,16,14,1,1,28,1,1,1,1,12,7,10,1,31,17,16,1,12,1,1,15,1,2,1,1,7,9,6,1,1,17,1,10,10,22,9,1,6,1,7,1,1,7,1,1,11,1,13,3,8,7,1,11,1,11,1,14,1,1,12,11,18,1,1,1,1,1,1,9,1,1,26,3,1,1,1,11,3,3,5,21,1,1,1,1,17,18,14,2,27,18,106,5,1,1,1,1,1,1,15,1,1,1,11,1,15,11,9,15,1,10,1,14,16,1,12,30,1,17,6,13,10,1,1,1,3,13,1,3,12,14,12,23,6,9,1,1,1,790,14,15,1,19,12,1,1,9,1,1,16,18,11,1,127,14,7,1,12,9,1,1,12,9,1,16,1,17,1,1,750,1,22,1,1,11,6,21,1,18,12,1,1,1,13,1,13,14,1,20,20,9,1,1,1,17,1,8,1,1,1,1,15,1,20,1,1,1,1,1,1,39,5,1,1,15,7,1,12,1,8,11,14,1,10,18,6,1,21,1,1,21,1,12,4,1,8,1,21,1,9,14,1,1,1,1,6,6,1,1,18,9,1,15,1,1,1,15,1,13,10,1,5,1,7,1,1,1,1,1,1,1,1,1,1,1,13,14,13,1,11,35,1,4,14,18,15,1,1,1,16,13,70,9,3,1,1,11,12,9,1,14,13,1,1,15,1,13,1,1,18,15,11,11,733,15,1,1,1,12,15,15,14,1,1,1,1,21,1,8,1,1,1,2,8,8,10,14,17,11,1,1,13,1,1,1,7,12,12,1,1,12,1,1,1,1,9,1,1,12,1,16,1,1,1,13,1,14,14,18,1,1,1,1,5,1,17,1,1,6,16,1,16,15,10,19,14,1,2,23,1,7,9,14,1,9,12,1,19,1,2,10,19,1,1,10,2,1,9,1,4,16,14,11,15,1,1,1,16,1,14,1,1,9,1,1,11,1,1,1,1,1,9,1,1,1,1,15,4,1,1,1,1,1,4,1,1,1,1,3,1,1,1,9,9,8,14,17,1,12,1,15,1,1,5,16,12,19,1,7,1,17,10,1,20,17,1,1,10,1,16,11,1,10,1,40,1,10,18,1,43,7,14,12,8,10,1,8,1,6,1,1,1,6,1,1,1,1,11,18,12,13,1,12,1,2,2,12,1,1,15,1,8,9,11,11,1,13,13,76,1,1,17,11,15,3,1,1,9,7,1,1,10,1,12,1,5,14,15,18,1,8,17,5,9,4,2,1,6,13,13,10,1,12,14,1,11,5,15,9,10,7,13,139,22,18,2,3,10,1,8,19,12,1,11,1,1,16,8,7,1,17,10,5,8,16,7,1,15,1,1,1,18,1,1,1,19,1,18,1,15,1,3,1,1,1,11,1,1,8,1,16,14,1,20,1,1,15,10,1,17,17,9,19,16,1,6,1,16,1,1,1,1,10,7,1,1,15,7,1,13,1,1,1,15,17,13,1,1,1,1,1,1,11,1,7,1,7,1,1,6,1,15,1,7,1,1,1,6,8,13,12,1,17,12,1,9,1,1,1,5,15,10,5,17,15,8,14,20,16,1,1,1,1,1,22,20,1,11,21,26,1,3,1,1,8,12,17,19,1,1,1,7,1,12,7,5,1,1,24,1,9,1,8,1,18,1,12,1,1,1,1,1,1,23,1,13,14,11,23,16,6,1,1,1,11,11,11,1,1,1,7,23,16,1,6,1,17,13,1,11,17,12,15,1,1,1,14,14,13,1,1,18,1,8,1,9,13,11,7,1,1,7,1,1,11,7,8,30,11,14,1,1,10,1,13,1,1,1,15,1,1,14,12,1,2,14,12,4,1,1,9,1,7,10,1,1,12,2,3,1,1,1,1,5,1,10,1,1,17,20,7,14,1,12,12,1,13,13,88,1,7,9,1,9,1,1,1,1,1,1,1,1,11,15,1,21,1,1,12,18,10,1,20,1,1,23,10,1,1,1,11,1,19,1,1,1,11,22,1,18,6,1,11,1,1,12,21,1,1,15,2,12,134,1,5,10,11,1,4,1,14,14,1,6,25,12,1,1,20,11,1,1,10,15,8,7,13,15,1,4,1,1,9,1,2,1,1,9,1,1,1,1,2,1,13,11,13,1,11,387,1,13,1,9,1,6,1,1,17,1,1,7,1,17,15,1,1,1,1,19,1,16,1,11,15,9,6,79,1,1,1,9,1,3,42,1,12,1,8,8,5,9,1,8,1,1,18,1,14,1,15,12,1,10,9,1,1,8,20,14,1,1,19,1,1,15,1,1,16,27,1,1,10,7,1,2,1,1,9,1,10,1,6,7,1,14,3,15,1,1,9,1,11,1,1,1,1,1,9,11,19,13,15,16,1,1,1,18,31,11,19,14,6,1,1,1,1,28,1,7,1,1,13,7,1,1,14,1,11,1,6,1,10,12,8,1,1,14,1,19,1,11,1,1,1,13,15,14,8,8,11,1,2,1,15,11,10,9,16,1,1,1,23,13,18,1,11,4,1,1,13,14,18,14,16,12,14,1,1,89,5,21,1,6,14,1,10,1,1,16,1,24,11,11,1,18,4,6,5,9,1,13,9,14,13,24,12,10,1,1,1,1,1,8,15,1,1,1,14,1,1,1,1,17,1,2,22,1,1,1,13,3,17,15,18,52,7,1,13,20,2,3,5,10,1,11,1,18,14,12,14,23,11,7,9,5,1,1,18,11,1,17,1,19,14,1,1,6,1,1,1,1,1,12,1,14,9,6,9,1,7,16,12,1,18,1,1,1,8,18,1,1,22,1,10,1,16,16,1,1,1,17,1,10,1,13,3,1,9,1,19,3,18,5,5,17,2,1,1,8,1,1,10,1,17,18,1,16,16,13,1,1,87,1,1,1,1,2,1,6,1,13,16,16,1,10,1,1,1,10,1,14,1,6,11,1,1,1,11,21,1,1,7,1,5,12,1,15,26,9,15,16,1,1,1,1,15,1,11,11,11,1,1,1,23,1,1,1,15,12,13,16,39,1,1,17,12,1,18,1,1,10,1,14,12,7,1,13,1,1,17,11,1,13,1,8,23,1,1,1,11,1,1,14,2,28,18,13,1,1,10,15,11,1,1,1,14,4,12,8,9,25,11,9,1,1,1,16,10,1,1,1,1,11,8,11,17,9,10,1,14,9,1,11,1,13,13,7,2,8,11,1,1,9,12,1,10,1,1,19,1,1,15,8,10,1,1,9,12,11,1,1,13,13,1,18,1,1,1,9,8,8,1,15,8,1,15,10,11,3,12,6,2,19,1,1,13,1,1,1,1,1,18,16,11,11,17,13,5,10,1,1,1,14,30,1,1,5,18,17,18,1,16,1,22,19,1,19,9,8,14,15,1,1,1,16,7,1,18,12,18,1,1,9,6,10,17,1,10,14,9,1,6,11,13,1,1,1,1,1,1,1,1,4,11,12,3,8,1,1,8,1,1,17,1,12,7,1,1,11,1,104,1,1,1,13,1,9,1,174,14,1,10,1,18,15,9,1,11,1,18,8,68,1,12,1,1,14,10,1,11,1,16,1,2,1,1,1,11,1,14,11,16,22,19,1,12,19,1,8,10,1,1,3,1,1,8,5,1,21,17,1,1,1,1,1,5,1,7,1,11,1,21,1,25,1,36,13,17,2,1,1,1,1,11,12,28,16,11,22,6,25,1,1,1,1,1,14,11,12,1,1,14,7,1,1,11,14,1,13,14,12,22,1,8,1,5,1,11,13,15,1,1,1,5,24,5,1,13,1,1,14,1,12,1,11,15,1,1,1,9,1,1,15,1,2,1,12,1,11,11,14,1,1,15,9,10,2,15,15,1,1,26,1,1,11,1,1,1,1,1,1,20,1,1,26,20,14,1,1,13,1,10,15,1,10,1,16,9,1,9,1,16,15,1,1,11,8,11,4,1,1,14,1,8,1,1,1,1,1,19,11,1,12,1,8,1,1,7,1,1,1,12,1,14,1,3,1,16,1,10,1,1,5,5,1,1,1,13,18,1,1,10,13,2,7,13,1,11,1,14,11,1,15,1,1,12,1,1,22,11,17,1,1,1,2,6,1,1,1,18,11,1,2,1,16,1,1,1,1,1,1,7,2,14,3,1,14,17,10,1,1,1,13,1,1,17,1,1,36,21,7,1,11,1,1,6,1,6,4,9,16,10,8,13,1,1,2,1,5,7,14,1,1,1,1,12,11,1,1,1,11,12,1,9,1,14,1,1,1,1,1,19,11,11,1,9,8,12,14,12,1,24,1,14,1,12,1,1,7,4,14,1,1,15,17,10,10,1,1,26,1,15,17,1,7,2,1,21,2,1,17,1,1,17,1,1,1,1,1,1,7,8,12,1,13,29,16,1,1,9,1,1,14,11,1,1,1,15,20,1,1,13,1,1,22,21,1,1,22,14,1,1,1,6,15,1,82,1,1,1,1,19,1,1,19,1,1,4,1,6,1,10,1,15,1,1,3,1,1,9,1,15,1,1,1,1,10,13,16,1,1,13,8,11,1,12,1,1,1,3,8,12,10,1,17,6,8,4,15,1,11,1,1,1,18,16,1,10,13,1,6,15,10,1,74,14,17,7,1,10,10,1,1,15,16,7,4,1,1,1,25,10,1,1,25,1,18,9,15,18,1,10,1,11,16,18,9,10,3,1,17,1,7,14,9,1,1,6,2,1,22,1,1,1,10,14,1,12,11,6,1,16,1,1,1,1,1,1,11,1,1,4,14,1,1,8,1,1,1,1,1,11,1,10,3,2,13,1,12,1,6,1,7,1,1,12,15,1,1,1,1,20,17,1,1,1,2,15,15,1,14,9,20,10,5,8,12,1,1,18,1,10,9,9,32,13,9,1,1,1,14,1,8,23,12,1,1,20,8,1,15,10,10,1,6,1,3,1,1,1,6,1,1,1,6,3,1,1,1,12,1,1,10,761,11,1,1,1,1,10,1,17,1,16,6,2,10,12,9,1,11,1,4,1,15,1,1,1,1,1,1,13,5,1,16,1,12,10,12,47,1,16,16,1,20,1,10,1,1,1,12,1,9,437,1,1,1,22,13,19,11,1,1,13,16,4,4,14,1,1,5,1,1,1,15,1,1,14,1,16,1,1,9,1,6,31,13,1,9,1,1,17,12,11,1,19,1,1,1,1,8,13,1,1,1,4,1,20,1,10,1,1,22,13,35,6,22,12,1,1,1,4,13,1,16,1,13,5,23,1,1,14,1,10,1,8,1,1,6,1,20,5,1,1,1,5,1,1,13,1,5,1,1,8,25,1,5,1,1,1,1,5,14,12,1,11,1,1,8,16,9,1,14,1,7,12,6,1,1,6,1,35,1,10,1,1,1,1,8,16,1,23,27,12,16,12,2,1,8,1,1,13,18,22,1,1,16,4,10,13,20,14,6,1,1,1,15,17,1,1,14,11,1,12,7,1,11,22,12,2,16,1,1,6,26,2,1,1,1,1,18,13,19,1,16,1,13,11,12,15,1,1,18,7,15,4,1,1,1,14,10,1,13,1,47,6,5,12,11,1,6,7,18,1,17,65,1,1,12,1,2,11,6,1,1,1,17,1,1,1,1,1,5,1,5,1,1,11,27,1,671,15,1,3,1,1,12,11,1,2,3,7,34,8,1,12,16,1,12,1,1,30,12,1,9,1,19,1,102,11,1,1,19,24,1,14,1,1,8,1,1,1,11,17,13,13,1,8,14,8,3,1,17,4,1,1,1,14,16,1,6,8,1,1,12,1,1,1,4,1,10,1,20,17,1,57,1,12,1,17,10,10,1,1,1,13,13,1,2,1,1,8,20,1,1,1,1,1,1,19,1,12,1,1,1,1,1,16,18,14,19,9,2,6,1,8,1,5,1,9,1,1,1,2,1,1,20,1,14,1,14,1,1,3,1,1,17,6,1,5,11,15,1243,1,8,1,18,5,1,1,22,1,1,16,1,5,12,4,11,14,9,1,1,1,1,8,1,1,1,14,15,1,25,1,10,16,1,1,1,26,1,66,20,1,1,13,12,7,1,1,1,424,1,23,12,16,1,1,22,12,19,1,13,1,1,1,15,33,1,1,1,11,1,1,8,1,1,15,1,1,8,13,17,10,12,9,21,1,1,1,9,1,1,1,4,1,19,9,1,1,1,1,4,28,1,1,1,1,14,14,10,2,1,13,480,14,72,1,1,16,1,1,1,17,1,11,9,1,1,10,1,10,1,10,1,1,1,10,12,1,1,1,1,1,6,1,1,1,18,16,15,13,1,1,10,11,1,14,1,8,8,9,9,14,1,20,1,21,1,1,1,1,15,14,1,1,12,14,15,16,1,1,28,12,12,1,1,1,1,12,16,5,1,6,1,1,23,7,2,13,10,1,17,8,10,16,1,20,1,13,14,3,16,1,1,1,1,16,14,7,61,1,1,11,13,1,1,8,9,19,13,12,1,1,10,1,1,12,10,15,1,15,1,8,3,10,1,10,16,6,1,1,10,1,20,1,9,11,1,9,1,3,18,15,1,1,16,1,5,1,1,1,5,1,13,10,13,16,1,7,15,2,1,1,11,1,1,14,1,9,24,1,12,1,13,1,7,1,16,1,2,9,1,10,1,1,1,1,1,16,9,1,5,15,1,13,1,6,30,1,20,1,1,10,20,13,1,1,1,1,3,15,1,10,1,21,1,10,1,26,1,1,1,1,1,1,11,1,13,14,1,1,12,1,11,1,1,1,9,10,9,1,14,1,15,1,9,6,1,1,15,1,1,9,10,1,1,1,14,1,1,11,1,2,15,10,1,17,1,1,5,1,12,7,1,25,1,1,4,1,13,1,15,9,47,12,1,10,12,16,1,1,1,1,9,8,17,1,1,1,18,13,9,10,1,3,22,15,12,8,12,1,15,3,18,11,1,14,16,1,20,9,14,1,8,5,1,7,4,8,1,1,1,2,1,1,1,1,1,1,1,1,1,13,1,1,1,1,9,17,1,9,8,1,1,18,39,1,1,1,1,1,1,1,18,11,15,1,9,3,10,1,20,1,1,1,30,6,9,19,1,13,1,15,8,1,6,2,22,108,1,2,19,24,2,1,12,1,1,9,1,1,1,8,1,1,1,1,1,1,11,1,17,6,13,1,10,11,1,13,11,1,13,1,1,1,16,1,1,22,20,1,8,1,5,1,1,17,6,2,1,9,1,12,6,10,1,1,63,1,14,13,60,10,14,1,1,1,1,1,1,1,23,1,11,9,17,1,1,1,14,11,10,9,33,1,14,12,1,11,1,1,1,20,14,1,16,1,1,10,8,1,11,15,1,1,1,1,7,1,1,1,1,16,2,1,1,22,16,10,14,8,14,35,1,6,8,4,1,1,4,1,9,1,1,1,1,1,11,13,1,1,6,12,1,1,12,1,17,6,19,12,7,24,12,5,1,10,1,1,1,11,14,1,1,1,13,7,5,1,1,15,1,1,1,2,16,1,1,1,8,15,15,16,14,1,3,21,1,1,16,32,1,1,14,9,16,15,1,90,1,1,1,8,9,5,14,9,9,16,1,1,20,16,1,15,1,1,16,13,1,1,1,16,1,1,16,1,19,17,1,20,1,12,10,11,1,1,1,1,1,1,8,11,11,6,1,21,8,3,1,6,16,14,18,1,1,1,1,19,17,13,11,1,17,5,1,1,1,59,1,2,1,1,9,1,2,1,1,8,1,4,12,1,13,5,1,28,15,13,11,15,1,1,9,14,1,1,9,16,1,2,1,11,18,4,15,1,18,1,9,1,1,1,1,1,9,163,27,1,1,14,11,5,11,11,11,11,1,2,1,1,1,14,14,1,1,1,31,1,1,1,1,1,1,18,1,1,10,1,1,14,1,1,1,65,8,1,1,1,11,8,9,17,1,14,1,1,1,8,13,13,1,16,13,26,21,13,14,13,1,1,17,1,12,1,4,1,2,1,13,19,13,9,1,1,1,20,1,5,20,17,14,9,1,19,6,1,1,1,1,6,12,6,9,84,14,16,13,1,19,6,14,1,1,18,13,25,1,1,20,3,1,7,11,1,3,13,1,1,6,13,1,1,7,7,1,17,11,1,1,15,1,1,1,1,1,2,16,13,1,10,1,1,6,1,4,1,12,1,2,4,19,1,1,14,12,13,1,13,10,2,7,1,1,21,11,13,1,12,1,12,30,1,1,3,1,1,1,9,13,1,19,1,16,1,1,6,10,10,1,1,20,11,4,1,1,1,1,10,13,11,1,1,1,1,11,9,18,21,1,1,1,1,16,9,1,1,4,1,8,9,3,9,1,12,8,1,11,1,1,30,1,1,1,13,1,18,16,1,15,1,3,1,1,4,1,11,21,6,1,21,9,21,7,1,1,13,18,9,1,13,12,1,19,1,2,8,8,10,7,5,10,2,1,1,1,11,11,6,7,27,7,15,13,1,3,26,1,6,13,1,1,1,1,18,12,15,1,11,15,18,9,11,1,1,1,2,8,11,86,1,10,1,17,1,1,2,1,14,16,1,8,32,12,1,14,2,11,1,14,11,1,1,1,16,19,16,1,11,1,1,14,10,11,1,1,15,8,12,1,1,11,10,9,9,12,5,8,8,6,13,14,11,7,1013,1,1,9,10,1,9,1,11,14,1,15,1,11,3,1,5,1,15,1,19,8,12,11,1,1,1,19,1,1,80,1,19,1,1,13,1,1,12,1,32,1,1,7,1,1,11,10,15,1,1,15,109,1,17,1,2,1,22,8,4,7,8,1,17,1,3,1,9,4,16,1,1,1,12,1,11,18,1,1,1,11,1,1,6,1,18,1,10,6,1,1,1,16,1,1,1,8,7,15,1,1,7,5,1,12,1,1,13,7,1,1,15,19,1,1,1,6,1,16,1,1,21,15,1,1,5,1,22,12,1,5,8,1,1,1,1,17,3,3,14,16,1,10,1,13,11,7,1,1,1,10,1,1,1,1,20,13,11,1,1,1,1,1,1,13,15,1,1,1,1,1,20,13,1,1,22,7,1,1,35,12,5,1,11,9,6,17,1,26,1,1,9,1,12,23,1,15,1,22,16,2,1,1,1,1,1,7,2,16,13,1,1,1,1,1,1,19,16,1,7,1,21,1,1,1,4,11,1,1,10,18,1,14,18,1,1,1,9,16,1150,17,1,1,1,4,11,1,11,6,1,12,16,1,1,18,1,1,4,1,11,1,1,18,11,3,7,1,3,1,1,14,1,1,14,13,24,10,1,1,17,2,1,1,6,16,10,1,19,13,11,1,1,11,1,1,1,8,1,19,17,11,14,9,12,1,8,1,9,1,1,1,3,1,20,1,1,13,1,1,13,13,4,1,1,3,1,1,1,1,1,1,11,13,1,1,17,1,1,1,1,1,1,11,1,5,1,1,12,1,15,27,1,1,16,1,10,1,52,1,1,15,1,19,1,3,11,13,7,1,4,12,1,1,12,1,15,5,19,9,1,8,1,1,1,24,2,1,19,1,20,13,1,11,1,1,1,6,19,4,1,1,15,17,12,1,1,10,11,14,1,15,15,8,13,1,6,1,1,16,1,15,1,1,1,1,1,1,8,17,22,24,1,1,1,1,1,1,13,7,1,13,1,23,1,18,1,1,10,1,1,14,3,18,1,10,1,1,12,1,18,16,20,107,17,1,14,1,15,1,1,1,1,1,12,1,11,1,1,14,1,16,12,1,19,10,16,6,1,1,14,1,10,23,23,12,11,1,17,1,8,1,8,1,9,2,1,13,1,1,1,1,13,1,11,8,8,1,9,1,1,1,1,7,1,1,1,12,1,1,19,1,18,1,21,12,1,12,1,10,1,1,1,9,1,12,12,1,1,1,1,10,6,1,14,13,1,1,1,21,1,6,5,9,1,15,13,16,1,20,1,9,1,60,14,1,1,1,13,1,11,12,1,11,1,1,6,1,1,1,1,2,1,1,12,1,4,16,1,1,22,12,1,18,18,9,9,75,1,7,8,1,1,16,21,18,16,1,20,1,1,10,11,16,1,724,12,17,1,3,22,1,8,1,1,4,15,1,1,17,8,9,34,1,8,11,1,9,9,1,1,1,14,1,21,1,1,46,11,3,1,1,15,41,1,12,4,12,14,4,1,1,1,1,4,6,12,20,13,1,2,1,1,1,8,20,1,12,14,1,2,6,5,11,2,1,1,23,13,13,17,15,18,7,8,1,15,12,1,1,19,1,1,9,11,12,1,1,12,14,1,11,1,7,1,1,23,5,16,1,19,1,5,1,23,16,9,22,8,1,15,14,1,1,12,1,1,6,29,1,1,1,1,17,1,13,1,1,2,15,12,23,1,1,1,1,1,1,1,8,23,4,1,1,14,7,1,1,6,1,1,1,1,11,13,1,1,10,1,1,4,1,1,9,12,1,13,1,10,18,1,1,10,1,15,1,10,1,1,11,1,11,1,1,15,9,5,1,37,9,3,1,17,4,14,1,10,1,1,1,20,4,5,1,11,5,21,12,23,19,1,1,14,1,1,1,1,1,1,6,20,1,23,14,30,17,1,1,10,13,1,1,15,15,14,17,3,2,1,2,1,1,17,20,1,1,10,6,15,16,1,7,1,1,1,1,1,17,10,2,2,5,1,7,8,7,1,15,8,10,13,1,13,21,10,1,1,11,5,1,6,23,1,1,1,1,1,13,1,10,8,15,1,27,1,1,11,1,11,7,15,19,9,1,6,1,1,6,11,1,1,8,8,1,1,1,13,1,17,10,17,1,1,18,1,11,9,1,1,9,1,1,1,7,11,1,1,1,8,1,1,12,11,16,16,1,10,1,1,9,10,1,15,17,10,11,1,8,1,1,1,1,15,1,1,2,1,4,1,1,6,9,1,12,1,1,15,20,1,1,8,1,1,8,1,9,13,1,13,1,1,9,10,17,14,23,8,1,1,11,1,17,10,8,22,1,1,1,18,17,1,6,16,1,1,23,13,1,1,1,11,12,1,1,7,23,1,1,8,1,1,16,1,10,16,1,1,1,1,1,1,1,10,31,4,1,1,18,16,1,1,15,6,1,12,13,1,1,16,19,16,13,7,1,1,13,9,30,1,1,16,1,5,15,15,2,11,1,20,1,1,10,1,13,1,1,1,11,10,1,1,16,1,1,17,20,1,9,18,1,19,14,1,1,14,14,1,4,5,1,2,1,8,1,1,20,1,8,1,1,15,1,17,17,1,16,1,1,1,1,1,3,1,1,1,11,17,1,9,2,18,11,1,2,1,10,6,11,1,9,1,4,16,1,21,3,1,1,8,18,12,1,140,9,10,1,1,7,10,8,1,7,13,1,1,13,13,1,1,1,1,1,1,1,5,1,6,1,14,9,2,1,1,1,4,11,13,1,1,1,1,14,1,8,1,1,9,45,1,10,14,12,17,7,1,10,1,1,15,22,14,1,18,1,22,7,2,1,1,5,6,13,1,9,6,1,9,11,12,1,29,1,10,12,1,7,1,17,1,4,13,12,18,1,1,2,1,11,1,1,1,10,1,13,1,1,1,36,24,1,1,1,1,16,1,1,1,16,1,1,1,1,5,1,1,10,21,1,1,1,7,14,1,1,1,13,79,17,1,2,1,1,1,21,1,1,1,12,12,2,1,18,1,1,11,7,7,1,10,1,11,11,4,6,15,13,1,1,1,1,3,6,1,1,15,15,21,1,1,1,1,18,1,9,3,1,1,13,1,1,1,1,1,1,1,1,1,17,3,1,13,1,13,9,18,1,1,18,15,17,11,4,1,1,1,10,13,1,1,1,1,1,13,2,9,2,1,14,18,18,12,14,1,8,1,1,17,85,24,14,12,1,1,56,1,1,1,1,11,1,17,1,17,13,15,15,1,1,1,1,8,15,24,1,19,2,1,11,1,9,1,57,10,22,1,6,16,16,1,5,1,15,1,1,1,1,3,12,11,13,18,1,5,20,1,18,8,19,1,1,1,17,14,10,1,18,8,2,15,18,1,1,4,5,15,11,12,1,1,9,1,21,12,35,11,8,1,22,1,11,6,11,2,1,12,1,13,7,2,1,1,12,1,19,15,1,15,10,9,16,3,1,1,11,1,1,31,10,1,11,1,1,1,1,10,1,1,7,1,13,1,1,10,1,11,14,5,1,19,11,14,1,1,1,13,2,12,9,7,9,14,1,1,1,1,13,23,1,1,16,2,1,1,1,1,1,9,1,1,14,10,12,1,15,2,7,1,19,1,1,15,19,1,1,22,1,13,1,6,1,14,1,14,2,1,1,1,9,1,2,1,1,8,1,10,13,1,1,28,12,1,1,18,11,6,1,8,18,1,9,1,1,1,1,16,12,1,13,9,11,11,6,16,1,1,7,1,13,7,10,1,5,2,9,12,11,18,1,1,1,1,1,5,12,1,1,1,12,1,17,1,16,7,17,1,1,4,8,1,9,11,1,10,12,8,13,9,1,20,20,16,1,1,10,1,1,16,10,1,1,11,1,31,12,1,15,1,1,1,10,104,1,1,1,1,14,1,14,8,91,1,10,1,14,19,1,12,1,30,1,12,1,10,1,22,1,1,1,1,1,9,1,18,12,1,2890,1,1,1,12,1,9,17,16,7,10,1,17,1,13,16,1,12,1,1,10,1,2,1,10,2,1,9,1,1,11,14,1,1,1,24,10,1,18,1,1,1,19,1,16,1,30,1,1,16,98,17,11,1,14,11,1,1,1,20,19,9,1,6,12,1,1,1,1,17,16,1,1,16,16,1,7,14,8,1,1,1,1,1,1,12,12,6,11,10,1,16,8,38,14,17,1,1,1,14,14,1,12,1,8,1,15,1,1,18,14,14,18,13,14,14,2,1,11,65,1,15,1,1,9,1,1,1,11,14,15,9,21,13,1,11,20,10,5,15,1,13,16,7,1,15,1,1,13,1,6,15,1,1,4,12,7,1,1,9,13,12,11,1,8,11,20,11,6,1,29,2,1,1,1,1,1,1,4,1,1,19,16,9,1,1,1,1,1,9,1,17,21,12,1,12,1,1,11,1,18,5,8,1,15,86,1,14,1,16,2,14,5,10,20,13,1,1,13,11,1,1,9,1,1,13,10,3,1,8,2,1,13,6,8,1,17,1,2,10,16,1,14,9,9,9,6,1,21,7,18,1,1,1,1,1,15,1,13,7,13,5,1,4,1,19,1,1,11,16,7,1,9,25,291,14,1,1,3,16,1,20,16,11,2,1,13,13,15,1,85,1,1,1,1,1,1,1,1,14,9,14,15,10,1,1,1,23,13,13,1,1,12,1,1,5,16,10,9,9,1,17,1,14,10,13,10,1,13,1,18,1,5,5,1,1,1,12,1,6,21,1,13,1,16,11,1,5,17,1,11,19,1,4,1,1,13,1,1,10,14,15,11,1,19,1,5,11,1,1,11,16,8,64,1,1,1,11,18,20,16,14,21,1,1,7,8,1,16,14,2,1,5,1,15,20,9,1,1,9,6,1,11,11,17,1,13,12,1,4,6,1,13,13,5,26,1,1,2,7,6,22,9,1,16,1,17,1,1,1,1,2,1,1,9,17,12,1,1,1,1,1,1,1,13,18,1,1,6,10,10,2,16,10,14,1,17,3,25,1,1,18,12,10,12,1,19,1,1,2,15,7,33,1,7,1,18,17,1,14,8,11,18,1,1,6,12,1,1,15,1,117,1,1,1,9,1,14,1,8,16,13,1,8,1,15,1,65,15,1,2,14,13,14,14,20,14,6,1,1,23,18,6,2,1,1,7,16,1,13,1,10,1,1,1,5,11,1,1,10,3,27,15,1,1,13,12,1,1,1,13,1,1,1,13,1,1,1,1,1,21,9,4,1,1,21,7,17,1,1,1,10,1,15,1,12,1,1,10,17,1,17,1,17,1,13,15,11,1,17,5,16,9,1,1,1,9,1,12,1,1,19,1,11,1,1,1,13,15,10,16,11,11,1,10,9,13,1,1,12,16,620,1,12,18,12,1,1,15,1,1,1,1,9,1,1,18,10,1,1,1,1,1,12,19,1,13,10,13,10,8,1,1,12,13,15,1,6,11,1,21,1,1,1,2,14,2,1,16,1,1,13,1,12,4,1,1,12,14,6,2,16,10,1,19,12,1,1,1,108,12,1,1,1,1,1,1,17,1,7,7,1,19,10,1,8,8,1,5,14,1,1,1,13,1,15,13,11,9,1,1,1,1,1,1,1,1,11,18,34,1,10,4,6,11,2,1,10,24,12,4,11,1,1,12,1,1,1,9,1,11,13,2,1,1,1,1,1,12,10,2,12,1,1,10,14,1,1,11,18,20,6,1,13,9,15,1,1,7,16,16,6,1,1,1,5,1,38,1,1,2,7,15,13,20,1,16,1,9,20,14,1,1,10,12,15,15,9,3,1,1,1,9,1,1,8,1,1,16,1,1,1,9,1,13,1,1,14,4,24,1,1,2,1,7,12,31,4,110,1,10,1,23,12,1,7,14,19,8,19,12,1,12,1,12,1,14,1,1,12,17,1,14,6,1,1,1,1,5,16,8,1,1,1,10,6,14,10,14,1,1,12,11,7,14,1,11,1,14,1,17,1,1,1,11,1,1,15,1,17,13,1,6,20,13,1,17,1,1,1,1,10,11,8,10,15,1,19,1,1,1,1,1,5,23,14,4,11,6,1,1,1,22,15,18,1,16,22,1,1,1,15,10,7,12,1,1,18,1,1,7,8,1,1,1,5,1,1,14,1,2,16,11,8,1,1,15,1,1,1,1,1,10,14,12,1,2,1,5,1,1,16,1,1,12,11,11,1,14,12,1,1,18,14,7,13,6,1,1,1,1,1,1,11,12,10,7,1,1,1,1,6,15,11,95,1,1,87,8,1,8,1,7,17,20,12,15,11,7,3,1,89,1,23,1,9,16,1,12,1,30,1,8,1,1,2,15,9,1,15,14,13,1,1,18,6,27,15,1,1,1,11,1,10,12,9,1,13,10,1,12,14,11,6,5,1,15,1,1,12,9,12,1,1,5,39,2,14,1,1,1,16,12,1,1,1,18,16,22,16,1,1,16,1,1,1,1,1,6,1,11,1,15,1,183,15,12,4,25,9,13,14,250,1,1,1,1,1,32,5,1,11,13,13,21,7,1,1,1,14,1,13,1,4,1,13,1,3,5,1,112,1,8,10,17,10,14,10,1,16,13,12,1,15,12,5,1,1,1,11,9,1,29,8,1,1,1,17,33,16,1,10,19,14,2,21,1,1,1,1,9,14,1,1,1,14,8,1,1,9,18,1,17,7,14,1,1,16,16,14,1,12,1,1,13,2,1,1,12,1,1,17,11,2,2,17,9,8,22,1,15,12,1,19,22,1,79,11,1,12,2,1,16,1,1,1,3,15,8,20,12,1,1,2,14,1,13,3,1,1,1,1,1,7,1,1,1,1,8,14,1,7,27,13,1,10,17,44,1,1,1,1,3,1,1,15,15,11,17,1,12,12,1,1,1,11,17,1,1,1,2,11,16,1,1,23,13,1,1,1,1,1,16,11,14,1,16,19,19,15,1,1,1,1,1,8,15,16,21,7,12,8,15,14,1,1,1,12,6,1,6,14,5,6,16,1,1,11,1,15,10,18,1,1,1,1,1,9,2,8,7,1,1,18,1,1,15,5,1,15,1,1,16,1,1,1,14,15,1,1,16,3,21,13,10,1,1,1,1,1,19,10,1,2,19,12,11,1,1,11,1,11,1,1,1,1,1,1,13,12,15,12,12,23,1,1,1,8,10,6,12,10,1,1,9,12,12,11,1,17,1,9,9,10,12,1,10,1,4,1,18,8,12,1,8,19,1,11,1,20,1,3,10,1,1,12,1,1,13,1,1,4,12,9,15,1,19,10,12,3,18,6,1,1,1,13,1,12,1,11,14,11,9,1,1,16,1,1,13,1,1,1,7,1,11,1,1,2,10,19,1,1,1,1,1,1,1,3,18,13,1,1,11,12,1,1,3,1,1,1,2,1,13,4,3,24,62,1,18,1,1,1,1,10,14,15,21,1,11,10,1,34,20,10,1,14,1,1,1,1,33,1,9,1,14,1,1,1,1,1,1,1,9,1,1,9,13,1,1,10,2,1,1,1,15,1,1,2,28,14,1,1,1,4,2,7,1,12,18,1,1,14,1,8,9,18,16,1,14,1,20,14,18,1,8,1,1,1,14,1,14,1,18,1,1,16,11,1,7,10,12,15,1,21,1,1,1,14,13,16,3,1,10,12,1,1,1,1,1,1,8,3,1,13,1,17,14,1,16,9,17,1,1,1,17,10,7,22,1,16,1,1,10,5,1,1,7,1,1,14,1,1,1,1,1,1,8,1,1,1,80,7,1,9,11,1,1,1,15,1,1,1,11,1,8,14,1,16,15,1,18,8,15,10,15,10,10,1,1,18,1,1,8,1,15,40,1,66,13,1,1,17,13,8,1,1,24,2,21,1,1,1,11,9,1,9,30,1,9,15,1,7,1,1,1,1,6,11,12,6,18,10,13,1,1,1,18,10,11,11,25,6,1,1,13,9,20,1,9,1,1,15,14,9,2,17,10,1,10,1,1,1,7,13,2,1,16,1,11,1,1,22,1,1,14,12,12,14,1,17,12,1,1,1,15,17,1,1,26,11,7,20,10,12,1,1,16,1,1,1,1,1,1,14,1,1,17,1,1,1,2,15,6,14,19,17,1,19,1,1,1,211,15,2,1,8,12,14,9,1,11,1,4,22,19,1,23,1,5,13,9,12,1,1,13,1,18,1,1,1,19,6,14,1,1,1,16,8,14,1,17,1,1,1,1,14,12,14,1,10,8,1,1,5,8,1,6,1,1,11,16,1,1,13,24,15,1,1,9,22,12,19,1,1,17,14,12,12,12,17,13,1,1,1,1,1,6,1,15,9,4,1,1,1,1,12,1,1,15,11,12,1,7,1,6,1,12,1,14,1,7,1,22,14,11,11,9,7,16,1,12,13,1,1,11,1,11,18,11,2,1,13,16,5,1,1,1,1,14,2,1,12,19,1,1,1,1,7,1,14,1,21,14,12,13,1,1,1,15,1,16,1,12,15,16,8,9,13,5,1,1,1,1,13,12,15,90,14,1,10,1,1,1,1,1,34,1,10,13,10,1,1,1,9,1,8,1,1,1,1,1,14,18,1,1,68,1,1,1,18,1,1,1,6,1,6,1,1,9,9,5,2,1,47,6,10,1,13,9,20,9,10,13,1,9,82,14,1,1,1,1,19,1,1,11,1,1,1,7,21,7,11,11,1,10,1,12,16,3,12,1,7,1,22,1,3,1,1,13,1,4,1,1,1,10,16,1,1,1,11,11,1,1,12,1,1,1,10,1,23,2,1,14,10,1,1,1,1,12,14,10,1,1,16,4,1,1,1,1,1,1,1,1,17,16,16,10,20,1,60,1,1,1,1,22,1,1,17,1,7,12,18,1,1,10,79,9,18,1,1,13,1,1,2,22,1,1,11,1,1,17,1,1,1,1,6,11,1,1,1,1,19,12,33,1,7,1,1,8,13,3,1,1,14,1,13,10,6,8,11,8,1,1,1,1,1,1,18,1,1,6,1,1,9,1,14,1,19,11,1,1,1,1,21,7,1,15,4,11,16,1,1,1,1,1,2,1,1,1,1,25,1,11,9,9,18,1,16,1,1,1,2,5,1,1,1,1,1,13,1,3,1,19,12,9,1,1,1,14,1,1,27,6,1,15,1,8,7,9,17,6,12,1,5,1,1,1,1,1,6,6,7,8,1,12,9,1,1,14,7,1,1,12,1,1,1,1,11,1,10,1,10,1,10,1,1,1,9,1,1,4,17,19,1,13,1,1,1,17,1,1,1,1,12,16,1,1,1,1,1,2,1,14,1,1,8,15,1,1,17,18,4,32,16,1,1,1,1,15,7,1,2,1,3,14,14,1,1,11,6,38,1,12,1,9,1,1,1,1,1,3,1,7,10,12,6,1,20,1,11,10,1,1,12,1,20,13,12,1,16,15,1,1,1,1,1,23,1,1,14,1,1,1,1,1,1,1,1,1,1,1,1,1,11,14,1,1,17,1,1,1,1,1,16,3,1,1,11,1,1,14,1,9,1,54,1,1,1,2,1,1,1,21,10,1,1,1,17,17,1,1,3,1,14,10,6,14,1,1,5,1,1,17,1,1,1,1,2,17,9,8,33,22,22,1,9,4,1,1,13,1,1,16,1,1,1,15,20,15,12,6,1,5,1,9,12,12,1,12,1,28,1,3,1,14,12,15,1,1,1,867,16,1,12,4,1,13,1,1,11,1,17,13,5,28,1,17,10,14,1,1,21,1,28,1,1,1,12,1,1,17,1,9,1,1,10,2,8,14,13,3,1,16,1,10,12,12,1,1,12,11,1,17,6,2,1,1,8,11,1,6,22,8,10,9,1,12,10,18,1,10,2,1,1,6,1,1,1,17,13,5,11,16,11,13,9,13,1,11,1,1,31,19,18,15,10,1,1,1,1,1,1,12,1,6,1,13,1,1,1,1,1,3,1,9,1,9,2,1,12,5,22,12,1,1,18,1,1,12,16,1,1,1,26,1,23,1,16,10,6,4,9,11,1,1,18,12,1,1,1,12,1,1,1,1,10,13,1,1,1,1,1,10,1,1,13,1,9,1,12,26,8,12,1,6,1,1,1,1,3,31,9,13,1,4,1,15,1,19,1,1,6,1,1,16,2,1,1,19,10,26,1,21,9,2,1,1,1,1,84,1,1,1,9,1,10,2,7,10,10,13,16,9,9,9,1,1,1,15,1,5,15,3,1,16,1,1,14,12,1,6,18,1,1,1,14,97,8,1,2,19,8,11,14,9,13,1,18,1,1,1,1,43,7,9,11,18,1,17,27,1,8,12,1,1,1,12,1,5,15,7,26,12,1,1,13,14,1,1,1,11,15,2,1,1,1,1,1,1,1,1,9,1,15,1,11,1,1,1,1,16,1,8,14,1,23,13,1,1,1,1,17,4,5,1,18,14,1,8,1,1,1,11,19,6,13,1,1,14,1,14,13,41,26,15,1,1,7,1,33,13,1,1,9,15,1,1,14,1,1,16,8,12,18,1,1,21,1,1,8,11,6,22,9,2323,53,1,1,1,17,9,1,15,1,1,1,1,1,24,1,1,24,14,1,1,19,1,1,1,1,19,1,1,20,1,15,1,8,15,21,23,1,8,1,26,15,1,11,13,11,13,1,1,9,1,1,7,8,51,79,9,13,10,3,14,20,7,1,10,1,11,1,21,1,1,9,10,1,1,21,45,1,1,1,22,1,1,1,1,3,10,1,10,6,1,1,18,13,16,1,7,1,11,1,1,1,5,1,9,1,1,65,1,9,14,1,13,1,301,1,1,1,1,1,1,23,1,1,16,14,1,15,10,11,8,1,2,1,1,1,1,1,1,16,1,12,1,9,6,1,13,11,15,1,9,1,14,1,1,1,9,1,1,1,15,1,16,81,1,1,16,1,1,1,20,1,1,17,8,11,14,1,6,10,1,12,1,11,1,15,15,1,10,1,1,1,1,16,13,1,9,1,23,13,1,1,1,11,1,1,1,1,1,1,10,1,1,9,10,3,1,1,1,1,16,12,15,1,15,7,10,9,1,1,23,11,1,13,8,1,1,1,1,4,85,1,15,1,1,1,1,1,1,6,1,10,1,12,1,1,1,2,1,12,2,1,1,9,10,1,1,11,125,1,1,1,1,1,4,1,1,12,1,14,1,17,6,12,1,12,15,17,1,1,13,13,15,12,1,16,1,1,1,9,1,18,1,12,25,1,1,12,12,1,16,14,10,1,1,1,1,1,1,31,10,19,8,12,12,1,12,12,1,76,2,1,18,1,16,5,9,1,1,1,1,1,10,26,7,11,1,1,11,1,10,23,1,2,18,7,36,1,1,14,1,21,1,12,1,1,1,1,13,25,13,13,17,1,19,24,3,1,12,4,1,13,1,1,11,12,14,10,8,1,13,12,2,20,1,1,13,1,15,15,11,1,16,1,7,26,9,12,14,1,13,23,1,1,9,7,9,1,1,1,15,12,7,10,1,3,1,9,11,14,1,1,5,1,14,14,1,15,15,1,1,27,1,9,11,9,12,1,11,1,1,1,1,1,1,8,1,15,17,1,2,18,7,8,13,2,1,10,1,1,10,1,11,7,18,3,1,20,1,15,6,14,1,1,1,16,52,1,5,9,21,1,1,1,1,13,17,19,1,1,12,8,1,1,1,2,1,1,1,16,12,4,1,3,19,19,1,1,1,25,1,1,16,8,1,1,16,12,9,5,1,1,6,1,9,1,11,1,1,14,7,1,1,10,10,1,1,1,6,15,1,15,1,134,1,1,1,1,1,1,13,13,1,14,15,1,1,15,15,17,1,1,1,14,2,1,22,1,4,1,6,4,1,24,1,1,4,7,1,1,10,1,16,1,1,16,11,4,11,1,16,8,15,2,1,12,21,19,12,1,1,12,1,1,7,14,1,1,1,8,1,15,1,1,19,1,23,10,7,1,14,9,15,11,1,14,1,8,1,20,7,1,1,10,10,14,17,3,7,5,1,3,1,5,1,13,1,11,13,17,11,8,1,5,1,1,18,1,14,11,18,1,7,9,1,1,13,1,15,1,9,9,7,1,1,1,20,17,2,17,1,19,11,11,13,1,7,22,15,17,11,1,1,11,9,11,1,10,5,1,1,8,9,10,1,6,1,5,1,15,13,14,16,1,5,20,1,15,1,1,1,14,22,1,1,1,16,1,13,79,1,1,1,1,1,1,10,1,13,11,22,15,14,1,1,13,1,1,1,12,1,10,1,21,15,14,1,1,8,47,20,1,1,9,19,1,12,1,1,16,1,1,1,16,1,1,15,20,1,1,1,1,16,1,1,98,1,15,1,63,18,1,1,12,10,1,14,14,1,14,1,8,1,12,1,1,1,2,12,7,1,11,1,7,13,1,18,1,1,16,1,13,2,7,1,1,1,1,1,1,10,1,1,1,19,8,1,8,1,1,4,1,1,5,1,1,7,1,1,18,9,18,9,21,1,3,9,1,1,18,16,1,6,10,8,10,13,20,80,19,1,1,1,22,18,1,4,1,17,9,1,15,7,1,5,13,12,20,1,8,1,15,7,1,1,25,1,16,13,1,1,9,1,1,13,1,1,1,1,13,1,11,14,1,11,1,2,1,1,1,5,10,1,12,1,5,1,1,16,1,11,24,14,1,7,18,12,1,17,7,1,12,1,1,17,1,1,1,7,39,7,1,15,1,1,8,8,1,1,1,1,1,10,9,1,1,1,13,19,7,9,14,1,1,15,14,17,14,7,13,16,1,9,17,3,19,1,11,15,1,18,9,12,1,1,1,13,9,18,4,1,1,5,21,9,1,12,23,10,15,1,9,1,1,10,20,1,1,4,13,16,8,1,1,1,23,1,13,1,4,16,6,1,15,14,10,9,13,1,1,8,1,21,1,1,15,13,1,1,13,1,1,1,13,17,1,1,14,1,12,9,1,8,1,1,1,1,1,1,17,1,11,6,3,2,1,1,1,8,20,11,14,11,1,10,1,8,16,1,7,1,1,10,12,1,7,10,5,20,1,8,21,1,12,13,13,16,1,7,8,13,5,1,15,8,15,1,21,1,9,8,1,1,2,19,10,11,1,17,1,1,1,6,12,1,15,1,1,1,13,1,11,1,24,7,11,10,8,6,1,12,1,23,1,1,7,5,14,10,6,19,15,5,11,1,1,11,10,1,1,56,1,1,1,9,5,13,11,9,1,9,6,14,20,1,1,7,7,1,11,1,1,13,12,1,1,17,1,1,1,1,20,1,1,1,9,1,19,5,1,16,14,1,13,1,1,6,1,1,17,15,12,1,1,1,16,1,5,1,1,13,9,1,1,14,14,7,1,9,1,1,20,4,1,1,17,1,9,1,13,8,13,1,1,1,1,10,15,11,14,2,14,1,35,1,1,1,1,1390,1,1,1,6,2,1,1,6,1,1,1,13,15,2,1,1,1,1,1,1,3,14,14,1,3,1,8,14,1,12,12,1,11,1,19,1,15,1,1,28,1,14,13,1,11,1,16,11,2,1,144,9,1,1,1,1,1,10,15,17,2,1,1,1,1,15,14,12,1,6,1,16,11,12,1,1,1,7,1,12,4,1,2,1,11,10,1,14,12,8,1,1,11,15,1,1,16,1,1,9,2,2,1,5,1,1,9,1,1,15,1,1,1,13,1,1,1,19,5,1,3,1,1,14,14,15,20,1,19,7,15,10,1,1,1,1,1,20,6,20,17,1,17,1,15,1,16,15,1,1,17,1,1,1,1,1,1,1,1,1,15,1,15,1,9,16,1,1,1,1,6,1,1,15,1,27,1,11,1,1,1,15,13,18,1,1,16,15,1,1,12,20,1,1,15,4,13,77,1,1,1,10,11,18,16,15,1,8,92,4,6,5,1,1,1,24,13,1,11,1,11,20,1,1,8,1,1,52,21,1,1,13,12,7,8,15,11,10,3,1,1,1,2,1,1,1,14,15,1,10,1,12,1,1,6,1,6,1,1,19,14,10,13,16,17,17,14,1,2,7,5,1,4,1,1,12,1,1,11,1,1,3,1,1,12,1,21,1,14,7,19,1,1,12,16,6,15,1,8,1,12,26,1,1,13,1,1,1,1,16,1,12,1,1,13,1,1,8,1,1,13,8,14,1,11,11,8,7,17,1,5,1,1,10,20,1,10,1,4,9,10,1,14,1,1,1,1,1,12,16,3,21,1,1,1,26,3,6,1,8,1,1,1,14,1,10,14,17,1,14,14,12,20,1,7,11,1,2,1,2,14,11,1,10,1,12,5,1,15,1,14,13,1,14,10,12,14,1,1,9,1,1,1,14,11,1,2,15,20,1,7,1,1,14,1,1,2,1,1,1,11,14,15,9,19,1,11,1,8,14,19,1,13,9,17,6,1,8,1,1,3,1,18,1,10,1,1,9,13,14,1,13,1,3,9,1,25,1,1,1,10,1,6,1,11,5,1,8,12,1,10,1,1,13,17,10,20,1,1,1,1,21,1,1,8,1,1,12,1,1,1,2,236,1,20,23,10,1,12,1,1,10,17,14,1,7,100,1,16,18,14,14,18,1,11,10,1,20,1,4,1,1,14,1,11,10,9,1,1,19,1,1,1,6,7,6,8,2,1,1,1,1,1,14,12,14,2,1,1,1,20,1,1,16,15,15,1,1,5,1,11,18,10,385,22,1,16,1,1,1,1,1,2,1,1,10,1,1,19,19,11,18,11,12,1,18,1,14,6,1,1,1,1,10,19,3,1,1,1,13,9,1,1,1,1,1,1,25,9,1,14,18,1,18,1,1,5,12,1,1,14,10,1,14,14,16,1,1,15,17,1,6,14,1,13,1,5,1,12,1,1,5,1,1,1,1,8,1,1,1,1,12,9,11,1,10,19,1,14,10,13,1,19,1,1,1,1,36,1,11,1,1,32,13,1,1,27,1,1,1,13,10,1,6,1,16,14,1,11,16,35,1,1,1,1,1,1,8,10,1,10,20,1,1,1,26,1,1,4,15,1,11,1,7,1,1,1,1,1,5,17,1,1,11,17,2,1,1,5,34,9,4,1,15,1,20,2,1,30,1,13,12,10,13,22,11,5,1,13,5,1,1,14,15,1,8,12,16,13,11,1,1,7,1,1,1,14,22,1,2,1,6,20,12,1,1,1,20,15,6,13,1,2,1,16,44,1,9,1,18,1,1,1,15,12,1,27,11,1,14,7,31,1,1,1,1,17,1,24,29,18,9,22,1,4,1,1,1,10,5,1,1,5,2,1,1,18,1,1,1,12,106,1,13,1,1,1,1,9,1,27,1,1,18,1,1,21,19,10,7,22,1,17,13,11,13,21,21,12,1,15,10,10,9,12,10,9,1,1,1,12,1,1,1,13,6,40,1,1,1,11,1,1,1,12,1,1,14,16,1,2,1,14,1,6,1,1,7,1,1,1,10,1,23,12,1,15,1,1,7,19,13,1,1,14,1,1,14,9,1,1,12,1,1,1,1,5,16,13,5,1,11,14,1,14,1,1,17,7,1,2,1,11,9,8,1,1,1,11,9,12,1,1,18,33,8,1,1,29,1,1,11,9,14,1,20,1,7,1,1,1,1,8,1,1,11,10,1,30,9,22,10,1,12,1,12,8,1,14,14,1,12,1,7,7,1,15,1,1,1,1,1,1,1,1,1,14,1,15,19,14,1,1,81,3,11,1,2,1,1,5,1,1,22,8,4,1,14,1,1,1,19,1,11,15,1,1,1,17,1,1,1,17,6,1,1,19,1,12,1,58,1,15,13,1,1,1,1,13,1,14,10,1,1,7,1,3,1,1,1,1,9,14,8,1,20,1,1,13,9,13,19,6,1,1,16,1,1,13,17,9,1,1,10,11,1,14,1,1,15,10,13,1,1,1,1,1,1,1,1,1,15,6,16,15,1,1,17,8,11,18,12,1,1,1,1,11,1,1,2,12,16,10,13,7,1,12,30,19,1,1,17,16,1,1,10,1,1,1,10,1,1,11,1,1,1,1,1,12,11,9,13,1,1,1,10,1,18,17,14,1,16,1,16,1,1,8,19,15,1,1,16,1,1,8,16,1,1,1,1,11,1,1,2,13,1,13,14,1,16,11,10,10,1,3,10,15,18,1,1,8,13,43,11,1,12,1,1,17,7,1,1,1,10,1,1,8,1,2,12,13,13,9,1,16,1,1,9,12,12,15,1,8,1,20,8,9,3,1,12,1,1,8,1,20,7,1,23,1,1,17,20,4,11,1,14,15,1,1,1,10,7,1,1,1,1,2,1,7,8,1,1,1,17,1,1,1,22,7,4,1,11,6,1,15,16,1,13,4,1,1,16,9,1,1,1,2,1,1,10,1,1,1,13,21,12,13,31,1,1,1,1,15,1,1,15,1,1,24,9,1,16,1,5,1,2,1,17,3,9,9,1,2,2,13,1,31,1,1,1,11,18,16,4,9,11,1,1,15,15,15,1,1,14,9,2,9,1,1,13,9,1,15,3,1,8,1,19,13,1,1,10,25,1,1,1,1,2,15,1,19,1,15,8,8,1,6,95,43,1,1,12,1,1,1,10,13,1,1,28,1,1,9,1,1,5,1,1,1,1,1,1,1,1,1,12,21,10,14,1,1,11,1,8,12,10,15,1,20,1,1,1,10,8,9,16,6,1,10,17,16,14,6,1,12,1,1,1,1,1,1,1,9,1,11,8,233,1,1,15,1,1,1,14,1,111,1,1,9,1,1,19,12,16,1,1,13,15,17,17,1,14,1,1,1,1,1,12,1,1,10,12,1,1,1,1,1,1,1,2,1,15,1,1,24,12,1,13,13,11,1,13,1,12,15,19,1,7,14,1,14,8,14,19,1,13,1,6,1,6,1,1,2,1,1,42,1,15,1,2,1,19,1,1,17,5,1,16,14,6,1,1,8,13,10,3,1,2,20,7,20,1,13,1,368,1,12,19,2,16,13,13,14,17,3,1,1,1,27,1,1,1,8,1,1,8,14,1,39,11,1,1,1,1,1,1,3,6,16,11,9,9,6,1,1,1,10,5,22,10,102,1,1,1,1,9,21,44,1,1,2,7,1,1,8,13,21,1,1,13,1,1,1,16,13,1,12,1,1,1,1,1,12,1,14,13,12,1,15,1,1,1,1,30,13,36,1,15,6,1,1,14,1,1,1,1,10,1,20,16,1,13,1,86,19,21,1,1,1,33,1,2,1,1,1,25,15,3,18,10,5,1,1,1,1,18,1,10,9,3,19,1,1,11,1,8,9,1,1,15,1,1,9,1,1,1,6,1,1,17,1,1,1,1,1,1,9,9,1,18,1,11,11,15,1,12,1,1,1,10,9,9,12,1,18,2,1,1,14,1,1,2,2,1,1,2,1,14,19,1,12,14,1,9,1,10,16,9,7,8,14,17,1,1,12,1,1,15,34,1,16,10,4,1,20,2,2,7,1,19,11,1,22,11,12,8,1,17,14,1,8,13,1,10,1,13,14,1,1,1,10,11,1,1,1,16,1,1,2,6,1,14,7,1,1,1,14,9,1,1,17,1,13,18,12,1,1,1,9,1,11,1,1,10,12,14,1,15,7,1,10,1,18,1,7,12,13,1,1,1,1,1,7,1,1,10,17,9,14,19,1,9,15,1,1,9,11,15,1,9,1,1,9,1,1,16,15,1,7,15,12,12,1,1,12,1,1,23,1,17,12,1,1,1,1,1,1,14,22,1,14,17,14,1,8,10,1,1,1,16,1,1,15,1,17,17,9,20,20,13,1,14,8,9,12,14,5,6,15,1,1,10,8,1,1,23,16,1,1,1,12,7,17,19,12,10,1,1,10,13,11,1,23,1,1,1,1,18,2,1,11,1,1,13,108,8,19,1,1,5,1,1,2,16,1,1,10,10,3,8,16,7,11,11,11,1,16,84,13,1,1,1,1,1,6,1,1,1,10,1,16,11,12,1,8,8,10,12,1,13,1,1,1,1,17,1,36,9,14,18,106,1,1,1,6,1,1,1,1,1,1,24,19,1,12,20,1,15,1,1,18,1,1,6,1,20,9,1,1,5,1,1,1,1,7,13,1,1,1,8,11,1,1,1,1,1,12,1,1,8,12,17,15,1,1,11,8,1,16,18,1,14,1,5,10,12,6,10,1,10,11,1,1,1,1,14,1,1,1,13,8,1,16,6,1,10,1,1,12,1,1,2,1,1,9,13,9,1,1,11,1,1,1,1,1,7,1,12,1,1,1,12,1,10,10,2,12,1,1,12,15,14,15,1,4,1,1,15,1,36,1,20,25,13,1,15,16,42,1,16,1,15,1,12,14,21,16,1,29,13,1,1,9,12,1,1,16,11,13,19,13,9,13,14,16,1,18,1,1,10,20,12,1,10,8,15,1,7,1,1,7,21,10,8,3,1,10,1,13,1,9,8,1,3,13,10,5,1,1,1,1,9,1,1,1,14,18,14,16,14,1,1,10,1,1,1,24,1,11,1,12,1,14,1,1,1,1,8,1,7,1,1,1,8,11,1,1,8,5,1,1,1,1,12,10,1,11,1,1,9,15,16,11,1,15,1,11,1,8,14,14,18,1,10,1,1,1,11,1,6,10,1,2,1,1,10,1,36,2,17,12,21,14,19,24,1,7,1,17,8,10,26,1,1,11,6,22,1,2,8,13,21,6,12,1,1,1,9,1,6,9,10,1,27,21,14,1,11,115,11,1,1,1,11,1,12,1,8,1,19,10,1,1,15,9,9,14,24,1,1,6,21,24,1,12,1,10,14,18,1,1,1,13,1,4,1,1,1,20,1,10,9,1,1,19,1,1,1,1,1,9,12,1,13,1,7,5,11,1,1,15,75,17,1,1,12,15,8,1,1,1,1,16,2,10,3,1,6,1,18,15,1,1,1,1,1,10,15,1,12,8,16,15,16,9,13,1,1,9,1,16,10,4,3,1,1,11,1,9,13,5,1,18,1,1,1,28,11,14,13,1,33,10,12,4,13,11,10,1,1,1,9,14,22,10,27,11,1,1,19,1,1,3,1,1,120,1,1,1,5,1,1,9,15,7,33,7,1,12,15,1,16,1,19,95,5,17,11,45,2,14,1,15,1,14,1,8,17,1,1,3,1,10,11,1,1,25,13,1,12,11,1,6,1,11,7,1,10,1,1,1,1,5,1,1,19,1,16,1,9,10,1,14,1,1,1,1,15,12,11,1,9,1,1,1,1,9,7,1,1,1,1,162,11,1,13,10,1,9,1,1,1,13,18,1,18,1,1,3,1,4,9,1,13,1,1,9,14,10,17,1,1,8,1,14,1,10,11,1,1,11,1,10,14,1,1,1,1,11,1,1,1,1,13,9,1,10,1,5,11,21,15,3,1,1,17,8,1,1,11,1,1,1,1,16,1,1,9,23,13,4,10,1,1,8,1,13,6,18,18,15,1,1,15,1,1,1,8,1,14,1,10,6,1,12,13,1,1,15,13,1,1,15,12,22,1,1,16,1,1,16,1,1,12,1,10,1,9,2,10,9,7,15,1,13,1,3,1,8,1,9,17,13,1,7,11,1,15,15,11,7,1,1,1,15,1,13,20,4,13,6,28,1,11,9,10,30,15,13,1,1,12,14,13,12,1,1,14,102,9,13,10,3,17,1,13,8,7,6,1,6,1,1,1,1,1,1,1,15,11,11,7,8,13,12,1,16,10,10,1,15,1,10,7,15,1,2,17,2,1,1,1,1,15,14,13,1,13,1,1,1,16,13,1,12,1,3,14,8,1,1,1,10,13,1,5,1,1,19,1,10,1,1,14,1,18,1,1,61,1,10,2,1,1,3,11,3,12,1,1,38,1,11,19,1,11,1,1,7,11,8,1,1,8,1,366,9,1,1,1,72,5,1,12,1,16,1,4,8,16,17,12,19,1,12,1,4,1,17,1,12,1,1,8,1,8,1,10,1,1,15,1,15,1,1,17,1,1,9,10,13,8,1,1,5,11,14,1,14,1,1,14,2,1,1,60,5,1,12,12,8,11,1,2,8,1,9,12,18,8,1,1,1,109,1,1,12,1,15,28,17,16,20,17,1,1,1,15,11,2,1,1,2,1,1,1,27,8,1,1,10,1,14,11,9,1,10,1,15,12,1,11,1,1,4,11,1,1,1,20,1,56,11,1,10,1,1,1,7,14,1,1,12,1,12,1,1,19,1,1,22,24,17,1,11,80,11,1,15,1,1,1,4,13,13,1,9,1,1,16,1,1,10,10,4,1,15,1,1,1,12,5,1,16,11,11,1,1,17,13,9,1,5,15,1,2,1,9,11,1,5,1,8,18,1,1,1,6,7,1,13,1,1,1,20,18,15,10,1,11,1,11,24,3,1,73,1,10,9,1,1,4,1,17,13,1,1,1,1,1,10,16,14,1,5,7,11,9,10,10,8,6,1,1,8,1,16,8,18,14,7,20,1,17,1,1,22,10,1,15,9,1,1,1,1,1,9,16,24,10,1,18,2,1,1,1,1,23,12,8,11,1,9,14,1,17,1,1,112,1,18,9,7,4,1,1,1,1,1,1,16,18,1,11,15,1,13,13,6,1,11,71,1,1,2,10,1,17,15,1,1,1,24,9,20,12,10,11,1,1,1,1,1,15,34,1,10,1,16,9,9,1,1,1,87,1,11,7,1,15,1,1,11,1,13,12,1,13,1,13,38,14,1,18,1,10,9,1,14,1,9,4,1,14,7,13,1,15,14,1,1,1,1,15,16,1,9,1,1,1,9,15,7,2,1,1,1,1,11,1,28,1,1,13,1,20,11,1,1,1,12,1,2,12,11,1,12,1,1,16,1,12,12,1,7,1,11,1,18,12,7,8,1,21,1,17,1,1,34,1,1,14,1,9,13,1,1,8,1,24,19,15,14,12,1,1,8,1,17,1,16,15,1,7,10,2,1,1,1,10,15,1,1,18,1,1,1,4,1,1,4,10,16,4,1,1,1,1,1,1,1,24,1,1,12,1,1,1,15,1,1,1,14,8,1,4,12,5,13,1,9,10,13,10,15,1,1,24,8,13,6,15,2,1,16,16,37,1,8,1,1,1,1,1,6,11,6,1,1,9,1,1,8,9,10,1,17,12,1,5,1,5,9,10,1,10,24,16,14,1,1,16,1,1,2,9,32,10,11,1,8,1,10,1,27,1,1,6,18,8,1,10,10,9,8,1,1,13,1,1,7,3,2,17,1,1,1,21,25,1,1,1,20,1,42,1,1,8,1,1,9,13,20,1,1,1,1,1,1,1,19,10,1,1,8,15,1,11,17,1,13,5,2,6,1,9,1,15,11,1,7,16,13,8,1,4,1,14,12,1,2,20,1,16,1,1,11,12,20,1,1,12,1,1,1,1,13,15,1,1,2,1,11,17,13,1,1,18,7,1,2,18,1,10,16,1,1,1,42,1,1,1,1,1,12,7,15,7,1,11,22,1,1,18,1,5,1,16,38,6,1,11,1,8,1,31,1,1,12,18,13,9,1,7,16,9,9,4,1,13,12,10,24,1,1,13,1,19,11,22,1,1,21,1,17,17,77,1,1,9,9,1,7,15,14,1,1,1,17,178,1,1,18,9,1,1,1,1,7,13,13,13,8,15,21,16,1,1,11,1,19,20,15,22,1,1,13,1,1,1,17,1,22,11,1,1,1,1,1,12,1,1,11,16,17,1,8,1,1,1,24,7,1,1,23,1,9,13,25,17,7,1,1,1,1,17,26,15,1,1,15,7,9,1,1,1,15,6,1,1,1,3,9,2,120,1,1,11,1,1,2,1,18,17,1,3,15,10,1,10,17,8,1,9,1,11,11,1,7,2,1,9,3,5,2,1,10,18,7,1,1,1,62,1,13,1,1,1,10,1,11,1,18,1,1,10,7,7,1,1,17,16,29,3,1,16,15,2,1,1,1,1,2,1,1,14,1,2,10,17,1,7,1,1,12,1,13,1,1,1,1,1,7,1,10,15,13,15,1,1,18,25,21,17,1,9,1,18,14,1,1,10,7,1,110,17,18,1,1,1,14,1,1,1,10,1,14,8,1,16,1,8,1,37,14,23,1,1,1,20,1,14,1,15,23,1,1,22,12,1,9,5,15,1,1,1,1,1,7,1,1,1,1,1,11,7,15,1,1,1,14,10,8,8,1,1,9,10,1,9,1,1,2,1,70,2,1,9,1,1,6,1,18,16,10,1,1,1,41,1,2,3,1,1,8,8,13,1,16,1,11,10,1,1,14,9,1,14,1,1,1,13,1,15,1,11,12,15,4,27,1,17,1,11,16,1,2,27,1,14,1,1,1,18,5,1,66,1,1,1,1,12,9,1,12,1,11,1,1,1,1,1,1,1,13,13,1,1,1,14,1,9,1,15,1,17,10,1,11,1,29,1,6,1,5,1,1,16,16,8,13,1,1,13,8,14,11,14,1,13,1,8,2,11,1,1,8,1,1,19,1,11,1,24,14,13,1,13,1,4,1,1,1,1,23,17,11,17,15,1,1,15,7,19,14,1,1,1,1,1,1,1,17,1,18,1,1,15,1,1,1,1,8,1,1,17,1,1,2,15,1,12,1,1,1,9,1,1,10,1,1,1,1,1,21,4,1,20,1,1,1,6,18,9,1,12,1,9,1,1,1,19,1,12,15,16,1,9,13,1,1,12,6,10,1,12,1,1,15,9,23,17,8,23,20,1,1,17,8,1,6,1,1,4,7,1,1,1,11,1,1,14,7,1,1,1,20,15,21,22,14,1,1,5,20,1,1,1,15,1,1,15,64,1,1,16,16,11,8,17,1,17,1,1,1,1,1,1,1,4,1,1,1,8,17,1,12,16,16,5,1,26,13,1,15,13,9,106,10,15,1,1,13,1,20,10,20,1,1,1,1,12,7,1,17,1,13,8,1,1,16,6,1,1,10,1,1,6,1,1,1,1,26,14,1,1,10,1,12,12,6,1,1,1,20,1,1,18,11,1,13,1,10,14,1,1,20,17,1,1,13,5,18,7,1,1,1,1,7,1,10,1,31,1,14,11,7,15,1,15,22,26,1,1,10,4,1,1,1,3,18,17,1,14,1,17,15,1,15,2,20,11,23,15,14,1,3,1,1,1,15,7,1,10,1,1,1,13,8,8,19,11,14,1,1,13,28,13,12,14,1,1,12,19,1,1,10,1,6,19,15,13,13,1,1,1,10,8,18,8,16,12,1,13,1,9,8,6,1,16,29,1,5,9,13,6,1,12,16,10,17,2,1,4,4,1,1,1,11,14,1,9,9,9,1,1,1,1,4,4,1,1,18,1,1,1,1,19,1,16,5,28,1,1,1,1,2,7,1,1,1,8,14,1,11,11,8,15,1,1,1,1,9,1,1,9,5,7,1,1,1,1,9,7,12,12,20,1,1,1,2,1,1,17,4,12,9,10,1,1,1,2,14,1,1,2,1,1,11,1,10,10,9,22,1,1,1,14,1,11,12,9,2,1,18,18,1,1,26,9,4,13,1,1,1,1,1,17,1,18,1,11,1,27,1,12,1,1,1,1,1,21,12,1,1,18,9,1,2,29,3,9,13,12,14,9,8,9,1,11,1,1,8,1,1,6,10,1,36,1,8,1,18,16,1,1,1,1,1,68,1,1,38,17,1,1,11,1,6,16,1,22,1,16,18,1,1,1,22,2,14,1,1,16,1,1,14,1,1,8,12,1,22,1,1,4,11,5,1,14,1,1,6,9,3,15,15,9,13,1,1,15,1,16,31,13,14,1,11,11,12,1,1,1,1,1,1,19,2,11,1,1,1,1,30,14,14,17,1,1,1,8,10,1,13,12,1,1,1,14,1,1,20,1,1,1,9,1,1,13,11,1,1,9,15,1,1,9,13,1,3,1,21,1,1,4,12,1,12,8,3,11,1,1,8,18,1,8,1,14,10,1,1,1,1,1,16,1,20,14,1,1,16,1,8,1,7,1,1,1,1,10,1,7,1,1,1,14,11,1,1,1,11,11,1,17,18,1,6,7,1,9,13,7,1,1,15,17,7,1,1,2,5,1,9,5,14,1,10,3,1,1,7,21,1,8,1,1,9,1,1,1,1,4,1,11,46,1,24,19,1,1,1,1,1,1,15,30,1,14,15,6,10,17,9,1,1,12,12,1,15,1,8,1,14,1,8,22,9,13,25,15,8,8,1,5,11,5,10,5,5,1,1,1,20,1,1,15,7,1,1,11,8,8,1,1,8,16,1,15,8,1,1,14,1,1,1,12,1,1,1,1,1,9,1,1,17,22,1,10,1,7,6,1,1,12,8,9,8,16,12,13,1,1,11,5,11,1,9,1,12,8,10,1,12,1,1,1,1,1,7,11,14,5,14,17,13,10,7,1,19,11,1,13,1,1,1,40,1,10,15,17,1,15,9,1,11,19,22,11,9,1,1,14,4,18,16,1,7,1,15,20,1,1,13,23,15,1,18,4,1,13,12,1,12,15,1,9,1,16,1,1,15,10,1,1,15,1,1,13,22,84,18,1,1,13,9,1,1,14,19,1,4,13,12,1,17,1,11,14,19,1,1,11,1,2,1,15,12,1,1,1,13,8,1,20,1,1,9,1,1,9,1,1,11,1,1,1,1,5,13,1,10,16,5,1,13,1,14,1,1,2,11,14,1,1,1,11,10,14,6,1,1,13,5,1,1,26,6,16,9,1,7,12,6,1,1,1,12,15,1,18,1,21,9,36,1,10,12,1,11,1,1,9,1,10,1,1,10,17,13,17,1,21,1,13,82,1,17,10,1,13,1,28,1,1,1,1,17,1,3,11,14,14,19,7,5,1,1,1,50,12,1,13,23,1,1,7,13,1,1,1,1,1,10,3,1,5,1,1,6,13,13,17,12,8,9,1,11,14,12,1,1,16,1,18,13,1,1,11,1,1,22,1,2,17,19,1,8,1,1,18,1,14,10,14,9,1,1,11,1,1,1,4,155,9,8,8,8,1,2,1,2,8,1,1,7,1,3,1,7,1,1,23,13,16,15,19,4,1,1,1,6,1,18,31,8,2,1,1,16,12,1,12,19,9,6,2,1,14,1,40,15,1,1,9,1,1,9,1,1,1,12,1,11,1,1,1,1,1,13,11,1,1,13,1,1,1,14,8,12,1,1,1,8,18,1,1,1,12,1,1,6,8,1,29,9,9,5,6,1,17,1,12,10,41,1,1,1,21,1,11,1,13,28,12,12,12,1,1,1,14,15,1,1,1,5,10,12,1,14,18,10,1,1,1,1,1,6,6,1,1,1,1,14,1,11,6,6,14,1,1,13,1,1,1,16,12,2,33,1,1,1,17,3,1,1,8,14,87,1,17,11,1,1,1,1,1,7,1,1,14,1,20,1,16,1,5,1,1,1,1,1,10,11,17,1,1,14,2,13,1,14,1,29,11,19,13,26,20,6,1,11,10,6,19,11,9,13,17,1,17,1,1,1,16,46,1,1,1,1,16,10,12,11,1,11,15,18,1,1,1,15,1,1,12,1,14,1,11,9,10,1,7,11,14,1,13,10,1,11,1,6,1,7,1,1,10,14,1,14,11,1,1,1,4,8,11,1,1,1,9,5,1,1,4,1,12,9,11,1,12,3,1,1,1,1,3,1,1,1,1,15,1,1,1,25,8,24,1,1,1,1,8,1,15,20,6,9,1,4,1,6,6,1,77,7,5,1,10,15,1,17,16,5,1,1,1,1,8,1,18,8,11,1,28,1,1,13,21,14,10,1,8,23,13,1,1,7,12,1,2,1,14,1,12,2,7,12,3,1,1,1,1,5,1,2,15,1,1,14,10,1,6,1,1,1,21,1,1,15,17,215,1,1,1,12,23,18,1,1,26,15,1,7,1,16,1,1,1,15,1,1,16,1,18,1,13,11,1,28,1,1,6,1,30,1,1,1,1,1,8,1,1,8,1,1,1,1,1,16,1,13,1,9,1,1,1,24,9,227,18,1,3,1,12,1,1,1,11,1,3,1,1,6,1,1,12,1,5,2,12,1,16,1,17,9,18,1,9,117,1,1,1,18,13,3,1,1,1,12,19,1,8,18,13,15,12,1,14,12,18,1,3,13,1,1,4,1,12,10,1,1,1,9,1,1,1,9,11,10,1,1,8,14,41,1,100,2,1,1,12,19,1,9,1,18,10,1,1,17,1,1,8,8,1,1,12,12,1,17,1,11,1,13,1,9,1,7,12,9,17,17,1,1,1,16,28,1,12,12,19,8,1,11,1,4,1,1,1,1,1,1,13,17,11,8,15,8,1,1,15,13,11,1,3,12,1,1,6,7,1,11,13,11,5,11,14,30,1,3,1,14,13,10,12,1,10,1,1,1,13,1,41,12,1,11,1,9,8,1,1,1,14,15,9,1,1,16,1,1,16,7,11,23,1,1,22,88,6,11,20,13,2,11,1,1,15,13,15,1,16,1,1,18,22,1,1,23,12,13,1,1,1,14,6,1,13,19,7,19,10,1,1,9,5,17,1,7,1,2,18,1,21,12,7,1,1,12,16,1,12,13,1,1,1,1,4,6,6,10,15,6,10,1,9,8,2,1,1,11,1,8,1,15,1,1,1,1,1,1,28,1,17,14,13,1,1,1,1,13,18,1,4,1,1,1,1,2,18,14,66,14,13,1,11,1,1,15,1,1,9,1,1,1,1,7,11,7,1,14,9,12,3,1,1,7,18,1,19,11,1,10,1,1,6,1,1,32,1,9,6,1,1,1,1,2,1,1,11,1,8,13,10,9,19,1,10,15,8,4,3,12,1,13,8,10,14,17,1,9,6,6,13,18,1,10,1,8,15,16,1,1,20,11,1,51,1,1,11,10,5,1,1,1,20,1,1,1,10,17,1,20,8,9,1,1,14,1,8,1,27,1,18,16,11,10,23,1,1,13,1,1,1,1,6,8,11,1,10,1,1,12,13,1,15,1,14,13,1,13,14,20,3,1,1,1,1,1,14,1,1,5,1,1,1,2,8,21,3,1,1,13,9,10,10,1,1,1,1,2,5,3,1,1,1,1,1,13,1,12,3,20,5,1,1,21,1,16,15,21,17,1,1,1,12,6,1,5,18,15,1,2,16,21,5,1,1,1,1,1,1,3,18,1,20,1,2,1,20,1,1,1,1,1,1,38,1,18,1,1,21,1,8,1,13,1,1,22,10,1,10,10,2,1,19,16,2,9,4,7,1,1,1,9,1,2,8,1,1,10,17,1,13,12,18,1,14,1,9,8,10,1,1,1,2,8,1,16,11,1,12,1,1,1,1,10,16,23,16,3,8,1,1,9,16,1,6,1,1,1,1,1,14,23,13,1,1,8,14,1,1,1,18,15,21,11,1,1,1,9,69,35,1,20,1,1,1,16,15,1,1,1,1,1,1,1,20,6,19,22,1,8,9,11,1,6,1,8,1,13,11,1,1,1,1,8,1,1,1,1,10,15,1,38,15,1,1,18,1,1,9,1,3,1,9,1,1,1,15,1,1,2,17,1,11,13,10,4,1,3,1,15,14,16,1,9,6,12,10,1,12,1,16,1,9,1,1,15,1,17,1,1,13,16,1,1,1,1,1,9,17,1,1,3,21,10,1,8,10,17,1,12,1,79,7,9,12,1,1,1,1,5,8,15,16,12,1,1,1,27,9,1,10,1,1,14,24,16,1,3,17,1,11,1,17,1,1,1,1,1,1,9,1,9,1,14,6,1,1,1,16,8,12,13,14,1,17,28,1,1,1,7,13,15,10,14,1,1,1,1,20,1,15,11,1,1,15,1,15,1,11,1,39,1,1,19,18,1,1,1,1,1,28,1,10,21,10,7,1,13,16,1,4,11,14,1,1,1,11,15,14,17,16,1,5,1,9,26,1,17,15,1,15,1,14,14,1,7,14,1,1,1,12,14,11,1,1,9,1,9,11,4,4,1,1,1,1,13,1,1,1,10,1,18,1,1,1,15,17,14,1,13,6,93,1,1,1,1,1,15,3,7,1,12,7,14,1,1,11,1,1,1,1,15,15,1,10,1,6,1,1,1,1,10,2,1,16,9,1,1,1,1,15,1,11,12,12,1,1,1,5,1,1,11,7,1,4,11,7,16,36,1,11,19,1,10,1,11,8,1,1,1,11,11,8,1,14,25,8,31,28,2,1,15,1,9,1,25,15,1,1,1,18,16,24,1,17,11,8,1,2,16,10,1,1,10,1,1,12,4,15,9,10,1,14,1,15,19,1,7,11,1,9,16,1,1,2,12,1,1,1,1,2,1,22,14,11,2,18,8,12,14,9,10,1,1,1,75,1,1,1,1,1,1,1,14,1,27,1,13,9,13,1,38,6,5,1,17,1,28,12,12,13,6,1,1,15,1,1,14,1,1,1,16,2,1,10,1,7,1,1,1,53,1,1,1,1,17,1,11,16,16,15,6,1,1,9,1,10,1,1,16,9,1,1,97,29,1,1,1,10,5,16,9,1,1,1,1,8,10,1,1,7,1,16,2,9,5,1,19,12,12,10,16,2,1,1,1,16,8,19,4,13,11,22,8,1,15,4,20,16,23,1,14,1,22,1,1,13,1,14,18,14,2,1,1,1,1,1,15,1,6,25,14,23,1,2,1,105,1,3,1,1,11,1,11,7,7,5,9,1,1,18,2,8,1,1,13,9,9,21,5,1,1,16,10,22,13,21,1,1,2,18,33,1,15,16,1,14,14,8,15,1,12,16,2,16,12,13,1,1,1,8,1,1,14,12,1,9,1,6,1,1,1,19,14,1,8,1,1,2,1,1,14,7,1,14,28,1,1,1,1,1,10,1,1,1,1,17,1,1,1,1,1,8,7,1,4,25,6,1,10,8,9,5,4,15,2,1,1,1,3,3,30,1,4,1,15,1,152,13,17,1,12,1,14,1,1,4,19,1,11,1,13,1,17,9,10,1,11,1,14,13,13,3,13,1,1,1,15,1,12,7,4,1,15,1,28,2,1,19,1,62,1,1,1,1,1,1,12,1,16,1,5,20,1,10,13,10,1,17,13,1,1,13,23,5,22,1,1,1,10,13,13,1,1,13,1,1,13,1,1,2,1,4,1,13,18,1,1,17,1,12,15,11,1,10,1,1,1,1,17,1,6,15,7,1,2,1,21,20,1,7,7,1,1,10,1,13,16,12,1,14,17,1,9,10,15,1,16,8,8,16,14,17,15,8,8,26,1,1,1,1,11,8,1,17,1,1,16,1,11,15,5,20,11,1,12,8,1,13,13,1,13,1,18,11,1,20,1,15,7,14,1,17,1,2,1,1,2,1,1,1,1,9,1,1,12,1,13,1,1,11,6,1,18,10,1,2,1,1,12,1,13,18,1,8,18,1,3,21,14,1,14,2,1,13,4,1,1,19,18,9,18,1,10,1,56,1,5,2,1,13,1,27,19,6,1,17,1,1,1,26,9,13,18,16,10,8,1,1,1,10,1,13,9,6,21,1,9,1,1,1,1,15,16,1,1,15,1,2,15,1,1,12,1,1,16,1,1,2,6,2,7,1,1,1,12,1,13,1,12,1,1,14,1,1,17,1,2,1,10,13,17,1,11,1,1,15,1,1,1,1,19,14,1,11,1,15,10,15,1,13,5,1,1,1,10,1,1,2,24,8,6,15,17,1,1210,1444,3,15,1,1,14,16,1,15,9,1,8,1,18,17,1,1,17,14,1,4,20,89,13,1,12,8,11,1,17,11,12,10,1,1,10,1,12,1,14,9,10,1,23,1,1,9,1,17,1,1,13,1,1,8,13,6,1,1,10,5,49,1,3,2,15,3,16,12,27,1,11,33,1,1,391,16,1,1,1,1,12,1,1,9,12,1,1,1,17,20,11,8,14,13,19,1,15,19,1,8,9,9,8,3,1,14,13,14,1,14,1,1,1,14,1,1,1,10,1,20,1,1,52,1,9,1,1,1,19,9,13,15,1,1,12,16,6,1,1,1,1,10,5,1,1,1,1,1,1,1,12,58,1,11,11,15,1,11,3,1,8,1,11,1,76,1,21,1,14,11,1,1,9,29,11,7,11,23,1,9,1,12,13,1,10,1,7,21,5,17,3,1,18,14,1,25,17,1,16,1,1,32,12,1,1,1,1,13,1,10,17,1,1,1,26,1,10,1,1,10,8,1,30,1,14,1,1,1,5,1,1,1,1,9,7,14,20,9,50,1,1,1,10,8,11,1,6,1,18,22,1,1,13,11,3,16,9,5,20,15,2,1,1,7,1,1,1,11,1,1,1,1,14,9,18,1,1,15,1,9,1,14,11,4,15,1,1,10,1,1,4,1,23,1,14,1,1,14,8,14,1,16,1,1,11,1,1,1,1,1,8,16,1,1,1,10,13,1,1,24,1,7,13,1,11,1,13,1,10,10,13,12,1,1,1,12,2,8,1,1,1,11,1,26,11,4,1,8,1,1,10,21,13,7,2,1,1,1,1,15,1,1,35,11,18,14,12,1,1,9,12,1,1,12,1,1,1,1,1,1,13,1,1,10,1,1,10,16,1,1,8,7,1,1,7,15,12,2,1,9,15,15,17,13,1,1,1,1,1,16,13,10,1,1,9,1,2,1,14,12,1,10,15,1,14,1,8,1,1,8,1,1,7,7,15,1,13,8,1,11,7,1,11,8,16,1,1,1,1,5,2,7,29,13,1,16,52,1,15,4,2,1,1,1,1,1,10,13,1,14,13,1,12,18,1,3,1,18,16,16,1,1,9,7,1,1,13,5,1,1,12,1,7,6,1,1,7,1,1,21,1,5,1,1,16,12,1,1,1,1,1,6,1,1,1,1,14,12,3,9,10,1,1131,12,13,2,1,13,1,1,1,15,1,1,2,1,15,13,7,15,17,1,2,26,4,1,1,1,1,18,1,1,13,1,1,3,1,1,14,20,6,10,1,1,16,28,18,1,14,20,1,1,9,17,15,1,1,17,1,1,1,1,4,1,1,1,16,1,16,10,30,1,1,79,7,1,8,11,11,10,1,2,1,1,1,1,1,1,14,1,7,23,1,57,1,1,16,13,1,1,1,1,1,1,1,1,1,17,3,23,1,15,1,49,1,1,10,67,1,1,1,29,1,1,1,8,1,12,11,1,1,1,1,6,1,1,1,1,1,1,1,1,1,1,15,15,6,1,13,16,1,1,5,1,1,2,1,1,1,18,16,1,1,15,1,8,6,1,12,1,6,1,10,23,14,12,16,6,1,13,1,6,1,1,7,11,1,7,1,1,1,1,50,1,1,1,2,1,1,1,1,1,1,1,18,1,9,13,1,13,8,20,2,1,9,5,11,1,8,1,27,10,1,1,11,1,1,16,11,12,15,1,5,1,1,27,8,1,1,21,1,21,6,2,1,8,1,1,12,10,10,21,15,1,14,4,17,4,17,13,1,1,1,7,10,1,1,20,48,3,1,2,7,1,1,2,1,1,1,1,22,61,19,1,6,1,15,1,16,8,1,1,2,1,15,12,15,1,14,2,17,1059,1,1,8,1,12,12,1,1,1,13,1,1,22,17,1,12,7,1,27,7,9,14,17,1,1,1,20,1,1,8,9,13,9,13,1,1,12,1,1,1,22,10,1,5,10,1,1,1,27,1,14,1,1,1,1,6,11,9,14,1,1,18,1,1,1,1,1,13,95,11,14,4,5,2,12,10,1,2,12,8,2,15,18,16,1,8,13,9,1,13,1,1,1,1,15,4,12,4,19,1,1,1,1,46,15,7,13,16,3,1,19,11,1,6,1,13,12,1,8,16,5,14,6,1,1,16,1,5,14,3,8,14,1,1,1,1,11,8,9,1,10,6,1,1,17,9,1,7,17,1,1,2,1,33,19,1,1,1,1,14,9,1,12,1,5,1,1,15,1,1,1,2,1,1,1,11,3,14,1,1,1,15,1,15,7,1,1,1,1,10,18,34,1,18,16,4,1,4,15,1,1,1,1,11,8,1,1,12,1,1,80,4,1,1,1,8,1,1,1,11,7,10,7,1,1,5,13,1,14,1,1,14,1,22,2,1,12,16,14,1,1,9,19,6,4,2,8,1,1,8,1,8,1,9,7,1,12,1,8,8,10,1,1,17,1,1,1,1,1,1,1,14,1,1,1,19,1,1,14,12,1,8,1,6,6,1,1,22,1,8,10,1,1,1,1,1,20,1,15,1,13,9,1,20,1,12,11,1,8,9,15,12,11,14,11,1,11,1,1,18,11,1,14,1,4,10,1,1,1,1,1,1,11,4,1,1,14,1,1,1,4,1,19,10,1,10,9,1,5,18,14,1,1,15,10,8,1,14,16,1,7,1,7,10,1,1,2,1,1,12,1,9,11,1,1,14,23,1,12,6,1,1,1,10,1,10,7,16,12,7,9,1,15,11,4,1,1,1,1,1,9,7,1,1,1,1,1,1,13,9,4,17,16,1,12,14,8,7,1,17,13,1,14,1,15,9,1,1,8,41,1,23,1,1,12,1,1,7,7,15,20,124,32,24,7,16,1,8,18,1,13,1,1,1,28,1,1,11,1,1,13,9,1,10,1,1,15,1,9,24,10,1,1,1,18,20,19,12,8,1,8,1,1,1,1,14,1,9,4,9,1,1,1,18,3,1,1,13,1,1,15,11,1,1,15,6,1,1,1,1,1,2,13,6,1,1,1,16,16,1,19,1,8,19,10,8,1,1,10,13,12,17,14,4,1,13,30,1,1,1,1,1,1,1,8,5,1,13,6,8,1,14,9,99,1,4,10,2,14,1,1,1,17,12,1,14,10,1,8,18,1,8,13,1,10,10,1,1,1,1,13,1,1,13,1,15,17,13,11,1,6,1,17,12,17,4,2,2,13,1,1,1,1,1,1,1,12,1,19,19,110,17,1,1,13,14,14,16,1,11,10,14,1,1,1,11,1,2,5,15,9,1,1,9,1,11,1,1,11,1,1,1,23,9,1,20,24,3,1,17,1,13,92,1,18,1,13,8,1,91,1,1,2,14,1,1,9,1,6,5,26,7,1,36,1,1,1,1,1,1,8,1,13,14,5,1,1,1,11,1,9,3,1,1,5,1,3,1,1,1,12,10,6,1,1,13,1,1,1,1,1,9,2,1,5,4,1,1,1,11,5,1,9,1,1,1,1,1,16,14,1,5,1,8,2,1,13,1,16,12,14,15,1,20,1,11,1,1,8,6,1,4,19,14,1,9,9,14,1,9,10,6,1,11,9,11,1,15,1,9,1,13,2,12,7,2,20,1,1,1,10,1,15,1,1,1,12,14,8,7,8,13,1,13,15,18,1,7,9,33,1,7,10,1,7,1,2,7,9,1,1,10,1,9,58,8,1,1,10,1,1,1,11,1,13,1,13,1,10,20,1,1,13,9,22,2,8,1,2,1,9,1,1,19,5,1,13,10,1,1,15,11,1,1,1,24,1,3,1,16,16,1,1,1,1,1,1,1,13,1,1,7,1,1,7,6,11,1,1,15,1,13,59,1,1,9,17,1,11,13,1,1,21,8,16,13,11,19,1,2,17,1,1,1,1,13,1,1,13,1,1,1,1,1,1,12,1,11,31,3,1,1,13,1,7,13,1,1,1,10,13,2,1,15,14,1,33,22,1,1,1,7,10,13,1,15,18,10,1,2,15,16,1,1,10,1,15,1,1,14,8,15,10,1,1,1,6,1,16,12,49,11,12,15,7,2,1,1,1,1,14,1,1,11,12,13,1,22,1,7,1,1,12,10,1,12,1,1,1,1,1,8,1,21,1,1,9,1,6,8,14,1,1,1,1,1,1,1,13,5,8,1,1,11,1,1,1,9,30,11,1,14,5,121,1,1,5,18,17,1,12,1,1,1,3,1,1,1,16,3,1,6,12,6,11,1,1,13,8,1,1,12,1,1,1,31,1,13,1,1,1,15,15,1,24,18,14,14,1,1,2,90,1,13,9,1,1,1,1,9,14,16,9,1,9,14,16,4,1,12,22,1,5,1,1,1,1,1,1,1,1,1,1,13,10,1,3,13,13,8,12,3,6,1,7,1,14,23,1,10,1,1,1,17,1,11,11,10,1,16,1,16,11,1,1,20,1,1,4,1,1,6,1,5,1,12,10,15,13,9,17,88,1,1,1,1,1,37,9,1,18,10,10,1,1,12,1,16,1,21,1,6,8,1,1,13,1,1,1,5,1,11,1,1,1,7,42,5,1,1,1,1,1,1,1,8,1,1,1,1,11,1,87,1,11,9,1,1,1,9,9,16,1,9,18,1,1,9,6,1,1,10,12,8,1,2,1,10,15,1,1,9,9,1,1,1,1,1,5,13,8,1,4,10,1,1,1,21,1,12,1,1,1,1,16,1,9,1,1,1,10,7,1,1,1,1,1,4,1,12,1,100,15,13,15,13,15,7,3,15,14,15,18,1,12,1,13,34,2,17,18,1,9,12,12,125,1,28,14,8,3,1,1,14,19,1,1,25,1,1,1,1,9,8,9,1,1,12,17,1,1,1,11,13,7,11,6,5,1,8,1,7,17,13,1,10,14,16,2,1,1,8,1,1,1,15,1,95,1,15,18,14,15,13,1,1,1,1,1,13,1,1,17,17,9,1,1,7,13,12,1,13,1,14,1,1,1,8,1,99,1,1,1,6,15,5,19,13,1,14,9,10,81,1,15,2,11,1,13,1,16,1,14,1,12,1,10,1,1,1,1,1,1,1,1,1,1,8,16,1,15,4,14,1,7,1,1,13,1,13,9,22,1,1,11,40,1,1,1,2,8,16,13,1,13,8,1,1,8,8,8,1,18,23,1,1,16,1,14,13,1,1,1,5,7,19,10,1,69,12,6,18,12,1,1,1,13,13,18,1,13,1,6,12,10,1,14,1,10,14,5,64,15,5,15,15,9,1,13,1,1,6,1,1,9,15,1,1,20,1,1,1,1,7,1,16,12,26,8,2,1,1,19,1,1,21,1,15,12,17,1,116,1,10,7,11,10,4,1,1,1,12,1,10,1,1,16,1,1,1,1,1,1,1,10,9,13,12,12,14,10,15,10,15,1,1,1,1,16,12,4,11,9,13,16,11,15,12,14,16,1,1,1,1,1,7,5,1,15,10,1,1,1,1,5,15,1,11,1,15,1,7,1,8,1,1,1,14,1,1,1,7,12,1,1,2,15,1,1,1,1,19,9,17,1,1,2,10,9,18,1,14,1,1,14,1,20,16,13,1,9,18,1,9,2,15,1,12,7,13,14,23,1,4,12,1,1,15,1,1,26,4,1,13,1,14,24,1,1,1,10,6,6,19,20,5,1,7,1,8,23,1,11,1,1,15,13,1,1,1,12,12,33,1,13,1,1,1,1,6,1,1,1,2,11,1,10,11,11,61,1,1,1,21,18,1,1,1,10,4,1,1,12,16,14,4,1,1,2,9,12,1,9,1,1,15,7,1,3,6,24,11,13,1,6,1,1,1,6,21,16,1,1,9,10,1,8,7,1,6,1,1,12,6,1,1,1,1,29,9,12,3,13,11,1,1,1,13,9,1,1,14,5,2,1,8,26,12,18,26,15,1,1,1,1,32,1,1,10,18,22,18,7,1,2,32,2,18,17,19,1,9,27,16,1,19,1,11,6,12,1,6,1,8,1,1,1,1,11,1,1,7,1,1,1,28,1,1,1,81,1,12,1,7,16,1,14,2,18,11,14,1,1,13,1,3,18,1,16,3,13,1,11,1,1,1,1,1,1,11,10,1,14,21,9,18,12,1,1,1,19,11,16,1,1,1,1,1,16,1,1,10,1,21,14,10,1,1,1,1,1,183,1,2,11,8,1,1,7,13,1,1,15,13,4,6,19,7,1,13,1,1,6,11,1,44,7,4,1,11,2,1,2,13,12,1,10,20,2,1,1,1,1,4,1,1,1,17,15,6,1,15,10,8,14,1,1,1,1,16,7,1,1,1,18,1,1,15,1,1,1,1,9,1,5,12,1,22,1,1,14,1,11,1,15,7,20,1,1,10,2,11,1,10,1,1,1,13,10,16,1,1,17,16,17,12,12,19,37,9,1,1,6,13,1,1,11,1,1,9,244,7,21,12,11,1,9,12,15,1,6,1,1,6,1,2,4,1,1,17,15,280,1,1,1,3,1,2,1,1,1,18,1,1,1,9,1,22,16,14,16,1,16,1,1,11,20,11,13,14,19,1,7,1,1,8,65,13,1,9,56,14,17,1,1,1,1,1,1,1,6,12,11,2,1,1,25,16,1,16,11,3,1,19,15,17,13,1,15,1,1,4,1,1,1,14,17,9,7,68,7,5,3,17,372,11,14,1,14,1,1,1,10,13,1,1,1,20,9,12,14,1,5,18,1,1,1,2,2,11,1,1,1,11,8,1,1,1,13,19,6,1,15,1,14,3,1,7,16,18,14,49,1,11,9,19,17,11,1,1,12,9,1,5,5,1,1,1,18,14,8,1,1,13,17,1,1,1,1,13,13,1,41,14,1,12,15,1,1,7,2,13,1,1,1,18,1,2,1,1,14,1,6,11,2,11,1,1,1,15,1,8,6,14,17,1,1,1,1,1,1,1,20,13,1,9,69,18,1,13,1,9,1,10,5,13,20,5,11,15,8,1,9,5,1,1,1,99,1,1,1,1,1,20,1,1,11,49,1,2,18,73,2,1,1,11,1,1,1,1,1,16,11,1,11,20,1,1,1,7,6,7,1,1,19,15,1,13,1,13,35,1,1,1,21,1,11,1,1,1,1,2,13,1,6,12,6,1,19,1,12,12,9,1,7,1,7,1,1,8,1,1,1,1,1,13,1,9,10,1,1,10,6,14,16,18,29,1,17,1,1,14,14,1,1,2,1,1,7,14,1,19,1,19,12,1,1,11,1,6,11,19,1,10,12,1,17,1,1,1,7,6,1,3,1,1,12,16,1,35,6,6,1,1,10,1,15,1,13,13,16,1,1,10,1,1,16,13,17,1,1,14,16,59,1,1,1,17,19,1,1,1,1,1,16,16,9,1,15,14,1,14,29,1,18,15,1,1,1,1,1,11,1,1,26,1,1,1,19,13,1,6,12,11,21,12,1,15,6,1,1,1,1,8,10,16,7,17,11,1,2,1,10,1,11,1,1,4,23,9,1,11,1,7,12,2,12,14,27,1,1,1,42,1,9,16,2,13,1,10,16,1,1,5,1,19,4,11,1,1,6,1,1,1,1,6,1,5,21,22,15,12,1,10,1,11,6,11,1,1,1,1,2,1,1,12,1,1,13,1,1,1,12,1,9,1,7,1,16,9,13,1,19,1,12,15,111,16,6,1,1,1,16,16,5,15,1,1,14,17,1,1,8,13,4,14,1,20,14,1,1,1,10,1,1,4,8,1,4,9,1,1,1,1,1,1,1,1,1,5,14,1,5,18,1,1,12,1,10,21,1,1,1,12,5,1,1,1,17,1,17,9,1,1,1,1,1,1,14,1,1,30,1,11,13,1,1,1,26,11,14,14,11,8,17,14,13,9,1,1,9,1,1,9,13,11,9,1,12,1,1,1,1,12,1,1,1,1,17,1,1,14,13,11,1,1,12,7,1,1,3,8,1,1,1,12,16,1,924,1,1,59,1,12,1,20,1,1,1,1,12,4,6,20,14,12,15,1,15,717,1,9,29,1,3,1,1,8,9,1,1,1,12,1,1,10,30,26,1,13,12,9,1,1,17,16,1,1,11,1,1,10,1,1,38,19,1,1,8,1,13,6,12,1,17,13,1,2,1,1,1,11,1,9,1,9,1,1,11,1,1,1,1,1,12,11,1,8,1,11,12,1,7,1,1,13,1,1,1,13,16,13,17,7,1,1,1,1,1,1,3,13,13,1,13,1,7,2,9,10,1,11,1,6,21,1,14,1,1,9,16,21,1,1,1,17,1,1,13,1,19,4,10,14,1,1,1,1,5,76,17,25,13,10,6,13,2,12,1,1,7,1,1,1,15,8,1,1,1,13,1,26,10,14,1,8,9,1,9,1,1,1,14,16,8,16,16,9,7,1,13,17,6,1,19,1,1,1,15,16,1,2,13,12,1,17,1,14,1,1,10,1,1,3,1,9,9,10,1,13,1,15,1,1,1,12,13,1,1,1,3,1,51,1,1,2,1,1,12,7,21,15,24,1,18,14,1,1,1,19,1,13,1,1,12,1,19,1,10,1,1,18,11,1,1,9,9,7,11,1,1,1,6,13,15,1,1,20,9,14,1,1,10,1,14,1,1,1,14,6,1,1,7,1,1,1,6,12,16,1,10,8,1,15,1,15,19,9,14,9,13,1,1,8,1,1,2,15,1,3,1,1,9,14,20,5,1,1,11,19,1,1,6,13,1,1,10,7,3,1,1,1,7,11,15,2,1,1,1,1,17,1,15,1,1,1,1,1,7,5,15,16,10,4,23,14,12,1,10,1,1,12,5,13,1,6,1,10,1,1,1,14,1,1,1,14,22,1,1,28,22,8,1,10,207,1,9,16,7,1,1,4,1,2,14,13,1,1,1,1,16,53,7,1,6,8,13,1,2,21,14,1,1,20,1,1,1,1,1,11,11,12,1,1,11,1,11,1,1,1,1,7,14,1,1,7,1,6,1,1,1,16,1,1,16,16,1,1,6,1,15,20,1,1,1,1,14,1,15,1,9,18,1,6,10,30,8,1,1,8,15,1,16,8,1,1,13,1,1,13,14,1,20,4,1,12,1,1,22,18,10,1,13,11,1,1,1,16,23,1,20,24,18,1,4,1,9,9,1,1,10,11,18,1,1,22,1,10,1,1,1,16,12,1,1,1,1,1,11,1,1,7,1,1,1,6,1,22,1,2,1,6,1,13,11,1,1,15,25,13,20,10,1,1,1,1,1,1,1,1,9,2,1,14,1,10,1,1,1,8,1,7,10,1,34,16,1,12,1,14,14,7,13,17,1,1,15,3,1,10,12,19,13,9,12,18,1,13,10,1,1,16,1,1,1,16,1,1,1,1,21,18,1,16,1,9,15,17,9,1,19,1,1,6,14,16,38,7,24,1,1,19,1,16,7,9,1,1,1,1,1,11,1,13,10,1,1,27,14,12,13,2,14,1,1,10,12,1,1,1,1,1,9,1,7,1,12,1,11,13,15,4,1,1,1,1,19,13,1,12,11,1,13,1,5,1907,2,1,1,15,8,13,12,3,1,14,6,1,1,11,1,15,1,5,12,11,6,1,17,1,1,11,9,13,8,3,1,1,8,97,1,9,10,1,1,11,1,1,10,1,15,14,14,1,1,1,1,10,1,1,18,16,4,17,14,13,41,1,118,1,1,8,19,1,12,15,14,17,8,1,12,1,5,12,1,1,1,11,9,1,2,14,19,11,20,11,1,14,10,1,1,1,1,1,4,1,1,9,57,2,1,1,1,15,66,11,1,11,10,1,13,12,1,1,11,1,1,1,16,1,2,1,1,1,1,1,19,9,1,1,10,3,1,1,1,1,1,12,1,1,2,3,1,14,17,1,9,1,12,1,1,70,1,29,16,32,1,6,8,5,1,11,9,1,1,18,1,12,1,1,2,12,1,1,1,20,1,2,7,1,10,1,1,1,9,14,11,1,1,1,13,14,1,1,1,1,14,1,1,1,15,1,2,10,1,20,19,36,17,1,6,15,1,1,7,8,11,1,1,1,11,13,1,16,1,10,1,1,18,23,1,9,11,9,15,13,18,1,1,5,28,1,1,1,1,1,1,1,14,18,14,15,16,16,16,4,28,7,1,1,1,1,1,12,1,1,50,6,1,1,16,20,7,1,1,12,10,1,2,11,7,1,13,1,9,9,1,1,18,13,8,13,17,1,1,1,10,1,13,1,10,1,1,1,1,1,14,11,17,15,7,1,1,1,1,4,1,1,117,19,4,2,1,9,1,15,18,1,2,1,4,11,1,16,14,6,1,1,9,23,1,6,1,12,1,19,1,17,15,11,1,10,4,1,6,11,1,1,12,13,1,12,7,14,1,107,1,14,1,11,1,1,1,1,18,8,15,1,17,1,20,14,18,7,15,1,16,2,1,1,7,1,26,13,1,1,21,1,1,1,9,1,1,1,1,1,8,1,23,29,1,1,1,1,1,5,1,1,1,1,1,17,1,1,25,18,1,1,15,1,19,1,10,13,1,14,9,1,1,1,13,23,16,1,26,19,1,1,1,1,9,1,15,9,1,16,1,1,3,1,16,11,9,15,1,7,1,1,9,1,1,16,1,2,1,10,1,7,1,1,1,1,11,1,16,1,7,13,1,19,17,10,1,7,1,1,1,7,1,1,11,1,1,1,8,11,1,14,9,1,1,15,1,1,3,1,1,2,8,9,1,1,29,1,36,1,10,12,1,1,1,1,14,11,10,2,1,15,33,12,9,12,8,4,1,1,1,1,16,8,1,1,12,22,1,1,1,2,13,10,13,1,1,6,19,18,22,1,1,6,12,19,1,1,1,1,21,1,11,11,1,1,13,13,11,1,1,14,12,22,1,1,15,1,10,1,1,1,5,10,1,1,18,1,28,1,10,15,12,3,1,6,14,17,1,1,15,1,14,1,1,1,25,1,14,12,1,1,9,218,12,9,16,10,20,1,1,9,8,9,1,11,1,8,14,1,12,1,11,1,20,1,1,7,1,1,6,1,1,7,1,85,1,20,1,4,1,14,13,11,1,1,1,12,21,14,10,9,1,6,22,13,19,12,1,1,6,25,15,1,6,13,1,1,1,13,9,12,14,16,1,1,1,1,2,11,6,1,7,14,1,1,1,1,1,16,26,1,20,10,1,1,1,9,1,16,14,19,1,1,1,8,1,17,11,18,1,1,1,18,1,14,1,10,12,18,8,3,1,1,1,1,18,15,11,1,1,19,1,15,1,4,1,1,1,1,27,16,1,7,1,13,16,1,12,1,6,12,1,1,14,10,17,7,1,8,6,13,1,1,1,1,9,12,7,10,1,1,7,1,6,1,1,13,16,14,21,11,1,20,10,1,10,17,1,17,1,13,1,1,8,1,2,10,15,1,3,1,1,1,1,2,1,20,4,10,1,1,19,12,9,7,12,7,1,12,8,1,1,10,14,1,13,1,1,13,29,1,1,1,2,12,1,15,39,1,20,1,1,16,14,12,7,8,14,15,7,1,9,6,5,10,13,1,16,1,12,72,15,1,1,1,1,1,1,1,2,7,1,1,1,24,9,13,1,13,11,1,1,1,1,1,14,17,1,10,9,1,1,10,1,13,15,1,1,1,1,1,1,19,20,13,17,13,12,13,1,1,8,6,1,1,2,7,1,1,16,1,15,3,1,1,1,1,1,1,1,12,1,16,25,1,1,16,1,1,11,1,10,12,9,1,2,8,18,7,1,13,1,1,8,15,17,1,1,8,7,9,12,1,1,13,1,1,10,15,1,11,1,26,1,14,15,1,9,1,9,13,9,4,12,9,1,1,1,1,1,1,10,15,2,11,1,1,14,6,15,10,1,1,5,12,1,1,56,1,7,6,10,10,10,1,1,1,1,1,1,1,6,1,12,7,2,1,10,9,7,1,1,8,9,1,83,19,12,26,1,1,16,9,1,9,20,17,4,1,17,44,1,1,15,11,18,13,13,16,12,1,17,9,1,5,1,12,11,28,1,5,4,63,9,1,8,11,21,1,12,4,1,9,1,1,1,13,16,1,11,10,12,13,10,1,18,1,15,1,1,1,1,1,8,1,17,12,9,1,1,15,21,14,12,15,6,14,1,1,1,1,16,17,1,12,1,1,19,1,1,10,1,12,1,19,17,1,1,1,21,15,36,1,1,1,34,1,1,15,15,1,1,1,1,1,2,10,1,1,1,12,17,27,1,1,1,11,1,11,1,1,15,1,12,1,1,8,6,12,1,1,1,34,17,1,1,1,1,1,1,1,1,12,22,1,16,1,1,1,10,1,1,16,1,1,9,14,2,1,14,15,1,9,1,17,1,3,1,1,1,12,3,38,19,10,10,1,1,1,9,1,10,1,14,1,9,1,18,1,1,1,1,1,11,1,13,13,1,19,10,9,1,14,12,13,1,1,1,1,1,1,1,17,1,1,19,1,7,1,13,19,9,15,1,1,1,8,1,1,1,1,18,1,1,1,13,10,6,16,1,1,3,1,12,1,4,1,13,1,1,18,2,1,11,1,1,1,11,1,15,1,1,1,23,1,11,1,15,1,27,8,27,9,14,11,4,11,1,1,1,1,1,18,1,1,1,1,1,1,1,1,14,21,1,1,1,1,1,16,1,8,1,1,16,1,16,16,19,11,9,1,9,14,5,1,1,2,16,1,19,1,1,1,1,12,18,1,7,14,8,1,8,10,1,1,1,7,1,1,1,13,1,10,12,14,8,1,20,1,1,23,1,1,1,12,11,13,1,1,14,9,16,14,1,1,6,1,1,4,1,1,1,12,8,1,11,17,10,1,1,1,22,18,15,8,1,1,1,1,1,1,23,9,1,11,1,8,1,13,1,1,12,18,6,1,1,13,7,1,2,1,11,30,1,1,1,1,1,1,6,13,1,6,16,1,1,1,1,14,13,14,23,1,13,18,3,1,12,14,10,5,1,1,21,1,10,16,1,15,1,8,1,17,12,14,9,11,1,8,12,14,16,7,11,18,1,1,1,10,14,10,19,10,1,1,15,17,1,55,11,1,47,1,1,1,15,22,1,12,1,1,1,1,1,1,7,1,9,1,1,1,1,1,1,20,1,1,1,5,10,1,8,14,1,1,6,1,8,12,1,17,1,1,1,1,1,6,1,15,1,1,35,1,23,10,59,1,20,1,1,11,1,15,9,20,1,1,1,2,1,10,10,1,1,15,1,6,1,17,14,15,10,14,7,8,1,9,1,13,9,1,22,1,110,11,16,1,18,1,1,1,1,1,17,553,1,1,7,16,16,3,1,1,2,19,11,13,12,1,16,7,6,1,10,18,18,63,8,18,17,13,11,24,1,1,12,14,1,12,1,1,1,12,2,18,1,1,1,19,1,1,1,1,15,1,9,14,13,1,2,11,1,1,7,9,1,7,9,7,1,1,1,17,1,12,7,11,1,7,7,1,1,1,11,20,7,8,1,1,1,1,1,1,1,1,1,1,2,1,1,1,13,2,9,10,11,1,1,23,21,3,1,12,10,1,16,1,1,14,1,1,10,1,1,14,3,1,10,1,1,6,12,11,9,1,11,1,25,4,1,1,15,1,10,421,12,14,1,13,1,10,20,25,245,1,6,1,12,1,1,1,1,10,1,28,1,12,1,1,1,2,9,1,9,1,1,12,1,11,7,19,1,1,8,10,24,1,1,14,15,1,1,11,1,1,19,12,21,18,1,13,13,1,1,9,11,14,1,1,12,14,10,1,6,4,2,20,16,10,1,1,16,1,1,1,1,1,13,1,1,19,1,1,1,1,12,2,13,11,11,10,1,7,13,7,1,1,1,5,18,1,1,6,14,8,1,11,1,16,7,1,1,12,30,1,6,12,1,9,17,1,1,4,16,1,9,1,1,1,1,1,17,10,5,12,8,1,1,15,6,1,8,13,11,1,1,1,14,16,7,1,13,1,1,18,1,1,7,11,1,5,1,1,1,1,1,15,18,1,12,19,8,12,12,1,15,1,10,11,1,2,1,1,10,11,10,1,13,1,18,1,1,18,1,3,11,13,10,1,17,33,8,17,1,1,12,1,27,9,14,1,1,1,1,1,6,13,15,1,19,1,32,7,8,9,1,1,58,9,8,18,1,1,12,20,16,7,15,2,10,1,1,19,14,1,1,1,1,1,13,11,13,8,1,1,1,20,1,87,14,1,2,1,33,5,1,1,3,1,16,16,14,22,8,18,14,1,1,1,1,14,13,1,13,1,16,1,10,1,1,1,1,6,1,6,6,6,10,7,1,1,13,22,1,12,13,14,1,12,12,2,14,5,2,13,19,1,1,6,12,1,8,9,21,18,9,13,11,14,1,1,13,1,16,1,1,14,1,1,1,20,1,13,12,15,11,1,1,16,1,1,15,1,22,13,1,1,1,1,14,1,1,10,13,9,14,1,1,9,1,2,1,14,1,33,17,31,19,1,18,8,21,17,9,10,14,24,9,1,18,1,8,1,1,15,14,17,1,1,7,1,5,1,9,11,1,1,1,1,1,1,9,17,1,10,9,10,1,1,13,1,14,1,1,1,1,15,1,4,14,1,1,1,1,16,12,9,2,9,1,7,15,11,1,14,1,19,1,21,1,1,1,24,2,12,1,10,17,6,11,1,14,2,1,1,11,14,13,17,1,1,1,1,12,1,19,1,12,1,20,5,1,1,1,1,11,20,1,34,1,1,13,1,16,16,6,1,1,1,12,1,13,21,1,14,12,10,1,1,18,16,17,1,17,15,1,14,1,17,9,14,13,1,1,15,13,1,1,11,10,1,1,16,9,14,10,6,1,9,1,13,1,1,11,1,16,16,1,1,12,1,10,8,1,1,1,11,8,18,1,7,1,1,10,9,27,1,1,1,9,1,1,8,1,16,1,9,10,1,1,9,1,12,3,1,10,12,14,1,1,16,10,11,7,14,1,15,1,1,1,1,1,12,50,10,1,9,12,14,17,5,1,1,1,1,8,2,1,15,4,1,1,5,11,16,14,9,1,11,1,15,8,1,1,1,18,19,20,15,1,1,1,12,12,14,10,1,18,22,1,12,5,19,1,18,8,1,5,2,1,11,1,15,1,10,7,13,1,12,1,15,13,14,1,12,2,3181,1,14,6,1,14,1,1,1,1,1,1,541,9,1,1,18,18,1,1,1,6,1,1,1,19,12,2,11,9,1,7,7,1,1,1,1,11,4,1,1,12,8,1,1,1,13,9,4,1,1,19,17,7,1,1,36,19,14,1,17,1,1,1,1,10,5,9,1,1,9,4,1,15,11,10,8,1,1,1,20,16,1,14,1,1,2,1,8,1,16,1,1,15,14,14,12,15,9,13,1,1,8,1,1,1,18,18,2,1,1,1,1,1,18,1,27,1,10,1,1,1,1,14,1,13,1,1,1,1,1,1,1,1,1,18,14,1,1,1,11,12,12,15,7,1,1,17,16,17,12,1,1,1,12,1,8,1,16,14,12,1,1,15,1,1,1,1,19,1,1,1,1,1,16,1,18,21,8,1,1,1,1,1,1,1,6,12,19,14,18,1,1,1,10,8,13,10,107,1,8,1,28,15,10,6,1,8,12,1,1,1,1,18,7,1,1,1,8,1,1,1,12,17,1,2,22,1,14,1,1,16,1,13,10,1,1,2,10,1,1,1,13,22,23,1,16,1,13,1,1,15,1,1,2,15,1,1,1,12,7,14,17,1,1,11,16,1,14,15,11,12,13,12,1,13,16,1,1,15,1,10,1,11,15,1,7,8,20,1,19,18,1,163,1,1,16,19,16,1,18,1,1,1,2,10,1,24,13,1,1,11,1,1,15,14,11,1,1,1,18,20,1,5,23,1,1,1,1,3,20,8,10,1,12,11,1,1,1,12,9,2,1,14,25,1,3,17,1,9,9,11,1,17,1,7,1,1,7,1,16,1,1,1,19,1,20,9,1,10,9,1,12,8,1,17,18,1,15,1,22,1,14,1,1,1,1,1,12,1,7,8,1,16,12,1,10,2,17,13,18,9,1,1,8,1,17,13,14,8,1,1,1,1,1,1,1,1,14,20,1,16,1,1,11,13,1,10,5,26,13,1,11,18,12,15,19,15,1,8,1,10,1,11,8,2,1,14,11,14,1,11,7,13,1,24,1,1,25,7,68,1,5,11,23,13,1,1,15,14,1,1,1,1,1,12,12,5,1,14,1,12,7,1,1,9,15,15,1,17,15,1,1,1,3,1,1,1,12,11,1,1,12,1,1,13,1,14,14,24,16,20,4,1,13,1,16,8,1,16,1,11,1,16,8,20,12,16,1,1,14,1,1,11,1,1,8,14,1,1,8,15,1,1,15,16,8,22,13,1,12,1,14,13,21,1,1,1,1,1,1,1,1,1,1,5,1,1,1,32,19,5,15,16,9,1,18,15,1,1,13,16,8,1,16,19,10,15,1,24,1,1,1,25,8,1,1,6,15,1,1,15,1,1,2,8,1,11,18,1,12,15,2,10,1,13,9,1,12,1,1,1,4,1,1,1,7,15,14,8,1,6,7,5,1,12,47,2,11,1,1,1,1,1,11,3,1,15,1,7,1,1,1,1,9,1,1,21,7,13,1,20,1,10,11,1,1,14,15,1,7,1,1,1,12,1,1,17,9,1,9,1,4,10,5,16,1,11,13,18,13,1,9,13,1,1,1,1,16,5,1,9,2,9,1,6,1,1,1,10,7,1,11,8,6,7,12,13,36,1,13,72,1,13,17,1,9,1,1,1,10,1,15,1,16,1,12,1,16,14,1,1,15,6,26,11,17,1,1,1,6,1,6,1,1,1,3,9,4,11,11,1,1,1,11,1,12,8,4,1,2,9,1,9,1,13,2,6,12,5,31,1,2,1,1,1,1,16,1,1,1,8,20,14,6,12,12,12,1,12,1,22,1,2,1,18,15,9,1,1,3,18,7,1,1,1,78,1,9,1,10,1,1,17,1,7,6,12,5,1,1,6,8,1,1,16,10,1,16,1,1,5,14,20,1,16,1,12,35,1,18,1,8,1,10,19,1,8,14,1,12,12,10,1,1,1,22,1,1,16,1,1,1,12,1,11,17,1,17,7,1,8,3,16,10,1,1,9,1,8,1,1,1,24,1,11,5,22,17,14,1,10,12,1,28,6,1,6,1,1,1,1,1,1,9,1,1,1,12,16,95,10,1,1,11,1,1,11,1,10,4,14,1,1,1,16,11,1,11,1,22,8,16,2,9,1,1,1,14,1,19,19,17,20,18,9,1,17,21,15,1,9,1,8,13,24,21,1,10,5,14,1,25,15,16,13,12,1,15,14,1,2,24,1,1,13,1,1,10,1,1,1,13,1,15,10,15,1,13,1,1,14,17,10,9,15,9,9,10,21,11,11,7,1,1,13,1,10,12,1,9,1,22,9,12,1,9,1,14,9,1,10,15,11,9,13,13,1,1,1,66,14,1,1,16,14,13,10,16,9,1,13,16,1,7,11,10,1,9,11,1,19,8,1,1,1,13,14,11,1,1,12,11,1,7,1,14,14,1,10,1,8,1,1,1,1,1,1,18,1,1,12,1,6,12,1,21,1,9,1,9,12,8,1,1,1,1,36,14,1,15,1,13,1,13,14,16,12,16,18,10,9,14,1,1,5,68,13,1,1,11,1,16,22,20,14,1,1,2,10,1,11,1,17,1,1,12,1,1,3,1,1,9,1,13,13,1,19,1,17,1,1,1,19,1,1,1,1,1,1,2,12,1,17,12,6,12,1,1,1,1,9,23,1,8,1,6,1,8,5,1,11,1,1,13,9,9,25,14,25,15,13,1,4,1,1,1,1,1,15,1,14,1,1,9,1,1,10,1,23,1,2,11,1,8,9,12,1,1,1,67,1,1,12,1,24,1,9,7,17,7,1,16,1,1,1,12,14,21,1,29,1,11,7,8,6,2,1,1,8,1,27,1,1,1,11,16,1,14,11,17,1,1,1,1,13,18,1,1,1,1,13,12,1,1,1,2,7,1,2,1,7,12,68,18,8,1,10,10,19,18,7,2,1,1,9,13,19,4,18,1,17,11,1,7,18,1,1,1,7,1,1,1,10,11,1,1,13,1,1,1,1,1,1,9,1,15,1,9,20,1,32,11,1,7,21,13,13,17,1,11,1,13,15,16,12,1,1,1,1,8,1,1,1,3,1,11,1,1,1,23,9,11,15,1,26,1,1,1,22,10,1,2,15,19,18,1,1,1,1,13,1,20,14,17,1,14,11,15,7,10,1,10,1,24,1,1,1,14,4,65,12,9,1,1,13,1,9,1,1,2,1,1,3,1,1,1,1,1,13,11,31,1,1,1,12,5,12,1,1,16,1,1,1,4,7,9,12,12,2,5,11,1,15,1,1,14,1,9,1,15,1,11,10,10,5,1,1,1,1,10,1,16,7,1,1,1,1,1,6,1,16,1,1,7,14,1,16,1,5,16,1,18,14,1,7,13,1,1,6,14,16,1,1,1,1,14,9,1,5,2,23,1,1,1,1,1,5,35,10,19,1,1,1,1,1,3,1,18,1,10,10,1,1,1,1,1,1,16,1,1,17,6,1,12,10,1,10,24,20,6,9,5,13,6,15,12,12,8,1,14,14,1,10,12,21,20,24,24,2,15,1,1,1,16,1,1,1,15,13,12,13,1,1,15,8,11,1,1,1,1,13,1,7,1,79,9,11,13,15,6,1,12,13,1,2,64,1,1,1,13,13,1,8,35,9,14,30,1,2,12,14,1,1,1,1,13,1,1,1,1,12,1,11,11,17,5,15,11,11,15,1,1,3,1,19,13,13,1,15,16,5,5,12,13,1,1,9,15,1,16,1,9,1,11,23,26,7,14,20,1,11,12,2,1,15,1,1,3,1,1,6,14,1,15,1,15,15,20,1,9,1,1,1,42,5,1,4,13,4,13,1,1,5,1,1,1,1,1,1,11,1,1,1,11,12,7,8,19,6,17,1,13,1,1,1,1,5,5,1,1,1,17,18,1,9,10,2,1,1,16,1,3,16,4,4,1,16,1,15,14,19,16,9,1,1,1,19,16,9,8,1,1,16,1,14,1,1,1,1,1,12,1,6,1,1,1,16,1,1,1,1,1,12,1,9,22,1,1,14,1,16,5,16,1,9,1,10,19,8,16,1,54,8,2,8,8,9,2,12,1,1,9,10,18,22,1,1,1,11,1,9,1,12,13,8,13,30,13,38,23,1,1,1,14,1,4,1,1,14,16,18,14,91,9,1,1,15,1,15,20,1,1,19,1,1,2,14,1,11,1,3,1,7,12,1,16,12,1,1,4,7,15,32,1,1,18,1,18,1,1,19,1,17,10,9,1,23,1,12,14,7,1,11,1,1,3,1,1,14,1,16,1,1,15,5,18,17,5,1,1,9,19,1,1,1,1,15,2,1,15,1,20,10,1,1,2,1,1,1,10,1,2,1,1,1,1,1,6,16,1,14,14,2,1,1,1,12,7,18,22,16,17,9,10,1,1,11,17,1,12,44,1,1,1,18,15,7,9,10,12,18,1,1,15,14,6,10,9,11,1,13,14,3,2,1,10,13,10,1,1,17,11,1,20,12,1,1,2,1,1,1,6,10,9,12,16,1,16,1,16,27,1,9,1,1,1,13,1,1,13,15,1,13,16,1,19,20,9,13,17,19,14,1,11,1,1,1,10,11,1,1,1,12,12,13,19,1,10,13,11,21,6,8,3,14,15,9,4,14,15,1,11,8,1,7,1,1,1,20,1,10,9,14,1,1,1,1,1,1,10,13,10,12,13,5,1,1,1,2,12,13,1,18,7,1,22,16,11,1,1,12,1,20,53,12,25,7,10,1,7,2,14,16,12,1,14,15,14,5,96,7,1,10,29,5,9,41,13,9,19,7,10,14,11,1,1,1,12,22,25,1,13,1,4,1,10,1,17,1,1,1,1,7,1,18,1,39,1,5,16,11,3,1,1,20,12,1,1,1,1,1,1,1,1,10,1,1,9,1,1,1,14,6,1,1,14,1,1,1,1,1,11,1,9,1,10,1,19,1,1,1,1,1,1,1,16,1,1,1,10,14,17,1,12,1,1,1,14,1,6,15,12,18,15,1,1,8,1,15,1,19,13,14,1,2,1,16,1,9,19,13,4,1,1,7,26,21,1,1,1,1,12,14,1,1,1,11,7,1,6,5,17,24,14,1,6,13,12,1,9,1,1,8,8,16,14,1,18,15,7,3,1,1,1,11,13,1,1,5,1,14,1,10,8,6,10,7,1,240,1,10,8,5,1,14,4,16,18,1,1,10,1,9,1,1,67,2,22,1,18,1,11,1,10,34,2,17,1,16,22,1,1,1,11,11,21,1,1,14,1,13,1,28,1,1,1,8,1,5,1,1,11,25,11,14,1,1,11,11,8,1,6,1,1,1,2,1,1,12,1,5,1,2,1,1,25,17,18,19,2,15,1,1,1,18,14,1,1,1,66,9,7,13,12,1,12,14,1,17,1,1,1,18,1,1,1,9,10,20,1,9,1,4,6,15,1,1,13,8,1,1,13,9,1,10,1,12,36,15,7,1,1,1,3,9,1,10,15,1,11,1,1,20,16,1,8,1,1,1,5,1,1,1,1,8,1,17,1,19,10,13,1,15,20,1,12,1,16,1,1,1,15,7,1,8,12,5,1,15,17,1,1,1,10,1,12,1,1,1,1,23,14,13,1,10,9,1,1,15,12,14,1,12,30,1,14,27,1,10,1,1,19,13,10,1,7,15,11,10,1,10,1,1,1,1,1,17,1,1,1,1,1,1,1,12,1,7,1,20,1,1,11,24,18,5,10,18,1,1,1,1,1,1,12,1,7,1,1,11,9,9,14,49,11,6,8,1,1,14,14,8,10,2,17,22,1,1,1,16,1,16,1,1,14,1,11,24,16,1,7,13,1,1,10,16,13,1,13,13,1,1,1,14,17,1,10,1,12,1,18,13,7,17,14,21,1,15,1,13,1,10,25,1,1,11,1,1,16,11,11,8,1,1,5,9,7,1,20,1,12,1,11,1,18,1,2,3,2,1,24,1,1,21,16,26,1,1,1,1,9,15,14,1,1,6,1,14,4,1,1,10,12,1,15,6,1,1,18,1,1,14,12,111,1,1,2,6,1,15,1,17,1,1,1,22,1,1,14,1,1,5,7,1,11,1,1,1,1,1,4,14,1,13,1,1,1,4,5,1,1,6,8,3,1,1,12,20,1,1,12,1,1,19,12,10,18,19,12,1,1,1,1,15,11,1,1,12,1,10,23,7,12,1,40,7,1,20,1,5,1,20,7,13,80,1,9,1,9,1,1,2,1,8,11,1,1,4,10,12,11,12,39,1,1,45,1,12,1,48,15,13,1,8,8,1,4,8,13,1,13,29,6,19,1,1,1,1,1,12,1,19,1,20,17,17,1,10,1,13,20,1,16,1,1,1,1,15,1,7,9,1,27,1,17,1,8,1,6,8,1,8,2,14,62,1,1,1,13,12,11,1,1,8,1,1,1,2,11,1,1,1,6,1,11,12,102,1,1,11,11,13,1,1,1,1,4,1,11,1,1,1,11,8,1,11,18,8,1,11,1,1,1,1,9,1,3,1,23,9,17,1,125,10,1,1,21,1,11,1,4,15,2,12,14,1,14,1,1,12,18,9,14,24,1,1,1,1,11,5,1,12,34,2,1,1,1,10,7,21,13,16,9,1,8,8,1,1,6,14,10,1,39,2,1,1,1,6,7,1,17,8,13,1,17,15,24,1,1,13,1,1,1,1,17,1,2,1,16,1,1,1,1,10,16,12,1,1,1,9,21,2,27,1,26,1,1,1,16,5,32,1,1,13,1,7,15,1,1,1,1,11,1,9,1,1,19,17,149,10,1,1,1,1,10,1,1,1,1,16,3,1,15,15,3,1,18,1,1,15,11,1,1,1,11,12,1,1,1,5,8,8,1,36,6,1,1,11,2,1,16,9,1,9,17,1,1,1,12,1,14,1,9,1,11,16,10,4,15,1,6,9,25,1,1,11,1,24,19,4,13,1,8,9,1,1,1,1,16,12,1,2,1,1,4,1,1,10,8,14,1,10,1,2,12,1,14,12,19,6,8,13,8,1,18,1,1,14,1,15,9,7,1,1,1,16,1,8,2,10,12,1,16,1,1,10,1,8,15,1,1,16,11,1,18,1,16,1,10,75,1,1,1,1,1,1,10,9,73,1,1,9,49,1,1,1,1,1,1,2,6,14,14,14,1,1,13,1,7,8,1,1,12,12,15,8,1,1,15,14,1,1,26,8,13,11,1,1,11,1,2,1,11,1,1,14,1,1,12,18,9,4,16,10,1,1,9,17,20,1,2,1,23,1,17,7,1,16,1,1,1,25,2,5,1,1,17,1,1,14,1,1,1,1,12,31,1,24,1,87,13,1,1,23,1,1,12,16,12,31,1,1,1,1,15,9,1,4,1,15,10,19,15,1,1,1,459,16,1,7,1,1,1,1,1,1,6,11,18,1,1,5,1,15,1,1,11,8,1,1,16,15,1,1,1,1,2,10,14,31,3,18,10,8,1,1,15,14,15,11,1,1,1,5,12,9,11,1,1,14,8,11,1,2,17,1,1,1,1,1,2,1,16,1,4,1,12,8,1,1,12,13,1,1,1,1,1,12,1,14,1,1,14,8,4,8,19,1,11,1,8,1,1,1,13,31,1,1,1,4,9,19,4,15,14,12,11,9,2,11,1,1,14,2,1,1,1,1,19,13,11,12,2,16,4,1,1,1,17,1,12,13,1,1,11,1,12,5,1,63,15,1,1,9,1,20,8,1,18,11,1,11,12,8,1,1,14,75,1,6,7,1,20,17,1,10,1,14,17,13,3,35,12,11,1,1,1,6,13,10,1,1,1,16,9,18,1,1,1,1,1,1,16,1,4,13,1,9,1,11,1,1,1,1,1,14,5,1,12,6,1,9,1,1,14,1,1,1,1,10,1,19,15,13,1,10,13,1,1,21,10,6,12,1,1,9,6,1,18,16,9,1,27,1,1,17,1,10,7,13,1,1,16,5,15,1,1,6,7,1,1,17,1,1,9,9,1,9,1,1,11,1,13,12,10,30,1,13,12,9,116,10,1,1,14,6,8,14,1,1,1,1,1,1,10,1,1,14,10,1,1,12,14,1,17,13,16,10,8,1,1,1,1,14,1,13,1,8,1,1,1,9,1,10,2,12,14,8,23,1,20,12,1,13,1,1,11,17,1,1,1,1,1,13,14,10,8,1,1,1,2,1,2,9,1,2,13,1,4,13,1,1,14,1,1,8,1,1,1,10,1,1,11,1,14,27,1,14,1,1,49,1,1,18,1,6,1,1,1,15,8,10,1,1,1,1,10,11,15,9,1,1,15,15,14,11,5,13,1,37,20,1,1,12,12,12,14,11,6,1,9,1,1,16,30,1,1,1,21,5,20,13,1,1,1,1,12,7,11,14,1,1,1,1,11,11,43,14,20,12,1,18,13,56,15,9,1,1,8,1,13,17,1,1,5,13,1,7,1,1,1,1,14,1,13,14,14,16,16,1,11,24,1,15,15,17,1,21,14,1,1,12,1,1,8,2,16,18,1,1,1,16,20,23,1,6,1,8,7,9,2,10,12,1,4,1,26,1,13,21,1,1,2,1,16,16,1,1,10,1,14,1,16,16,1,16,1,9,21,21,1,1,22,8,2,14,16,1,1,17,15,1,16,14,9,1,1,16,1,16,1,13,12,8,12,1,1,1,22,14,1,19,7,1,12,13,13,1,1,14,17,16,1,15,1,9,8,2,11,10,1,1,15,1,18,2,10,6,1,1,77,1,1,14,6,2,1,6,18,7,1,3,1,11,9,1,1,8,10,12,1,1,1,14,1,8,1,9,1,1,12,1,48,1,20,4,2,12,19,22,1,14,1,12,11,1,1,1,1,1,1,14,1,18,5,13,10,1,28,1,1,1,1,1,1,345,11,1,15,1,9,13,8,1,1,10,11,7,1,1,1,1,6,18,4,17,12,1,11,5,2,12,11,1,1,1,1,1,1,1,1,10,1,1,9,7,1,1,28,2,64,12,16,1,7,12,11,1,10,14,8,14,11,9,1,13,243,5,13,9,23,1,12,1,1,1,10,20,1,16,1,19,18,50,2,13,1,1,18,1,1,19,1,9,1,5,1,1,1,19,12,1,1,2,8,18,17,1,1,1,14,19,1,13,12,1,14,14,15,1,10,15,1,1,1,1,1,1,14,1,8,9,18,14,12,17,13,1,1,9,8,1,6,1,1,24,10,1,1,12,12,1,9,9,17,7,5,1,1,10,14,1,1,1,1,83,1,1,1,1,1,13,66,15,7,1,1,15,1,1,13,7,1,1,4,18,1,1,16,3,11,1,1,1,15,2,10,1,1,5,62,1,13,8,4,20,40,1,16,13,15,1,9,1,9,1,11,7,1,1,20,1,1,11,1,11,1,1,14,1,1,1,1,1,10,1,1,14,13,20,1,1,8,1,16,1,1,10,11,1,10,1,1,2,18,1,13,1,1,19,20,4,2,20,1,10,3,10,1,12,22,14,1013,1,1,11,1,1,4,10,9,1,9,21,1,16,1,15,10,1,2,9,1,1,2,1,5,16,10,1,1,13,8,1,12,1,16,21,1,1,23,12,20,26,1,25,1,1,15,17,1,2,1,6,15,6,1,1,1,1,2,12,9,4,6,1,1,16,55,1,17,4,14,12,14,1,1,1,16,12,6,1,18,1,1,1,12,1,9,1,11,6,1,9,8,35,4,1,9,9,13,14,12,12,12,1,13,1,19,11,1,1,17,1,1,11,1,14,1,1,7,13,1,38,17,1,22,25,1,1,1,12,25,15,7,1,1,1,8,1,7,13,29,11,16,1,4,1,12,10,1,12,1,1,1,10,1,1,11,13,1,1,13,1,1,12,1,17,11,1,1,1,1,1,1,4,6,9,13,11,3,15,14,12,16,1,13,1,1,1,7,1,1,10,11,18,14,1,1,1,1,18,4,7,63,14,24,1,1,1,1,10,1,14,14,1,12,1,1,16,1,9,1,18,1,10,14,9,1,117,1,16,1,1,1,13,1,9,13,1,14,1,1,1,1,9,11,15,9,21,2,6,1,1,1,9,11,1,1,2,1,1,1,11,1,1,18,1,3,1,18,13,1,12,19,2,1,22,2,18,14,12,10,1,1,9,11,13,10,1,10,10,36,11,13,1,1,1,1,19,15,60,1,1,1,16,1,10,7,1,16,29,1,1,8,1,1,15,12,1,7,1,20,8,1,22,1,1,10,6,13,1,18,1,25,1,6,1,1,12,1,1,12,16,15,4,13,1,1,12,18,1,8,1,1,10,1,1,1,1,1,1,1,6,1,8,13,12,23,17,1,1,18,1,1,10,1,14,15,1,29,1,9,1,6,1,1,14,17,1,1,14,19,21,1,1,15,1,1,10,1,9,12,1,33,14,1,7,1,1,1,11,1,19,1,17,1,18,11,12,9,1,7,12,1,1,16,1,10,1,1,17,14,6,10,10,2,10,15,1,1,3,1,11,1,6,1,10,10,1,21,1,18,1,1,9,2,1,1,6,1,10,15,8,1,14,1,1,1,9,1,1,18,9,1,16,7,1,4,1,17,9,14,1,1,15,1,1,14,1,38,9,1,1,1,1,1,1,12,9,1,8,1,5,15,1,11,1,15,1,1,1,1,80,1,1,1,2,14,15,14,24,8,1,1,16,1,1,1,23,1,2,1,1,14,4,19,12,1,1,1,1,10,1,1,13,1,10,1,8,1,1,12,1,7,6,16,15,13,12,17,1,1,1,7,1,1,17,1,8,1,14,11,14,11,12,2,1,3,17,11,13,1,1,7,10,1,4,1,85,1,11,1,16,7,1,1,13,9,1,1,1,1,1,1,1,9,1,10,8,8,1,1,14,8,17,9,1,1,1,7,8,8,1,1,1,1,1,1,9,1,1,24,7,1,1,9,4,1,74,4,1,1,11,1,14,11,1,13,14,2,1,1,12,15,1,1,5,1,1,1,1,11,1,1,10,5,14,8,1,1,1,32,10,1,1,1,14,1,17,1,7,1,1,17,1,1,1,17,3,1,13,13,10,22,11,9,1,11,28,1,10,38,12,15,1,1,12,13,1,7,14,13,1,17,1,1,1,1,1,1,20,7,1,13,1,14,1,15,1,9,1,6,12,9,1,12,12,1,9,21,1,15,2,9,8,17,1,1,13,2,7,13,14,1,1,16,1,15,14,1,1,14,9,12,1,13,1,11,9,1,1,19,17,1,1,17,17,9,11,10,15,2,1,1,12,5,1,9,6,12,12,11,1,1,16,1,1,13,1,25,1,1,1,14,1,1,1,9,1,3,8,1,1,1,12,67,1,15,10,10,2,13,3,12,5,7,2,1,1,12,1,22,1,14,1,1,3,23,1,1,1,1,1,1,11,86,1,18,7,1,9,12,1,1,1,1,1,1,12,1,1,1,12,1,1,1,19,8,12,9,1,12,1,1,6,12,12,1,1,1,8,2,1,12,1,1,12,1,1,16,1,1,1,34,1,1,10,17,12,3,1,1,1,1,1,24,1,1,1,1,10,33,13,1,1,5,10,1,1,1,2,7,1,1,16,1,5,1,1,1,1,15,13,8,3,1,8,13,1,16,23,1,8,1,13,2,1,1,1,9,1,1,1,1,7,11,14,16,11,11,1,9,1,1,1,16,6,1,18,1,1,17,10,19,14,1,16,1,7,1,1,1,19,15,1,16,1,9,1,12,1,13,15,12,10,2,22,5,1,1,10,19,7,9,1,1,1,1,11,1,10,9,1,31,15,5,14,1,1,1,1,19,1,1,1,2,72,8,17,17,9,19,1,1,16,1,13,12,13,11,47,1,1,13,1,11,1,10,13,17,1,22,5,8,1,7,1,10,1,1,2,12,1,10,1,15,1,1,1,24,1,7,1,1,1,15,3,23,13,18,12,10,2,12,19,1,6,1,3,1,1,1,1,9,18,1,1,1,1,22,1,1,12,1,1,18,14,1,13,27,1,1,4,1,1,5,8,15,13,1,1,25,19,1,16,13,11,31,10,16,23,3,1,17,1,16,1,1,11,15,11,19,1,2,16,11,8,5,10,1,1,1,1,9,1,12,1,1,1,1,22,1,10,1,1,1,1,8,1,11,1,1,2,8,8,16,1,1,1,1,19,1,14,15,1,1,1,9,1,10,4,1,70,17,1,18,11,14,16,12,1,1,1,1,15,8,1,1,1,1,14,1,8,14,4,1,18,14,11,1,21,2,1,1,13,14,16,1,16,3,1,1,1,10,1,1,1,1,1,1,13,1,1,1,11,13,1,1,1,1,9,8,15,1,20,1,1,14,26,11,1,1,1,1,18,13,1,1,1,1,7,12,1,1,1,9,1,2,8,11,1,12,12,7,1,12,18,1,1,8,6,1,1,1,17,299,16,6,13,18,16,16,15,1,63,9,1,15,1,1,1,1,15,11,1,16,10,1,10,1,1,1,1,14,7,1,12,31,3,1,12,1,7,11,1,1,8,1,10,1,15,27,26,1,1,16,1,13,10,3071,1,24,18,16,1,11,1,9,1,1,1,14,11,1,1,12,1,1,15,1,15,1,19,16,1,16,7,1,15,18,13,1,1,19,1,6,1,1,16,1,1,19,10,1,1,16,23,1,1,122,1,1,7,1,11,12,1,12,28,10,1,10,1,1,1,12,63,11,1,6,13,12,1,1,16,2,1,1,1,7,1,1,2,22,20,1,1,19,1,11,12,1,11,4,25,13,12,1,13,1,6,20,4,1,62,12,16,19,12,1,11,1,9,23,1,4,1,7,1,14,1,1,8,11,1,60,13,15,1,10,9,18,1,14,14,1,1,24,13,1,1,1,19,32,1,11,18,1,1,1,13,6,1,1,1,22,1,11,9,1,1,18,1,7,1,164,5,13,1,20,31,1,1,1,13,1,1,1,1,1,1,1,3,1,13,12,9,1,12,5,1,4,8,16,1,1,9,2,1,1,27,10,13,10,8,11,6,8,1,11,9,1,1,11,1,1,16,17,2,11,1,1,15,1,6,5,10,1,1,1,6,19,13,1,1,1,1,1,1,2,1,1,1,8,18,11,1,1,15,1,1,1,1,9,11,12,1,11,1,1,1,122,1,1,20,10,20,1,1,1,1,10,1,13,25,1,6,17,11,8,1,9,21,1,13,6,8,1,1,1,13,13,1,1,2,1,1,12,1,9,17,1,28,23,28,1,5,11,11,1,1,1,1,1,1,1,20,7,1,1,1,14,1,6,12,1,1,1,13,11,1,12,11,1,1,9,1,7,10,9,1,29,8,1,16,1,11,16,13,3,36,19,16,1,1,1,26,24,1,107,1,1,4,1,1,1,14,11,1,2,14,16,10,1,1,14,1,1,11,1,1,11,1,1,5,1,1,9,1,5,18,1,23,1,1,1,1,11,1,1,1,10,1,1,8,1,1,15,15,13,8,1,8,1,1,7,1,14,2,1,1,33,1,4,14,13,12,1,1,1,1,16,5,5,11,17,22,15,1,1,15,13,1,15,1,10,10,20,14,9,10,10,12,12,1,15,1,1,1,1,12,1,1,1,5,19,10,12,1,1,12,4,12,1,13,1,18,1,1,1,7,1,11,1,2,12,1,1,1,1,1,12,10,16,13,8,2,15,17,1,7,25,12,20,7,20,1,15,14,10,1,7,18,12,1,38,13,1,1,12,1,11,1,1,11,1,53,7,18,8,19,1,1,11,12,12,1,1,1,11,1,1,1,1,1,1,12,1,7,1,1,1,13,12,17,15,19,14,7,1,1,10,11,6,15,1,8,11,14,1,13,14,1,12,1,2,1,1,10,37,7,10,1,1,2,11,1,1,1,1,1,24,1,1,1,2,13,1,15,21,1,10,1,12,1,8,1,1,18,14,1,1,5,18,24,1,1,1,8,1,5,10,12,16,1,23,14,1,1,10,1,8,1,18,1,12,23,1,13,15,1,1,3,6,10,1,1,7,1,1,1,9,12,1,13,14,1,10,1,13,1,5,9,1,1,12,1,12,12,1,9,1,1,9,14,14,13,18,17,20,8,16,1,1,2,11,15,1,12,1,1,35,17,16,1,12,10,15,1,11,13,18,17,13,12,20,1,14,9,26,5,1,6,25,7,1,1,12,17,18,1,1,1,1,1,18,15,15,1,1,13,21,8,1,16,1,1,1,2,1,1,1,7,4,14,27,8,10,1,1,1,1,1,1,7,12,1,1,8,1,12,9,9,10,10,1,1,1,16,11,1,1,9,1,1,2,1,1,1,1,29,1,2,18,4,9,1,19,13,1,1,23,9,14,93,9,1,15,18,1,1,1,1,1,1,19,26,13,1,1,4,18,1,1,30,1,9,8,19,15,23,1,1,6,1,2,19,1,1,9,1,11,19,1,10,6,13,1,15,18,17,1,4,1,1,13,1,1,13,1,13,1,1,1,9,9,14,10,1,1,9,1,5,1,1,11,1,1,3,9,1,1,1,1,14,1,1,15,15,1,11,1,1,11,1,1,1,1,21,6,54,17,18,9,1,1,1,1,13,1,1,1,15,1,3,4,5,1,16,5,1,3,1,1,2,18,1,1,2,1,1,1,1,1,1,7,1,1,1,1,10,11,4,9,1,11,1,9,12,13,1,1,1,13,24,1,8,13,9,1,1,10,12,11,21,1,6,1,1,12,12,12,8,1,1,3,12,1,11,9,1,1,8,12,1,1,15,1,13,15,10,1,1,1,10,7,16,13,1,1,1,7,4,14,1,17,1,19,1,7,6,8,21,8,7,15,1,1,5,1,1,5,24,15,1,1,1,8,9,11,9,10,1,11,14,9,1,1,15,3,16,12,14,84,1,1,1,11,2,1,1,1,8,1,2,13,1,17,7,1,11,1,16,1,14,24,1,14,16,9,16,1,1,1,1,13,1,15,16,1,8,1,17,7,7,16,1,1,1,14,11,1,5,12,11,12,8,1,1,12,1,1,1,1,11,17,1,15,1,6,1,2,24,19,11,1,20,1,9,16,10,1,8,1,15,15,11,12,1,1,13,11,1,13,1,1,10,8,6,1,1,1,1,1,1,17,17,1,1,8,17,1,13,1,1,12,13,5,13,1,1,15,13,14,1,1,20,1,1,1,14,8,1,18,1,13,1,2,11,1,17,1,1,16,1,13,1,1,1,1,1,1,1,1,1,1,8,1,22,1,1,36,21,1,1,13,15,1,1,1,1,9,12,16,7,4,22,34,1,21,1,1,11,1,14,1,1,1,11,12,19,84,21,7,1,11,1,4,30,13,9,1,9,1,15,15,13,1,14,15,11,1,1,5,1,10,13,9,14,1,1,1,24,11,1,1,1,1,19,6,1,16,10,1,1,15,13,1,1,1,5,1,1,1,14,9,1,1,11,2,1,1,13,8,1,1,1,11,1,1,1,9,1,9,1,28,13,1,14,1,1,2,1,11,14,17,1,1,1,15,16,1,5,1,1,1,11,1,1,8,1,1,1,22,14,28,1,18,1,11,1,11,1,14,11,1,25,11,1,16,1,4,1,12,17,12,16,21,10,1,13,21,12,17,1,8,1,1,16,12,13,2,1,9,16,1,1,2,12,2,1,8,31,1,1,11,1,1,13,1,1,1,16,12,14,13,13,1,20,1,16,14,11,14,1,22,12,1,1,18,1,11,2,1,1,16,1,21,9,7,30,1,1,4,13,11,1,18,1,1,7,1,1,1,1,13,10,1,13,3,1,10,1,7,1,1,1,15,1,1,1,1,1,5,13,19,10,4,9,2,12,1,19,1,1,1,10,13,1,13,1,6,14,1,11,1,8,1,14,15,13,13,11,9,8,19,1,12,1,13,13,11,6,12,28,1,1,11,1,1,3,1,21,14,1,8,17,1,57,1,1,18,16,1,7,21,1,8,7,8,1,1,1,1,5,1,16,14,1,1,1,2,1,1,60,13,16,15,13,1,9,12,1,7,2,15,37,87,2,1,1,9,31,1,1,16,1,1,1,13,1,1,1,1,21,1,1,1,1,13,11,23,1,1,1,10,8,11,1,1,14,12,1,1,14,20,1,2,1,10,14,1,6,1,1,15,1,1,12,14,7,1,1,1,1,1,1,1,1,8,1,1,1,1,12,12,1,3,7,14,20,4,4,1,12,18,16,16,1,1,1,15,1,15,18,1,14,11,1,10,1,1,1,1,1,10,12,1,11,1,1,1,1,1,20,1,1,1,1,1,13,12,10,12,1,12,1,21,4,1,1,11,16,1,21,1,1,1,1,1,10,8,1,8,1,17,1,1,1,1,8,19,1,1,13,1,1,1,1,10,1,14,1,16,1,10,1,1,13,10,9,22,1,1,19,16,1,26,24,1,10,1,1,6,1,1,1,3,1,4,19,15,1,1,12,1,22,1,1,1,12,16,5,1,14,14,8,14,1,23,1,1,1,6,2,1,1,1,1,1,1,1,17,1,8,1,1,8,7,1,9,1,1,13,11,15,16,12,1,10,1,35,1,1,10,1,16,15,7,1,6,1,14,1,14,3,13,14,1,13,8,19,51,1,10,14,4,12,9,1,1,18,1,141,1,10,11,12,10,15,12,19,1,1,1,1,11,1,1,12,27,1,1,11,1,9,6,1,15,13,14,1,1,19,1,1,13,1,2,12,1,1,1,1,1,1,2,13,1,1,18,1,1,8,8,1,9,1,12,15,1,1,1,10,15,1,1,1,22,1,10,18,1,10,1,15,29,1,1,1,1,8,1,1,24,1,2,17,20,18,1,1,1,1,1,13,16,1,1,10,36,1,16,13,1,15,1,1,1,1,1,1,14,1,1,1,1,12,19,1,1,18,7,6,16,18,15,13,2,1,10,37,13,2,1,1,1,20,1,8,1,1,1,1,1,1,1,11,12,9,14,8,1,1,6,1,12,6,13,13,1,1,14,9,1,7,1,1,2,1,1,1,16,11,1,20,1,1,1,13,16,1,3,10,26,1,19,11,1,5,1,1,1,1,16,4,1,3256,1,14,1,21,1,17,1,16,9,1,13,1,3,1,17,4,1,8,1,1,14,10,12,1,1,16,1,8,17,11,1,1,2,10,9,13,7,1,1,27,1,11,15,1,3,1,15,22,1,1,17,1,7,1,1,12,1,1,1,1,17,1,1,1,8,25,1,8,1,13,1,12,1,1,13,19,10,11,6,17,9,13,2,10,2,1,12,1,2,1,1,1,1,1,19,1,10,1,1,1,10,17,14,18,1,1,15,10,19,14,8,1,5,11,3,7,11,9,1,8,4,15,1,9,10,1,1,15,1,10,1,11,1,1,1,1,11,1,1,1,1,12,1,8,1,1,1,1,21,1,1,14,13,18,14,1,16,1,1,16,1,17,1,10,18,11,1,1,10,1,12,1,17,1,2,9,13,11,1,1,18,8,1,32,16,14,2,24,1,11,14,1,13,15,1,1,21,8,14,1,1,13,19,7,1,12,8,10,8,11,2,27,14,18,3,1,16,8,2,13,12,1,1,1,11,1,12,1290,6,26,1,93,10,18,12,9,12,1,16,11,1,5,1,6,1,1,1,1,14,1,11,1,1,1,1,19,1,1,1,1,1,1,10,14,2,1,3335,1,1,1,1,1,1,5,1,1,1,9,1,1,1,9,1,12,12,8,12,1,1,11,1,1,7,18,1,1,1,63,1,22,8,1,1,1,21,9,7,15,16,21,10,1,1,1,12,7,12,6,1,1,1,1,13,3,12,15,1,14,12,1,1,1,1,1,1,1,1,1,16,8,1,1,2,48,1,12,1,17,13,1,17,6,1,1,12,1,1,9,12,10,1,7,13,1,13,5,1,1,10,1,7,8,1,7,14,10,1,16,17,6,1,1,9,1,26,15,9,2,6,1,1,1,1,1,1,1,1,2,13,1,9,2,14,17,10,12,1,1,10,1,1,13,2,24,11,12,11,10,1,1,10,1,1,1,1,1,114,1,5,11,8,7,9,1,9,1,13,17,1,1,25,19,11,17,15,1,1,7,16,12,6,3,1,11,12,1,1,1,1,18,10,17,10,12,1,1,22,3,6,17,1,14,7,122,1,15,15,17,7,34,1,22,18,1,1,20,7,1,1,14,1,1,12,9,8,12,13,10,1,16,15,1,1,12,1,8,1,1,1,1,1,2,4,13,15,1,1,1,1,1,2,9,1,1,1,1,1,1,9,16,11,1,12,12,15,6,10,13,1,1,9,1,8,16,1,10,10,11,7,16,12,32,22,8,20,1,1,25,9,9,1,20,1,1,3,15,1,1,1,243,1,21,57,1,24,15,12,6,10,2,1,7,11,1,1,7,11,12,4,35,1,28,13,12,1,7,11,12,9,1,8,6,1,10,11,1,17,1,18,8,1,1,1,1,1,1,14,1,1,12,2,4,1,1,1,1,1,1,11,11,1,6,14,1,1,8,1,7,1,4,1,5,1,1,1,7,8,19,9,14,1,7,13,1,1,8,14,14,1,1,13,1,11,19,11,16,6,26,4,1,1,1,1,13,1,1,10,1,18,1,1,14,1,17,1,11,14,14,10,7,1,1,1,1,1,15,13,1,1,1,14,15,1,8,14,7,1,1,1,1,10,1,1,1,15,7,17,16,1,1,1,18,14,1,25,1,1,1,7,1,1,14,1,13,17,1,1,2,5,14,7,1,16,1,1,1,14,13,1,1,1,15,121,12,1,10,19,6,1,1,13,16,1,1,1,1,2,1,9,1,1,1,12,10,1,1,5,9,1,7,1,11,1,1,8,9,9,1,1,1,1,1,28,1,1,14,16,13,1,1,8,11,8,1,15,1,1,1,22,16,18,1,7,1,17,1,7,10,14,1,12,1,1,1,19,1,10,13,1,16,1,1,1,1,4,1,1,21,19,13,1,1,1,13,11,1,1,4,3,1,14,1,2,1,1,1,1,1,1,1,1,1,1,12,20,16,7,1,13,11,2,11,8,10,9,1,1,1,1,16,1,1,8,22,1,1,1,8,20,1,13,1,1,1,1,16,2,13,12,12,11,14,1,1,13,1,48,9,1,2,1,1,2,1,1,55,18,2,1,19,8,13,4,1,17,10,18,4,11,43,1,1,1,3,1,1,12,1,16,14,1,1,10,12,1,1,1,1,1,12,1,8,12,1,1,1,1,1,15,12,15,13,13,9,12,1,11,16,1,1,15,1,1,10,2,1,11,1,1,11,11,10,1,1,2,29,1,1,11,14,1,1,28,1,1,1,1,1,1,6,1,1,1,1,20,14,1,8,14,13,2,13,16,1,1,34,1,7,17,1,11,1,1,1,1,8,3,14,1,1,1,9,3,1,1,1,12,8,1,8,1,6,14,9,31,4,8,17,1,1,6,5,1,1,1,11,1,1,1,1,7,14,1,1,1,1,1,1,1,10,6,1,8,1,1,1,1,5,1,10,1,1,8,9,1,1,1,16,13,12,8,11,1,20,1,1,1,1,10,11,1,1,13,1,1,13,4,15,10,1,13,1,1,1,12,1,1,55,11,9,1,1,1,13,8,8,9,15,1,8,1,18,12,10,1,5,1,12,1,12,3,1,12,1,1,16,15,6,16,11,10,9,12,11,94,16,12,1,1,7,18,13,1,1,1,5,1,18,1,13,14,11,2,1,11,1,1,1,1,11,1,1,1,9,1,1,1,8,8,1,1,1,23,2,1,1,9,1,1,1,1,8,10,1,1,7,7,1,1,9,12,1,1,15,12,1,16,5,1,14,45,11,12,1,1,1,1,10,17,1,10,10,12,14,10,13,10,1,1,1,1,10,8,1,1,14,1,13,1,9,1,1,1,1,12,8,1,1,13,10,15,1,2,14,12,13,11,10,1,82,14,1,22,10,6,1,1,16,1,1,11,1,1,7,1,7,1,1,32,1,1,1,16,2,1,20,7,1,16,21,1,1,11,20,1,1,1,8,4,87,1,16,6,1,1,1,15,15,18,1,1,24,7,13,3,6,12,13,1,1,1,1,1,1,12,4,16,12,11,8,2,2,1,16,6,11,8,1,1,14,10,14,2,1,2,1353,1,1,1,5,1,15,19,1,2,12,17,1,4,1,16,1,1,1,15,27,13,16,1,1,1,10,16,1,1,1,1,12,31,4,1,21,9,1,1,14,1,1,21,2,15,3,11,4,1,12,1,16,22,1,1,18,1,10,11,1,1,1,12,1,1,15,1,1,1,11,1,19,13,1,25,7,10,1,9,15,14,1,6,13,11,1,1,8,16,17,8,5,13,30,8,9,1,1,15,3,1,1,1,1,18,11,1,1,1,15,7,14,5,1,16,15,16,1,1,8,11,1,14,1,7,13,1,1,1,7,17,18,12,17,9,14,1,1,1,19,1,1,1,1,9,1,8,14,1,1,12,1,1,26,1,1,1,1,8,4,1,8,32,1,1,1,1,1,13,1,1,1,8,16,1,3,1,8,10,10,19,13,12,1,1,1,16,23,25,1,18,15,11,8,51,1,1,14,1,18,15,15,5,1,1,2,1,1,11,13,6,18,9,1,1,9,1,1,1,13,1,14,7,10,15,1,9,1,1,1,6,1,1,9,7,1,17,1,1,1,11,1,1,1,1,1,1,15,1,17,2,15,1,1,1,15,12,6,1,12,1,20,2,20,1,1,1,9,5,1,10,1,1,16,1,1,1,11,1,1,6,1,1,23,13,15,1,1,9,17,10,13,11,5,13,7,11,1,1,1,1,16,14,11,14,17,1,1,1,5,1,13,1,15,1,15,6,5,1,7,12,9,11,3,1,1,21,1,18,10,19,8,15,14,15,1,1,13,1,9,1,11,1,3,20,1,1,1,1,1,1,107,16,6,1,11,1,17,11,15,1,13,14,17,13,1,1,8,1,17,1,16,1,12,1,24,2,1,7,12,1,1,1,1,3,1,1,1,20,13,12,1,1,14,1,14,1,5,13,1,1,1,3,1,18,1,12,13,3,7,11,2,20,27,6,1,1,21,10,23,1,17,1,1,7,11,5,11,9,17,17,1,1,7,18,18,21,6,10,10,11,11,18,1,6,1,1,1,8,1,12,1,71,10,16,1,8,10,1,1,9,11,1,1,1,4,3319,1,1,1,13,11,8,13,19,6,12,1,1,1,1,1,2,1,19,8,9,15,1,6,14,1,1,1,13,4,1,27,1,1,13,8,1,13,9,13,1,1,1,2,1,1,21,1,11,14,1,1,12,1,1,8,6,20,1,1,1,19,19,1,13,7,9,1,1,1,1,1,1,1,1,1,15,1,1,12,11,16,11,1,1,13,21,18,2,1,1,14,15,14,11,1,19,10,8,1,1,1,12,12,4,2,11,5,1,16,2,12,1,14,14,15,15,18,1,1,1,15,13,1,8,1,7,10,11,20,1,1,23,12,1,1,5,1,5,1,2,18,9,1,1,1,1,15,1,1,1,7,9,1,17,1,7,6,10,1,7,1,1,3,2,1,9,1,1,1,1,9,4,1,1,1,1,8,1,10,24,8,48,21,1,15,1,1,12,1,12,16,1,9,1,18,1,1,19,29,13,11,1,17,1,1,1,1,1,1,13,1,2,2,7,13,16,1,1,11,1,2,11,5,8,13,1,1,1,9,44,9,1,19,1,1,13,15,1,1,1,1,1,3,14,1,1,8,8,1,16,12,13,18,17,2,8,15,1,1,1,11,12,16,15,23,1,14,1,1,1,1,15,1,11,1,1,1,1,7,1,1,1,3,5,1,17,50,1,14,15,12,16,12,1,1,1,14,25,23,1,18,4,1,1,1,18,1,16,1,1,9,25,16,12,1,1,1,1,17,15,9,15,1,1,1,1,6,21,1,1,12,1,17,1,1,18,12,24,1,1,14,10,10,17,12,1,13,18,1,1,19,15,9,27,11,20,15,18,17,8,1,20,1,17,1,1,10,1,1,1,1,10,7,1,1,14,14,1,6,16,3,16,9,3,1,22,3,1,14,3,1,1,2,18,1,2,14,1,1,1,8,19,6,1,14,27,10,2,1,39,16,12,4,10,1,1,14,1,9,13,21,10,54,4,12,9,11,9,1,15,1,1,1,8,18,1,1,1,9,6,1,1,2,1,1,10,1,1,11,28,17,16,1,6,16,1,8,1,13,1,9,1,8,1,1,8,1,12,1,8,22,1,1,1,2,1,1,8,1,1,1,1,9,16,1,9,13,5,10,2,1,13,2,22,16,15,10,19,1,1,3,15,12,1,7,7,1,1,1,13,1,1,8,2,1,1,19,15,1,9,1,1,23,1,9,1,18,12,1,1,8,5,1,1,1,1,1,1,12,13,8,1,1,1,1,12,1,15,11,9,13,1,2,17,7,1,2,9,20,1,3,2,9,1,1,1,19,17,13,18,12,1,17,1,1,1,15,1,1,22,1,8,12,1,11,12,1,16,21,1,1,9,16,9,1,1,1,1,1,1,1,1,1,1,4,15,13,1,1,7,5,11,10,1,4,1,14,1,1,1,1,1,1,9,1,12,62,1,8,6,1,1,15,2,15,15,1,1,9,11,12,11,1,4,1,1,7,10,10,1,15,12,15,15,17,8,11,14,1,1,9,13,1,14,10,1,1,22,3,1,9,17,1,16,11,1,1,1,9,2,10,11,1,17,1,1,12,1,1,1,15,16,1,1,9,18,1,1,16,13,1,15,23,14,1,1,1,1,17,1,7,1,8,13,1,1,1,16,14,1,15,1,1,1,18,1,9,1,23,1,1,2,15,4,17,9,2,1,1,9,6,18,7,1,8,1,9,10,8,1,1,1,11,1,3,10,1,15,17,1,1,15,1,14,10,12,12,1,4,14,1,12,8,13,2,1,11,1,13,1,5,1,1,37,1,1,1,1,10,1,1,23,2,9,1,11,1,1,11,1,1,1,11,1,12,13,1,14,19,8,1,6,1,1,10,18,1,2,12,14,17,1,12,15,1,1,1,1,1,19,11,1,6,7,1,19,12,18,10,1,1,10,1,28,6,12,9,17,1,1,1,10,9,1,12,1,11,1,10,1,1,20,6,41,1,1,49,1,15,93,5,1,1,1,1,1,1,10,1,1,21,16,5,1,1,8,1,1,1,12,4,1,2,1,20,13,19,5,11,17,10,4,6,2,14,1,1,2,9,12,3,1,1,1,7,1,2,1,1,19,10,18,1,8,16,17,1,1,8,1,14,1,1,1,18,1,16,1,15,1,18,14,1,1,28,1,10,1,4,7,1,1,1,1,8,14,1,8,1,26,14,20,17,11,1,20,8,18,9,12,1,1,11,1,1,13,12,7,1,1,1,1,15,1,1,16,1,18,1,1,1,12,8,10,1,1,8,9,34,1,1,1,12,9,12,1,1,1,10,14,16,1,5,9,1,1,8,12,1,3,14,10,1,1,11,11,1,37,1,18,5,1,18,1,17,7,1,1,1,1,1,13,7,1,7,9,1,20,13,16,1,1,11,8,15,10,1,26,1,1,1,17,14,1,1,1,7,7,1,16,1,18,1,11,1,1,1,1,1,11,1,1,1,9,16,2,1,25,1,9,1,1,1,10,15,1,16,9,2,12,1,20,1,1,1,5,13,1,87,1,1,31,13,13,1,19,1,1,1,9,1,1,4,1,1,1,10,1,1,15,10,6,15,1,13,1,16,17,16,1,4,1,1,1,1,13,2,1,2,15,1,1,1,8,10,1,6,16,1,1,7,16,1,18,10,10,13,13,1,11,13,1,1,12,1,1,15,11,10,1,4,1,1,32,1,1,13,1,1,1,13,1,1,9,1,1,15,56,1,1,1,10,1,4,1,4,1,1,1,8,14,9,6,1,9,12,12,1,1,11,16,15,1,11,12,1,9,7,1,1,12,1,1,11,13,8,18,15,1,1,11,1,12,1,1,1,19,1,1,8,9,1,1,1,1,1,18,1,1,1,21,7,1,11,5,20,15,1,19,1,10,1,1,8,1,14,5,2,28,2,1,1,1,9,1,9,10,10,4,13,1,1,2,14,1,1,1,3,12,1,7,1,11,11,1,1,18,1,7,1,6,8,6,1,10,6,1,1,21,16,1,8,1,1,15,2,5,12,12,8,1,14,1,12,1,21,1,2,90,1,13,13,1,19,1,1,7,9,17,1,1,15,1,12,2,1,1,1,1,1,1,12,1,12,10,9,6,1,1,1,21,1,12,8,17,8,10,10,17,9,9,6,1,1,13,1,1,14,1,1,19,1,3,1,1,1,1,19,1,1,1,17,1,11,14,10,9,9,1,6,1,1,1,1,1,1,1,14,1,1,14,12,19,11,1,1,20,13,12,1,1,14,1,3,11,5,1,1,1,1,10,1,1,14,1,17,1,1,1,1,1,7,16,1,11,1,11,16,1,1,1,1,1,13,8,16,1,1,16,2,1,1,1,2,1,10,17,1,1,9,1,1,10,1,1,1,15,11,273,1,9,1,14,1,10,1,1,12,1,12,1,7,1,1,12,7,4,8,1,1,23,6,9,17,1,1,20,62,1,1,4,17,1,8,12,1,1,12,1,1,14,1,18,1,1,1,1,1,1,13,10,13,1,1,1,1,18,1,27,1,1,8,1,1,1,1,1,22,1,11,1,10,10,1,15,1,13,17,1,1,11,6,11,1,4,14,1,1,1,1,12,1,8,9,1,13,16,1,2,6,1,1,10,3,1,13,1,29,12,7,10,1,12,1,2,16,13,16,15,7,1,1,1,1,1,1,17,1,24,12,16,1,1,1,1,12,13,16,1,14,16,1,3,15,1,9,15,15,1,14,19,14,11,12,8,1,14,4,1,9,1,1,1,1,1,4,1,3,14,11,1,16,1,1,14,1,12,22,1,7,1,13,7,16,1,14,1,1,1,1,14,1,2,8,2,1,19,1,14,1,1,14,1,9,11,13,1,12,14,1,1,18,17,1,5,1,9,13,9,12,1,11,1,1,25,15,1,1,1,10,1,12,1,1,1,15,12,11,1,1,1,1,1,14,51,1,9,1,12,9,11,1,11,12,16,1,14,11,1,1,12,1,12,1,16,12,9,1,15,12,1,1,10,9,1,1,7,1,1,10,1,2,7,1,13,8,1,1,1,15,1,2,13,1,9,1,1,14,12,1,4,14,11,1,1,1,14,1,1,1,12,1,7,1,9,12,1,12,1,4,1,1,1,1,13,1,1,1,9,29,1,14,1,11,18,1,1,12,1,1,19,12,12,13,1,2,2,5,7,11,37,1,4,9,1,1,7,11,11,1,1,15,12,27,1,11,1,1,13,9,9,10,1,1,4,25,1,1,8,1,15,1,8,1,1,1,1,2,1,10,1,14,20,1,11,14,19,1,1,1,1,22,1,7,11,1,14,17,12,1,7,10,1,15,20,10,12,1,1,1,1,1,9,7,1,1,16,1,13,1,17,10,17,1,13,1,1,20,1,10,1,1,5,1,14,2,16,1,23,1,33,1,9,10,1,1,1,1,1,11,10,1,1,1,1,14,4,8,8,1,1,1,11,9,10,1,19,26,9,12,13,17,1,9,1,1,11,1,12,1,1,1,42,23,1,1,14,6,1,1,1,1,9,16,1,1,7,16,1,1,16,1,7,1,19,1,12,1,1,15,11,1,13,12,3,1,13,1,7,8,1,21,14,1,1,1,6,1,1,1,11,6,1,1,2,1,1,6,1,1,1,7,12,1,11,1,14,10,1,1,1,13,13,1,15,9,14,22,12,1,1,10,20,7,1,13,16,14,16,10,1,1,1,1,1,1,6,1,15,1,1,12,12,24,1,83,2,1,1,1,3,7,13,1,15,1,1,1,10,7,1,1,1,1,14,4,1,18,11,14,8,10,1,17,1,22,1,1,1,1,10,1,16,14,19,1,23,2,8,10,1,2,19,2,1,11,17,1,12,1,1,6,8,8,1,14,1,15,24,11,18,1,1,1,1,11,24,1,15,1,1,28,24,1,8,6,6,1,1,1,1,1,16,1,1,1,1,1,1,8,1,1,1,15,19,1,1,12,1,1,1,1,10,1,1,13,1,1,10,1,1,10,8,7,16,1,18,18,1,11,18,17,23,22,1,2,1,11,10,11,8,1,4,1,9,1,17,1,1,19,9,10,13,1,1,15,19,1,1,1,7,16,5,1,9,13,13,9,2,10,1,2,5,1,1,1,14,14,1,8,1,13,9,9,1,3,1,2,18,1,13,1,1,4,2,1,3,11,1,13,8,16,1,1,17,11,1,1,9,5,1,1,20,11,1,11,1,12,14,5,1,1,2,1,10,11,18,6,1,82,15,1,1,1,15,8,17,11,15,10,15,20,11,1,6,1,4,1,1,1,1,4,14,1,5,10,11,6,5,1,1,1,1,12,14,1,8,1,11,1,1,15,13,1,14,7,36,1,2,2,7,8,32,1,1,12,1,16,1,1,1,1,1,21,13,12,1,12,1,7,8,15,1,11,1,1,10,24,21,1,34,10,21,14,12,1,1,19,1,1,7,1,42,1,2,14,24,11,3,1,12,16,19,1,2,16,5,1,1,1,5,1,20,5,9,20,1,1,9,1,1,1,1,1,1,1,18,8,18,9,1,1,7,1,1,7,1,10,8,15,1,1,1,1,1,1,15,19,11,101,12,17,1,1,1,1,12,10,1,1,1,1,16,1,1,1,1,1,1,13,1,1,3,1,1,13,24,10,14,1,6,13,11,16,1,7,1,11,1,20,1,12,1,8,1,1,1,1,186,10,5,1,1,1,1,13,1,1,1,6,21,19,1,1,1,1,1,1,1,1,16,22,1,12,2,5,19,1,13,8,8,1,1,1,1,1,14,25,1,1,10,1,1,1,1,1,1,6,9,2,15,5,19,11,7,4,1,1,11,1,1,1,5,18,16,13,1,1,1,1,1,1,1,1,10,25,1,21,12,1,1,5,11,3,1,1,14,1,6,21,1,1,1,1,1,1,8,10,2,1,12,2,1,1,11,1,17,1,17,1,1,22,1,3,1,10,19,1,11,13,18,1,16,1,5,16,13,1,1,21,1,1,10,16,1,17,1,1,1,1,1,1,16,1,1,5,15,12,1,1,13,9,27,1,1,11,13,1,9,7,9,14,15,1,1,8,1,15,1,14,12,16,1,14,1,1,1,10,23,15,11,8,1,8,9,1,12,1,1,16,8,12,11,14,22,8,1,1,1,1,1,15,1,1,1,17,10,1,1,1,13,1,18,1,16,13,13,15,1,15,191,12,9,1,14,5,18,1,1,12,1,14,7,1,1,1,1,16,7,1,1,13,1,1,3,1,11,1,2,1,16,1,1,1,18,14,1,15,1,16,11,1,1,18,8,1,10,14,1,17,19,6,1,5,2,23,7,10,1,14,1,1,9,12,1,4,6,20,5,1,1,1,14,1,15,1,1,16,15,1,18,15,19,18,84,44,13,1,12,1,1,9,1,13,5,1,15,1,11,22,1,1,1,22,2,19,8,1,28,1,1,16,1,16,8,1,1,1,1,15,11,7,6,1,1,1,1,7,17,1,14,1,1,1,1,1,1,1,12,18,1,13,4,12,13,1,1,10,14,14,10,1,1,1,14,11,3,1,4,1,1,1,1,6,1,1,4,2,10,1,10,14,13,13,10,1,9,19,28,73,1,11,14,1,1,9,1,7,1,19,12,10,19,1,7,1,1,1,1,1,12,1,9,1,1,1,1,18,1,1,6,4,9,19,14,1,11,10,1,25,13,9,11,20,1,14,14,1,1,11,1,1,9,1,16,1,10,1,1,1,1,1,1,14,7,16,7,92,15,13,1,1,17,1,1,1,1,1,1,16,1,1,1,3,1,1,16,1,10,9,1,1,6,1,15,1,6,1,268,4,16,12,14,15,1,15,31,11,1,12,1,13,12,13,1,17,14,1,1,1,1,14,14,1,9,14,8,7,1,1,1,1,13,21,11,7,13,1,18,16,1,1,1,10,1,1,21,1,20,8,1,18,14,15,15,4,1,1,22,1,9,1,12,23,13,1,1,7,14,1,2,12,4,12,11,7,1,1,15,34,5,10,12,1,1,1,1,2,1,25,1,13,7,1,1,4,1,1,22,23,1,15,1,11,1,7,27,16,17,13,1,8,2,9,27,1,1,1,12,7,12,17,1,13,1,14,18,13,12,15,16,9,1,14,12,1,14,18,9,15,1,7,14,8,38,8,1,1,16,1,1,1,1,1,4,4,1,1,1,1,1,13,1,1,1,1,20,9,13,12,13,1,1,15,1,26,7,1,13,1,1,7,1,17,1,1,10,1,1,26,1,17,1,14,1,9,13,11,1,2,8,1,17,10,12,1,7,7,1,17,14,1,9,1,12,15,23,1,1,11,16,1,254,1,10,19,1,9,23,1,12,11,9,15,1,13,1,10,7,17,1,1,23,8,1,1,1,1,1,1,2,14,1,1,9,16,1,1,1,14,1,1,1,1,1,1,1,1,1,14,2,1,1,1,1,94,1,22,1,1,22,1,17,1,14,1,1,1,1,1,1,22,22,1,1,8,1,1,1,1,10,11,1,8,11,14,1,1,22,1,1,1,1,28,7,1,15,12,17,1,1,13,1,17,10,13,1,1,1,10,18,1,27,9,21,12,15,1,1,6,13,25,14,19,17,1,12,1,8,1,12,2,1,1,1,8,16,14,14,8,12,1,1,1,1,8,1,18,54,2,14,5,13,15,1,1,1,1,14,1,10,1,1,1,1,8,1,16,11,1,6,1,2,19,1,6,1,1,1,1,1,1,1,65,8,1,1,1,1,1,15,1,1,1,14,1,1,13,13,9,1,1,12,2,1,1,1,1,1,2,9,1,13,1,1,12,1,1,101,31,1,15,27,12,1,1,13,11,1,7,19,18,8,15,13,24,15,12,1,1,11,13,1,11,5,1,1,12,12,1,20,1,20,1,1,1,3,1,29,6,11,12,1,20,1,10,1,1,7,10,29,8,11,1,1,12,11,1,1,9,13,1,14,5,1,1,8,2,12,1,16,3,1,13,1,1,1,13,19,16,1,1,1,12,2,1,12,20,1,1,14,1,17,1,4,15,3,1,17,3,8,16,1,8,1,2,1,1,1,8,1,12,6,1,13,15,7,1,1,1,1,1,1,13,7,1,1,49,1,15,1,7,5,1,14,1,1,1,1,1,1,1,1,1,11,17,8,1,1,7,1,1,12,17,10,1,1,1,19,18,1,1,1,1,15,1,17,1,11,8,1,1,10,13,1,8,1,12,5,1,13,1,14,10,1,17,1,12,1,15,1,15,2,7,19,7,12,1,5,1,8,18,1,9,26,22,11,1,1,14,1,1,4,6,8,1,1,24,1,15,1,11,1,14,1,1,1,20,19,1,1,2,1,20,15,1,18,9,11,16,1,16,1,11,22,5,1,7,1,1,1,1,1,56,20,1,14,1,1,16,2,1,7,1,1,20,15,1,9,7,12,10,56,1,21,1,11,15,1,4,1,8,9,12,1,15,1,1,15,1,1,1,1,15,1,2,1,1,9,1,17,28,11,1,14,19,1,15,13,2,10,18,9,16,8,14,1,1,19,16,1,11,1,1,1,1,1,1,13,9,5,1,1,1,1,10,11,1,7,16,24,1,10,1,1,1,12,1,6,1,15,5,1,39,15,1,11,1,57,1,4,9,39,1,14,7,1,1,7,1,6,18,1,15,1,1,1,1,1,13,1,13,1,14,16,1,1,1,1,1,1,12,23,1,1,22,1,2,1,1,1,11,9,1,19,5,12,13,1,1,1,13,1,19,11,14,1,14,1,1,21,1,1,1,10,17,2,11,10,1,11,23,8,10,1,4,9,12,1,13,13,17,1,1,8,1,1,1,12,5,8,7,1,9,1,1,4,1,15,85,1,12,9,9,1,1,1,1,3,7,1,1,16,9,1,5,1,21,11,10,1,1,7,1,1,1,180,20,16,1,1,1,14,1,4,1,1,1,10,1,1,1,5,5,1,16,1,10,1,1,1,1,1,2,1,1,14,12,1,1,33,8,12,2,21,11,10,1,4,1,1,7,1,11,10,13,1,25,1,8,19,9,14,1,1,1,1,8,1,12,14,18,13,2,1,13,1,2,1,13,17,20,2,14,12,23,19,16,1,11,1,17,7,1,5,14,8,10,6,10,1,1,1,1,1,1,2,1,1,1,19,1,1,17,5,1,20,1,1,1,16,1,24,9,3,11,18,1,1,11,95,1,1,1,3,9,10,1,1,13,15,17,8,1,8,1,16,15,1,11,28,5,1,1,22,13,9,1,12,9,1,4,1,1,1,10,1,1,25,1,18,1,21,1,1,2,1,1,6,15,1,1,19,1,14,1,13,18,1,14,1,8,53,6,17,1,30,28,16,7,19,1,1,1,1,499,8,1,1,1,1,1,1,1,1,1,17,1,7,19,4,1,1,1,10,5,1,21,1,1,1,5,1,7,24,1,1,1,10,14,22,1,1,1,1,90,1,13,9,15,1,13,13,1,2,12,19,17,13,1,12,1,2,1,1,12,9,2,1,16,15,10,1,1,13,1,11,1,12,8,1,1,1,1,1,3,1,19,12,20,1,1,1,19,1,1,61,7,5,1,1,15,1,10,1,9,1,1,5,1,11,1,15,1,1,14,1,1,1,1,11,1,10,1,10,1,15,2,5,15,1,1,1,7,5,1,1,8,1,13,1,7,13,17,1,20,1,1,8,8,1,2,1,1,16,14,1,1,25,1,1,1,1,1,10,1,1,23,17,5,12,1,1,1,1,14,18,17,14,1,13,22,7,7,1,29,1,12,1,8,20,11,1,1,1,2,9,1,13,19,1,1,1,19,4,1,1,20,15,1,12,1,12,1,1,1,1,19,46,17,1,1,14,1,12,1,1,2,18,12,2,1,1,24,14,21,9,1,13,6,1,17,14,1,1,1,17,7,12,19,1,19,12,1,7,1,7,7,13,8,1,16,1,1,1,1,11,1,1,1,1,13,1,1,5,1,1,1,3,16,13,1,1,1,19,13,5,17,1,8,1,1,1,16,1,1,1,13,11,18,13,1,1,1,1,1,1,1,1,15,1,10,1,4,64,1,1,56,3,1,1,18,16,12,1,1,2,1,15,12,1,1,1,1,6,8,38,23,1,1,2,8,1,1,9,30,12,9,12,57,15,17,1,1,1,13,1,1,15,1,10,28,8,1,1,17,1,1,22,1,9,14,1,1,1,1,22,10,10,13,2,1,1,1,1,1,15,4,2,8,14,1,1,11,13,16,1,1,1,1,1,17,1,11,16,1,1,1,1,10,21,15,1,16,18,1,16,1,14,1,8,1,13,1,22,12,7,1,16,1,16,1,18,1,15,1,15,21,1,18,1,17,1,11,22,17,16,11,1,9,14,1,1,1,32,1,1,14,10,12,16,1,1,1,19,1,13,1,1,24,17,1,1,8,15,14,1,13,1,1,17,1,7,12,1,12,4,14,12,12,20,1,14,1,5,14,8,1,2,1,15,15,1,17,1,1,10,25,7,16,17,2,1,2,13,8,1,1,1,1,14,1,1,12,21,23,16,9,12,1,5,10,23,16,1,1,1,1,1,15,7,1,9,11,1,13,1,7,25,15,18,1,1,1,1,1,14,17,12,9,1,13,1,1,1,1,1,1,14,1,1,1,1,9,1,1,1,20,13,1,20,2,1,13,1,18,1,10,15,5,1,1,1,11,1,14,16,6,14,1,11,1,82,1,1,6,5,8,8,17,13,11,7,1,14,20,1,1,1,1,3,9,16,1,1,6,1,1,18,17,1,7,1,10,13,11,1,78,7,9,9,9,15,1,17,4,6,1,11,1,13,14,10,1,4,22,1,1,1,17,1,6,8,1,1,1,17,1,19,1,64,11,1,10,1,1,10,12,1,17,1,8,1,13,1,16,1,44,1,1,14,7,13,11,1,1,10,1,196,12,12,11,1,1,1,2,7,14,1,1,1,6,1,1,14,1,1,1,10,1,1,2,14,2,1,20,3,7,1,1,13,1,1,12,1,2,19,14,1,1,15,12,17,12,15,16,22,3,1,1,10,1,14,1,1,1,19,1,2,1,4,19,15,16,16,1,10,1,1,10,9,16,1,11,5,1,1,10,1,1,17,9,1,1,1,1,1,1,1,2,1,1,1,1,22,9,16,1,1,1,1,12,1,1,1,1,8,1,11,16,7,17,15,1,1,1,1,1,8,1,13,1,1,1,1,8,18,19,1,1,1,4,18,1,1,1,21,1,14,9,1,1,11,5,13,1,16,1,1,2,1,13,1,1,1,11,13,1,4,5,18,1,24,9,18,1,1,1,1,1,7,1,1,1,20,19,8,17,2,1,1,16,22,1,8,1,1,9,18,1,13,10,1,1,12,1,15,5,5,1,1,1,15,8,14,14,1,16,25,19,1,1,17,8,20,17,1,8,9,6,8,13,11,3,9,1,12,1,1,1,1,22,12,1,1,1,10,1,10,1,2,1,9,29,15,1,1,15,14,21,16,13,9,8,1,2,14,1,16,1,10,20,11,1,1,21,1,9,11,1,7,1,21,4,9,20,14,1,11,32,1,1,18,1,6,8,1,69,1,14,1,7,20,1,15,15,12,1,9,1,14,1,18,20,17,10,1,1,16,1,1,1,17,1,28,1,1,151,11,1,99,1,1,16,2,1,12,11,17,17,13,18,11,11,18,1,1,20,1,1,1,1,1,2,9,13,1,9,1,1,17,1,1,13,6,10,1,1,16,8,15,18,12,1,1,25,21,1,1,8,1,1,18,10,1,5,11,11,1,11,10,1,18,6,14,15,1,1,16,10,1,1,1,11,11,1,1,16,12,1,1,5,1,6,1,22,1,22,8,7,11,11,2,1,25,1,15,2,16,8,16,1,1,23,22,16,12,12,1,7,12,1,1,24,1,10,1,24,1,9,1,1,1,3,16,11,137,11,1,8,1,13,1,2,5,11,10,15,19,1,1,1,15,15,6,29,13,1,1,6,15,11,1,15,16,1,1,1,1,9,12,1,16,20,1,6,3,6,13,1,7,1,15,1,8,1,1,1,1,2,1,1,8,1,11,1,102,18,15,4,10,13,12,23,18,1,14,14,1,19,1,20,1,1,1,1,1,8,1,9,1,1,1,1,15,10,1,1,1,1,14,4,18,1,19,1,1,6,1,1,14,13,16,6,1,15,8,1,7,12,31,10,4,1,12,7,8,1,11,12,11,13,7,36,1,20,15,2,13,1,6,1,1,1,12,11,1,1,11,1,7,1,3,13,1,22,14,8,1,1,16,5,12,9,1,17,13,1,1,11,17,11,16,1,23,1,1,3,6,1,1,1,1,10,1,1,20,18,1,13,1,9,1,1,13,1,4,1,24,1,8,1,1,1,1,12,1,13,1,73,13,15,1,10,1,15,7,81,1,24,11,10,1,19,1,1,1,8,11,21,1,1,1,1,1,14,1,6,1,1,1,9,15,21,1,23,12,13,8,10,1,1,1,1,1,1,1,1,1,7,1,64,1,1,1,1,1,1,6,1,1,1,15,1,1,1,4,1,1,1,1,1,17,1,1,1,14,13,1,12,1,14,1,12,15,1,9,1,10,5,10,1,8,1,17,18,1,48,18,10,11,7,16,107,1,1,1,1,1,2,1,2,2,1,1,1,1,6,1,1,1,13,9,1,3,1,12,8,16,11,1,10,1,24,1,1,1,12,1,6,1,1,13,1,1,1,19,1,1,1,1,5,1,1,1,16,1,12,1,1,1,9,7,6,1,1,7,1,1,1,7,1,1,13,14,23,1,18,10,1,2,1,1,10,1,10,1,1,13,7,15,1,1,1,1,14,4,12,1,21,19,1,58,1,1,1,1,36,1,1,3,1,15,8,8,1,1,1,1,1,1,1,1,1,1,1,15,1,9,1,8,1,11,1,2,1,1,1,22,17,14,1,10,13,1,23,14,1,1,14,16,6,1,16,15,10,1,1,14,4,1,1,14,1,14,3,14,14,18,1,25,1,14,1,1,12,15,1,1,22,1,10,14,1,1,1,1,37,1,1,1,1,5,14,11,9,1,9,15,1,6,1,7,15,1,19,1,16,2,1,14,10,1,1,1,1,7,1,7,1,1,14,15,1,6,15,6,1,10,1,6,12,9,20,1,1,1,15,1,1,1,14,17,1,1,1,1,13,19,12,1,9,9,1,1,1,12,5,1,8,1,5,15,1,2,1,1,19,1,1,1,1,1,1,11,14,1,1,11,10,15,22,1,16,1,1,16,12,10,78,1,17,2,1,1,13,10,20,80,1,11,13,16,1,1,1,13,8,1,11,1,1,1,16,1,1,2,6,1,1,3,12,4,1,1,1,1,29,1,1,1,1,10,1,12,18,13,13,1,1,7,1,1,7,3,4,1,4,17,9,1,1,7,24,87,13,16,23,16,1,17,1,1,1,16,1,17,26,1,4,18,1,17,17,13,13,1,1,1,20,1,16,13,1,1,1,1,54,1,1,14,7,14,1,1,1,1,1,1,1,1,1,18,14,22,14,9,6,1,8,21,6,1,1,1,17,17,20,15,1,1,8,1,1,1,4,1,9,15,1,21,15,1,1,1,1,9,1,1,1,1,17,1,1,7,1,14,3,10,1,1,1,10,9,8,13,8,10,15,1,16,2,14,1,1,1,14,1,15,8,9,1,11,2,16,1,1,29,2,11,18,16,13,6,1,23,17,13,1,1,1,14,13,15,1,23,1,14,1,16,1,9,18,16,11,1,13,1,1,1,15,1,1,2,13,1,1,10,1,1,9,1,1,28,1,1,10,10,1,2,5,1,16,6,8,1,1,14,1,1,11,2,1,1,1,8,1,2,1,1,1,1,11,7,1,15,15,12,12,17,15,8,1,8,1,21,20,4,1,22,1,1,1,9,17,14,1,11,1,1,1,1,1,6,8,1,1,3,1,1,1,1,12,18,1,1,1,5,8,7,13,1,12,14,1,4,1,1,1,1,1,16,1,9,10,14,13,8,10,13,1,8,1,6,10,1,1,1,1,1,1,10,1,1,1,13,7,11,13,1,18,1,1,1,1,1,14,8,16,21,1,1,6,1,10,13,1,7,7,1,10,8,10,1,8,6,1,9,1,16,10,10,12,7,10,14,14,16,11,1,14,14,1,1,8,12,13,1,1,1,1,11,1,12,1,1,1,1,1,5,17,23,11,9,1,1,11,1,14,1,1,1,12,89,1,1,11,12,17,16,1,1,12,6,5,1,2,1,1,12,15,1,1,1,9,1,17,1,14,17,2,16,1,7,10,2,16,18,14,9,1,6,6,1,1,8,7,1,12,15,15,13,1,6,1,17,1,11,16,1,1,1,5,1,1,4,1,8,1,12,4,1,1,16,1,1,14,1,1,5,2,18,4,1,10,21,15,11,1,1,1,1,6,10,3,1,1,6,1,1,1,11,1,15,1,15,7,1,1,13,1,21,23,14,14,1,1,1,1,9,1,1,1,1,1,1,14,1,16,23,1,19,5,1,12,1,1,10,1,8,22,15,1,1,5,11,10,1,1,1,1,1,1,1,1,10,5,1,24,13,8,8,1,11,17,1,13,1,19,1,1,4,16,19,5,1,1,9,1,1,1,15,1,11,17,1,1,1,1,9,1,22,25,5,2,14,1,1,1,1,12,12,20,24,10,1,10,12,2,1,12,14,14,13,8,1,1,1,1,1,1,24,1,1,1,1,1,22,1,1,1,1,16,1,1,17,1,13,20,19,1,9,1,1,12,22,20,1,2,1,1,16,4,8,1,11,1,6,1,10,1,15,1,27,9,1,1,1,11,16,9,12,6,1,2,1,23,10,1,21,1,1,1,10,16,1,22,13,11,1,1,1,22,1,1,3,1,1,7,1,10,1,12,7,5,1,1,1,1,1,12,109,1,13,1,1,2,16,29,1,1,1,1,1,1,8,15,12,1,19,21,8,2,5,8,16,7,12,1,7,18,10,1,20,14,58,1,18,17,30,1,1,1,2,8,1,1,14,1,1,12,1,1,22,8,1,14,1,9,1,1,12,1,1,1,8,16,1,1,1,15,2,15,1,10,11,15,10,11,23,5,1,13,16,1,9,13,1,1,64,1,1,1,9,1,1,11,11,1,1,6,1,15,5,10,1,1,14,1,11,1,27,1,1,1,1,1,1,13,1,11,18,10,10,1,23,1,12,29,1,1,1,13,1,1,9,11,12,10,17,16,1,1,1,18,1,1,14,1,12,1,12,7,3,1,1,1,1,1,7,1,10,1,12,35,1,1,1,1,1,4,1,11,8,1,11,1,1,1,1,1,1,1,8,16,11,5,1,1,12,22,23,1,17,1,12,1,1,1,11,19,1,1,14,1,1,15,1,17,1,17,15,1,9,1,9,12,1,13,17,1,9,16,3,1,1,2,25,1,1,13,7,13,1,9,1,1,1,15,16,1,15,6,1,14,16,1,1,16,1,1,11,1,152,13,5,9,1,10,28,1,1,14,1,104,16,5,3,7,16,1,26,6,1,10,1,1,1,1,1,1,12,1,9,12,24,1,13,8,1,1,13,1,1,12,1,5,1,1,17,6,5,11,12,1,13,1,1,61,22,1,4,1,1,8,10,5,1,6,17,12,11,10,9,1,12,2,1,1,13,6,1,1,74,1,1,1,1,13,1,7,1,1,1,12,22,2,1,1,1,1,1,16,1,17,1,1,22,1,91,18,1,17,18,1,1,17,17,1,18,14,16,9,1,10,1,45,10,1,18,17,1,1,15,9,12,8,12,1,17,13,1,11,1,12,14,1,7,1,8,5,13,1,1,1,1,2,10,1,15,1,13,8,9,1,1,1,1,1,1,65,20,10,8,1,8,1,1,12,1,1,12,2,14,10,1,1,1,1,11,4,1,1,1,1,4,13,1,16,1,1,1,13,1,15,1,9,18,10,10,1,8,2,17,1,11,1,1,12,15,1,11,18,16,1,1,5,13,17,13,1,1,1,1,1,7,8,1,108,13,1,1,1,1,22,14,1,27,1,9,1,17,1,1,1,1,4,7,8,8,1,13,20,1,1,1,6,1,75,17,1,1,1,1,1,10,1,1,1,1,1,1,1,14,6,1,11,1,1,1,1,1,15,1,1,19,2,1,1,1,11,12,6,1,1,1,1,7,1,1,1,13,1,13,13,1,11,1,15,17,6,1,14,1,14,12,1,6,13,20,1,11,10,19,7,1,1,21,21,1,1,1,1,21,1,1,1,13,11,15,11,8,8,11,15,6,25,1,7,1,9,11,11,13,8,16,19,22,1,10,14,1,13,2,22,1,14,2,1,2,1,14,1,1,21,13,15,1,1,20,15,18,99,1,1,17,12,1,4,1,20,1,18,21,14,8,12,7,16,2,1,15,1,9,1,14,1,1,18,1,1,7,1,9,13,1,1,4,23,12,11,1,5,1,1,11,1,1,1,34,16,17,7,17,4,1,1,17,10,11,11,1,1,1,6,1,1,8,1,1,17,1,22,1,21,11,1,44,10,18,1,16,1,1,1,22,14,1,1,2,1,13,1,1,31,1,8,13,1,1,14,26,1,21,1,25,1,2,7,1,10,5,1,16,14,8,8,1,4,1,1,12,1,1,16,8,1,1,1,18,1,1,1,21,14,1,6,9,19,24,12,11,1,9,2,1,12,1,6,19,1,1,21,11,1,14,11,19,4,7,1,22,1,15,96,1,1,11,1,1,1,1,12,1,1,1,10,1,1,10,9,9,1,12,1,14,1,12,1,21,1,1,8,15,18,13,12,1,10,16,1,8,1,1,6,1,4,1,28,1,2,12,13,1,1,1,26,11,17,1,15,1,13,8,11,8,6,2,1,77,13,15,24,26,22,11,5,11,9,18,12,1,1,9,11,1,1,1,1,1,1,1,1,3,1,1,13,12,1,1,1,18,14,13,10,1,16,9,15,12,5,11,12,1,16,14,2,12,20,16,6,1,1,7,1,1,1,1,1,17,16,13,13,9,1,5,15,1,12,16,10,8,1,1,8,1,16,8,15,2,2,16,14,20,9,2,14,9,10,1,17,1,16,8,1,1,1,1,14,11,1,18,17,13,2,13,8,1,13,10,1,16,1,9,8,14,1,14,17,1,14,18,1,20,9,1,11,1,1,15,1,1,13,15,14,1,1,2,1,3,15,1,1,7,14,1,1,12,14,1,7,4,1,7,10,1,1,1,1,1,11,1,17,1,14,11,8,12,7,1,1,9,1,1,16,1,1,16,17,6,1,1,1,13,1,1,1,9,1,1,1,14,1,1,7,1,8,156,1,1,1,1,14,1,11,1,1,17,18,1,1,12,19,1,18,1,14,1,16,20,12,7,10,9,1,1,1,1,8,1,1,1,9,1,1,4,1,8,1,1,1,22,13,13,1,11,10,1,20,1,13,9,1,1,1,1,1,6,6,4,14,13,13,1,22,49,14,3,14,72,1,1,1,16,11,1,1,1,1,1,1,1,1,22,13,1,16,13,9,1,1,1,8,15,18,17,2,6,21,1,1,1,1,1,46,14,1,48,1,25,3,7,7,1,1,8,1,15,1,1,1,1,10,1,1,1,16,1,1,1,1,26,8,1,1,14,3,6,1,1,1,1,1,12,1,1,1,12,1,17,19,1,12,2,2,20,1,13,10,14,1,3,1,1,1,11,1,6,3,18,9,97,1,43,1,1,1,21,8,1,17,1,1,1,1,19,5,38,12,25,5,1,15,17,1,1,1,1,12,11,1,12,14,14,1,1,1,9,1,12,9,10,1,1,1,1,1,12,10,1,9,14,22,1,14,1,14,1,1,8,13,1,1,23,12,1,3,1,9,3,1,1,1,10,13,12,1,15,4,10,1,1,17,1,1,10,20,20,1,14,5,17,1,12,1,1,13,1,22,11,15,9,1,12,1,79,16,66,7,26,1,15,1,1,1,1,1,1,1,9,17,1,11,1,1,1,13,12,11,1,12,1,34,1,18,1,1,1,2,16,12,11,8,1,10,1,22,1,3,1,15,17,7,15,1,9,16,1,4,1,1,1,17,1,1,1,15,1,1,15,12,21,1,1,15,1,1,6,17,12,4,1,20,5,18,1,7,1,1,13,7,1,11,1,1,7,1,18,13,11,1,11,1,1,1,1,1,1,3,10,1,4,16,8,1,19,9,1,1,1,18,16,1,10,1,1,11,23,1,1,1,20,37,5,1,15,1,9,8,13,10,1,1,14,1,1,1,1,1,25,1,1,10,1,1,1,9,16,13,18,1,9,1,1,1,1,13,10,18,22,9,1,19,1,1,1,1,13,1,9,12,14,18,10,12,1,12,1,8,1,13,11,1,13,1,1,1,1,1,10,4,1,6,1,1,1,13,1,1,1,8,1,15,19,1,1,10,21,1,1,1,1,8,13,1,1,7,1,1,9,1,1,1,15,11,13,1,27,1,5,1,16,13,1,1,15,7,1,21,1,12,1,1,1,17,11,14,1,9,12,18,7,1,1,13,20,8,9,22,1,1,14,1,1,1,1,14,1,1,17,12,1,8,17,1,1,11,1,21,8,11,12,10,1,12,1,9,20,18,1,7,1,1,9,1,31,18,10,1,1,1,1,9,1,14,11,9,1,12,3,6,1,1,1,1,16,1,1,1,14,16,16,15,12,14,14,1,14,1,1,1,9,1,1,1,13,1,1,2,7,22,11,7,160,1,14,1,6,30,11,12,14,10,1,12,1,12,11,83,1,16,1,1,11,8,18,11,10,1,1,1,1,1,17,1,12,15,13,1,10,16,11,2,13,1,1,10,1,1,12,1,1,15,1,11,1,1,12,1,1,1,1,13,2,1,10,20,11,7,15,1,16,274,11,1,14,1,2,15,1,1,2,1,1,17,1,1,1,15,1,1,16,1,7,15,1,1,1,14,1,13,10,1,1,1,1,6,2,1,10,2,1,5,12,10,7,1,7,1,1,5,1,1,1,17,14,1,1,1,1,1,29,14,20,1,19,19,1,18,24,1,16,18,1,13,1,8,1,9,9,7,17,1,2,17,10,8,1,1,1,6,14,9,70,1,1,18,1,6,1,8,14,1,2,10,10,9,1,1,11,10,18,1,1,11,14,14,19,1,13,1,3,21,13,1,1,8,1,17,21,1,1,17,1,15,11,11,17,1,7,16,1,1,1,15,1,1,1,12,17,17,6,15,1,16,1,13,12,1,1,1,14,4,1,1,1,19,20,12,1,1,1,11,1,1,5,1,3,17,1,1,2,90,1,14,13,1,19,11,1,15,16,14,8,1,12,11,18,1,7,16,1,8,6,11,10,9,1,10,1,3,1,5,1,9,1,1,1,1,11,6,1,1,16,14,9,1,1,11,17,1,10,11,3,23,17,6,10,11,20,1,1,1,7,1,13,12,1,9,15,1,14,1,1,16,1,1,1,11,8,1,1,1,1,9,16,7,1,12,1,20,1,26,1,192,2,1,15,12,1,1,21,1,8,6,1,1,1,10,1,17,11,1,29,10,1,15,17,1,9,15,1,1,70,17,1,12,1,1,11,2,1,11,15,7,1,14,2,1,1,13,9,42,1,13,2,14,1,1,15,9,1,7,1,1,4,2,8,13,1,16,1,1,17,2,4,13,1,21,9,3,18,22,7,1,1,1,1,1,1,13,1,10,1,8,1,1,1,11,96,15,14,1,12,2,4,31,96,12,14,1,54,1,1,16,16,10,1,1,1,24,1,29,15,1,1,1,1,14,1,18,1,1,1,1,1,1,11,30,10,1,1,1,1,1,13,1,5,14,8,10,11,1,13,14,13,2,1,29,17,1,12,12,13,1,8,1,12,1,10,7,10,1,13,1,1,15,1,1,17,6,19,13,19,14,1,13,1,10,14,1,1,1,1,1,1,1,1,12,1,1,1,1,1,17,10,6,8,11,1,8,7,1,17,1,14,1,1,8,1,15,1,1,1,14,13,8,10,769,1,1,11,2,10,1,43,1,1,1,1,1,1,7,19,11,3,1,1,1,9,11,1,18,1,1,10,1,13,9,42,1,7,1,14,11,1,1,1,12,1,1,1,1,6,1,16,514,30,1,3,14,1,16,12,1,1,1,1,1,16,8,1,1,17,1,9,8,14,13,1,1,1,8,13,19,16,9,1,1,1,13,127,1,9,1,1,1,9,1,1,14,16,20,1,12,1,25,12,8,1,14,35,12,16,10,1,1,1,4,22,11,10,1,1,19,12,16,1,15,1,1,1,7,14,21,1,1,14,17,1,31,13,2282,13,1,14,10,1,8,1,3,1,1,1,11,1,1,1,19,1,1,1,1,1,4,8,48,1,11,1,16,1,1,1,16,1,1,1,1,20,10,10,1,41,15,1,1,10,48,1,1,1,10,1,1,1,1,12,1,1,15,9,22,1,15,12,4,1,1,1,22,6,20,15,12,1,11,1,1,15,1,18,14,1,12,9,2,1,21,1,7,1,1,17,8,12,12,1,1,1,6,1,1,9,1,26,10,1,18,1,1,1,1,1,12,1,1,1,3,1,3,1,1,1,1,1,1,1,9,17,18,8,1,1,1,12,1,7,15,19,5,12,19,4,18,1,21,9,13,1,1,1,1,14,1,1,11,10,13,1,20,11,21,1,19,1,15,1,1,10,11,9,1,26,14,15,9,1,91,1,1,20,1,17,4,1,20,16,15,21,1,20,1,1,12,1,1,9,17,1,14,1,1,12,1,1,8,1,14,10,1,10,1,8,1,1,10,4,1,14,16,9,1,14,1,1,1,1,6,1,25,15,1,1,10,1,1,1,10,1,1,1,1,1,1,1,1,13,14,1,12,3,1,1,5,1,7,1,1,14,9,1,1,15,1,11,12,5,1,1,1,1,26,8,1,1,10,9,11,1,1,1,12,3,1,3,1,1,12,14,18,13,1,17,11,16,10,2,1,2,15,1,11,1,82,12,17,11,1,1,1,15,1,1,19,1,8,1,1,18,1,13,3,14,7,8,1,1,1,1,12,15,1,1,18,25,1,1,1,1,9,11,1,1,1,1,82,12,17,1,8,22,20,13,1,16,15,1,1,13,7,1,16,1,14,13,1,15,6,4,1,12,3,7,1,7,1,19,1,2,11,7,13,5,1,28,6,20,7,14,41,1,1,1,11,8,13,1,1,1,25,1,1,6,2,9,1,1,1,15,3,17,1,1,16,21,1,1,1,1,1,13,9,1,1,1,10,2,9,18,14,30,1,10,10,1,26,16,1,12,20,13,9,1,10,9,11,1,8,1,57,1,1,1,1,13,1,1,1,4,17,1,8,1,1,15,12,6,1,25,17,8,10,3,72,9,1,12,1,7,1,1,1,9,1,27,5,1,1,12,13,12,10,16,1,2,5,1,12,1,1,1,1,8,1,1,1,1,16,15,2,7,1,1,1,22,1,8,14,11,1,1,15,20,11,28,27,10,1,1,10,13,15,18,1,1,11,1,14,13,1,1,7,1,9,14,1,10,7,22,17,12,1,1,1,12,8,8,1,13,1,1,15,1,12,17,1,16,17,14,21,8,1,1,9,13,18,8,1,6,16,12,1,1,1,14,1,1,2,1,1,10,19,1,1,13,8,1,19,1,1,1,1,16,1,17,1,33,1,1,14,1,8,17,1,1,1,10,10,13,1,1,1,1,1,11,1,1,15,1,15,18,7,12,1,6,11,7,1,15,7,1,19,14,16,11,1,1,1,1,1,20,1,1,1,1,11,12,1,1,23,6,5,13,13,22,12,14,1,9,2,16,1,9,2,13,18,1,1,1,8,1,1,1,13,1,12,19,8,16,1,1,1,18,1,1,3,14,1,1,1,1,20,9,22,1,34,11,1,1,1,17,18,9,7,1,10,1,8,1,1,1,5,1,1,1,18,1,14,1,1,14,14,1,11,1,1,1,1,4,2,1,1,11,1,1,18,1,15,9,1,18,1,22,22,14,1,14,1,15,1,1,10,1,1,1,9,10,10,1,8,1,1,1,1,13,1,13,1,1,1,13,10,1,1,19,1,1,1,10,13,1,10,16,7,1,15,15,8,1,1,1,1,18,1,10,3,21,1,12,6,11,1,1,14,1,1,30,25,1,3,10,16,14,11,1,17,1,1,3,1,18,11,1,17,16,14,21,1,15,14,1,1,1,1,5,11,12,1,1,1,1,1,16,1,12,25,1,66,26,8,17,29,15,8,12,18,1,1,13,11,9,1,4,1,1,9,1,1,1,76,1,1,1,14,1,1,15,1,8,10,1,16,14,15,10,10,15,1,10,9,1,1,16,1,1,20,9,1,12,1,12,12,1,12,1,13,1,1,11,11,1,11,1,12,8,8,1,1,8,12,3,1,8,10,22,1,3,1,1,4,3,50,1,1,1,1,1,1,13,1,14,24,1,3,1,1,1,1,1,14,11,5,17,12,1,14,1,31,13,1,19,18,13,1,1,10,1,1,15,4,1,21,10,1,17,11,4,7,1,9,10,15,1,10,1,28,10,17,1,1,9,1,19,13,1,1,1,1,1,6,1,1,12,7,2,18,1,12,11,41,15,1,15,1,1,1,11,1,11,1,8,10,12,1,1,15,8,1,7,1,11,1,1,1,6,10,6,22,8,17,10,1,1,1,17,1,1,14,19,1,1,15,11,13,18,5,1,1,11,1,1,15,9,1,8,1,1,6,14,1,1,21,8,2,1,14,9,1,3,11,1,1,15,6,15,12,2,24,17,20,14,22,1,1,10,15,8,1,13,1,8,1,1,13,1,1,1,11,1,18,1,47,11,1,3,15,1,11,4,1,1,9,1,1,10,1,29,1,10,1,13,1,9,1,1,1,1,1,1,6,20,9,1,14,19,20,17,1,14,1,1,32,1,1,4,8,8,6,22,17,4,1,1,1,13,16,9,14,11,1,15,1349,1,8,21,1,19,1,18,11,2,23,1,54,1,1,1,17,1,1,1,1,1,7,1,6,13,1,1,15,11,7,1,19,1,1,11,1,11,11,1,18,1,8,2,1,13,8,1,17,1,31,13,6,18,1,1,16,14,1,1,2,1,20,7,13,1,8,9,1,1,8,1,1,3,1,1,16,12,1,1,1,1,17,1,1,25,1,13,1,12,13,12,1,6,10,1,1,10,14,8,19,1,13,10,1,1,17,1,1,13,22,12,16,12,1,1,1,1,10,1,18,13,1,1,2,1,1,2,1,14,4,1,13,13,1,105,8,1,12,9,1,1,1,6,1,1,14,1,14,1,10,27,20,1,22,24,1,13,22,1,1,14,1,1,1,1,2,1,16,1,10,9,5,13,10,78,1,1,10,3,1,1,14,1,11,1,1,1,10,9,1,1,14,1,16,13,6,1,327,20,1,1,22,6,10,18,27,1,1,11,1,5,8,7,28,1,1,1,1,1,2,1,13,4,2,13,1,6,1,1,11,16,9,10,53,1,14,15,1,1,1,10,1,4,1,2,3,7,1,1,1,1,3,1,1,1,13,1,22,16,1,1,1,1,22,1,1,1,14,15,10,1,1,1,1,1,16,1,13,10,1,14,1,1,1,15,1,10,2,1,1,1,15,15,1,13,9,1,1,1,1,1,11,1,11,1,1,1,15,2,8,11,23,8,1,1,22,1,4,5,1,12,1,18,1,12,10,1,20,1,3,8,1,15,1,32,7,8,17,25,1,12,5,10,8,20,10,9,17,6,78,1,19,1,15,1,1,9,13,1,10,11,1,4,14,1,16,11,1,1,1,8,13,1,1,9,1,11,1,1,1,8,1,1,12,8,1,1,7,1,1,14,13,1,13,15,12,15,16,1,10,13,1,1,9,15,13,1,14,9,1,1,25,14,1,13,26,6,15,21,1,1,1,9,1,16,1,15,1,1,1,13,10,1,1,21,1,1,12,14,14,1,7,1,17,8,1,1,1,22,12,14,1,7,19,12,1,1,1,15,1,1,7,19,1,9,12,1,13,1,1,3,13,11,1,1,1,1,1,5,16,1,16,1,16,6,13,1,9,1,15,6,22,1,1,11,1,1,1,12,1,1,12,16,1,1,12,10,8,1,1,2,1,1,1,1,1,1,1,1,5,1,1,7,111,10,1,1,10,1,1,1,1,1,8,1,1,56,1,19,15,1,1,18,1,1,18,12,1,1,1,1,1,1,11,1,13,14,1,4,8,17,1,1,10,1,13,10,1,12,20,1,6,1,1,9,1,14,1,15,13,8,12,10,9,3,9,11,1,12,1,1,1,17,10,20,1,27,2,1,1,20,15,1,13,1,1,1,18,14,64,7,1,1,12,1,1,1,1,4,15,8,1,12,16,14,1,1,1,15,1,1,12,1,8,3,9,1,8,7,13,1,17,16,3,1,1,1,1,14,11,9,13,1,12,17,1,12,5,1,1,16,16,22,1,13,1,16,151,12,18,13,10,12,20,18,1,3,1,16,1,11,1,1,1,1,1,1,16,6,13,7,18,7,15,1,17,9,12,11,11,13,16,1,12,9,1,1,9,10,1,1,6,8,13,10,2,1,5,14,1,25,1,1,14,14,12,1,15,12,13,1,8,9,1,24,62,10,1,1,15,1,13,11,1,13,13,1,12,5,20,11,11,1,17,96,5,11,11,19,9,1,2,8,1,14,26,6,11,15,1,1,1,1,9,10,15,1,1,9,16,1,13,14,1,29,12,17,1,13,18,1,1,1,13,1,1,1,19,1,80,9,13,1,1,1,8,1,9,1,23,1,1,4,1,6,1,1,1,1,17,1,1,1,1,1,1,14,1,10,1,9,3,17,19,23,16,1,1,1,10,7,8,1,18,1,13,15,25,9,5,14,1,1,8,17,1,1,1,10,1,13,1,1,1,5,14,1,20,17,1,1,13,7,1,13,7,1,9,11,3,1,30,12,11,1,1,13,14,1,1,205,1,1,1,13,5,1,18,1,1,1,16,1,1,1,14,13,7,1,1,1,1,1,12,1,4,1,1,168,1,16,1,10,10,2,1,1,1,2,1,1,6,6,12,15,45,17,1,1,1,14,2,8,1,15,1,16,10,16,11,15,1,1,1,7,2,1,12,6,9,1,1,1,1,15,1,8,1,6,8,14,4,1,1,3,1,1,15,1,12,16,14,1,1,17,9,9,1,1,8,1,8,1,1,13,1,11,2,1,1,11,1,1,15,14,1,15,21,1,2,4,14,1,13,1,93,1,13,1,1,15,11,15,1,1,17,1,9,1,1,9,1,16,9,16,1,1,18,5,1,10,1,11,1,13,1,16,1,1,1,12,10,12,1,1,7,12,4,1,1,1,1,13,1,18,1,1,1,16,1,1,17,14,14,1,1,12,9,1,14,11,1,1,12,1,1,1,1,67,1,16,26,10,2,1,13,1,12,5,11,6,1,1,1,1,11,7,1,24,1,64,17,1,13,1,1,1,16,4,9,1,1,14,9,15,1,1,1,1,13,4,15,1,1,9,15,1,1,1,16,1,14,11,7,8,12,16,1,16,3,11,1,9,10,13,8,1,17,1,18,1,24,1,6,1,8,1,2,1,1,8,1,5,6,1,1,1,1,1,12,1,13,1,31,9,5,74,1,1,1,16,1,1,10,1,1,10,1,7,1,1,1,1,1,13,1,13,27,1,2,12,1,8,20,13,18,16,18,5,1,1,11,13,1,17,10,7,11,1,7,1,9,12,12,9,12,13,10,1,16,1,1,1,1,1,9,10,1,21,1,13,1806,13,7,122,1,1,1,6,19,13,1,10,1,16,1,1,1,22,12,17,1,11,1,1,12,1,1300,23,13,1,1,17,25,1,1,1,2,10,1,1,11,14,3,1,14,1,8,1,6,1,11,1,7,19,2,12,1,6,1,1,12,1,1,1,12,13,17,1,12,22,1,1,11,1,6,1,1,1,18,1,1,93,13,13,12,1,12,1,6,3,9,15,1,2,1,1,1,1,10,9,1,18,13,11,5,16,14,1,22,13,17,10,1,94,1,1,1,1,2,19,31,1,11,1,1,1,8,3,10,7,1,13,1,1,12,15,10,12,15,5,1,1,1,8,1,1,10,12,9,1,1,9,10,1,15,14,13,6,1,6,1,14,13,24,1,11,1,1,4,1,11,73,14,7,4,1,2,1,1,13,3,16,1,11,20,8,1,1,10,1,1,1,119,10,14,1,1,19,8,10,10,14,13,1,1,6,17,16,1,1,2,1,10,6,1,1,1,11,6,15,2,19,8,1,1,7,7,1,1,12,1,1,1,7,1,14,1,14,1,16,1,15,2,1,1,1,1,18,1,1,57,1,15,1,1,1,1,16,1,7,11,1,1,19,2,12,4,1,1,1,1,1,1,1,3,23,8,1,4,16,2,19,4,1,1,14,1,1,2,9,27,1,129,1,29,7,1,18,1,1,1,21,12,8,13,1,1,10,14,1,1,16,14,11,33,11,1,1,31,1,2,1,11,1,1,1,15,1,1,20,632,1,1,1,1,18,1,16,1,8,2,51,6,13,1,11,1,3,9,8,10,4,7,8,8,1,17,1,1,9,1,1,20,1,8,19,11,13,8,1,18,1,1,1,10,15,17,15,1,1,1,14,14,23,1,1,19,1,1,1,1,20,2,9,11,5,1,7,1,1,4,11,16,1,14,51,1,15,3,1,14,5,17,1,1,11,11,8,7,13,1,1,1,21,1,4,12,1,1,1,1,2,15,1,9,1,1,16,11,11,7,1,1,1,2,7,1,16,2,20,1,11,14,9,1,1,1,9,17,11,1,18,1,13,11,7,1,1,11,1,1,1,12,1,15,1,15,1,1,10,14,12,1,18,10,5,11,6,28,15,1,16,1,8,13,11,15,1,8,10,2,1,3,1,13,10,14,21,14,1,29,1,1,1,9,7,1,1,17,1,10,17,15,17,1,14,3,7,13,1,1,1,1,15,12,16,1,1,10,11,1,1,1,14,1,12,26,15,1,1,12,14,12,9,17,14,1,19,1,1,1,2,3,2,14,21,1,17,9,1,13,1,4,1,1,1,1,7,1,1,6,1,1,5,1,1,3,1,1,1,11,12,16,16,1,16,23,1,2,7,1,12,1,1,1,16,1,10,1,11,1,15,1,1,13,9,1,9,1,11,31,1,1,15,1,1,1,20,17,15,7,13,19,1,12,11,6,10,16,11,14,19,10,1,1,9,15,1,1,17,8,16,1,14,7,1,71,9,1,17,1,12,1,1,1,9,1,1,1,10,1,8,9,11,1,1,1,8,11,5,1,1,1,1,1,22,9,1,1,1,9,15,2,9,1,1,1,15,1,10,1,1,1,10,1,13,14,5,2,11,22,8,1,24,1,13,18,14,1,12,1,1,1,12,1,23,1,1,10,1,10,30,12,18,9,9,1,15,1,17,1,16,1,1,16,19,11,1,1,1,1,15,9,15,1,1,1,15,27,17,1,1,16,13,1,21,11,1,1,1,1,1,2,1,11,10,13,13,1,17,22,16,14,1,1,1,20,10,1,1,1,14,1,12,13,1,1,1,4,9,1,1,1,1,1,17,2,13,14,1,1,1,1,1,1,1,21,18,1,1,16,19,1,16,1,1,16,1,7,1,1,1,22,1,1,1,1,15,21,9,14,1,1,1,17,48,1,20,10,9,11,10,13,1,12,1,1,5,11,22,19,1,12,18,7,15,6,1,1,11,1,1,1,1,1,1,1,1,1,1,12,11,1,12,8,7,1,6,1,14,1,10,1,19,17,1,18,1,2,1,13,25,11,7,1,95,1,8,1,1,1,19,1,6,12,1,11,25,1,4,1,93,16,14,1,11,1,13,12,22,1,15,5,9,1,1,1,6,1,7,3,1,17,7,12,17,1,14,16,3,1,1,192,12,6,1,6,12,1,17,1,1,10,13,10,15,1,55,1,7,8,1,1,10,10,1,1,1,11,17,10,1,1,14,1,1,11,13,1,1,1,19,25,11,14,21,14,8,1,1,3,12,19,18,7,13,1,1,4,14,1,1,1,1,1,6,1,1,1,1,30,1,1,1,12,11,1,1,1,1,9,12,1,1,1,1,1,13,1,13,1,8,8,1,1,2,6,21,9,1,11,10,20,10,1,6,1,1,6,36,18,1,18,13,45,11,10,13,1,9,1,1,1,2,1,1,15,7,1,1,1,15,9,1,1,1,263,12,9,1,14,1,12,9,1,1,13,10,12,1,17,8,21,2,1,1,1,15,1,9,1,11,1,1,10,1,4,4,1,1,13,1,4,1,16,1,18,12,19,4,1,1,10,1,15,1,1,11,7,13,4,1,1,12,15,1,1,1,9,1,1,8,18,1,1,4,1,16,3,13,1,1,6,1,1,11,14,1,1,13,19,10,1,1,18,1,13,11,11,16,4,6,1,4,3,14,2,15,1,4,7,12,8,10,5,1,17,1,1,15,16,1,17,1,2,13,9,8,1,11,1,1,1,12,2,9,4,1,1,1,1,1,2,1,25,1,6,1,1,1,10,1,20,8,1,1,13,1,1,1,1,1,12,1,10,1,8,1,4,12,7,1,14,1,1,1,17,1,1,12,1,1,15,1,1,64,1,1,16,10,6,16,11,13,9,659,1,14,14,1,17,14,1,1,1,24,1,6,6,1,10,17,5,1,1,1,1,12,1,1,1,1,1,1,1,18,1,10,10,14,6,1,1,14,9,19,13,1,1,16,1,9,9,1,1,1,17,1,4,9,6,14,1,11,19,12,1,1,2,24,11,6,1,1,10,5,16,1,18,12,13,10,6,109,1,1,13,17,8,1,1,16,15,12,18,1,8,23,4,1,15,23,18,9,1,1,1,1,19,12,4,1,2,1,1,18,17,15,8,7,1,11,1,10,15,1,1,8,1,14,1,12,1,11,1,18,1,14,11,1,1,14,1,1,12,1,2,9,14,16,16,17,9,22,17,9,1,1,1,1,16,1,1,1,1,2,7,1,3,1,10,16,10,1,16,16,15,8,1,25,4,10,1,1,10,16,9,8,1,1,8,1,7,7,22,7,1,1,12,1,1,14,11,15,16,1,10,17,13,1,1,1,1,1,15,1,4,9,8,1,1,21,1,16,1,1,12,1,7,1,1,1,21,10,1,1,16,14,15,1,1,8,4,17,1,10,13,4,14,12,1,2,21,1,1,11,17,10,2,1,11,10,1,5,6,11,8,1,6,1,1,13,1,17,8,20,1,10,1,11,13,6,1,1,7,5,21,10,1,13,16,1,7,9,1,1,10,1,7,23,12,1,21,4,1,1,9,10,1,1,5,1,1,20,20,1,1,1,1,15,1,1,12,1,13,1,1,1,7,1,17,29,1,1,1,1,1,9,8,1,7,1,2,6,18,6,4,12,14,1,18,42,2,25,16,2,8,5,19,10,15,1,14,11,1,13,14,1,1,1,13,10,5,9,18,19,11,1,1,1,1,1,8,19,9,15,1,1,1,1,14,1,12,1,67,1,1,1,1,1,18,10,20,1,1,1,12,2,130,15,11,1,2,1,1,1,5,1,1,6,17,1,1,1,27,1,14,1,1,1,8,2,1,15,22,1,1,1,1,14,20,10,1,1,1,1,1,1,66,1,11,10,1,1,6,8,11,1,15,1,8,12,1,2,17,1,18,14,3,1,16,1,7,1,24,10,1,7,1,6,67,1,12,1,1,5,3,1,5,24,14,11,11,14,1,1,27,1,12,2,1,62,1,1,12,1,1,1,9,1,1,7,2,17,9,1,14,15,14,18,10,7,1,16,2,1,1,8,26,1,11,1,1,2487,19,1,11,26,4,10,6,1,21,1,11,14,16,22,14,11,1,14,1,1,17,1,17,1,15,7,14,1,12,1,1,13,11,1,16,17,1,5,11,10,3,1,9,10,8,8,1,3,1,1,18,5,31,1,15,6,1,4,14,1,1,71,13,1,10,8,40,1,9,11,1,1,1,2,1,107,1,1,14,1,5,2,23,6,1,10,1,10,9,16,1,1,14,1,1,1,8,1,21,1,1,1,1,12,1,1,1,7,12,19,12,21,1,20,11,15,1,1,12,1,1,9,1,11,1,13,12,8,16,15,1,1,1,83,1,8,1,7,1,11,1,10,2,1,21,1,1,3,14,11,2,1,1,1,11,1,1,13,1,21,15,1,1,1,10,1,1,14,1,10,1,17,12,3,1,19,10,1,1,1,1,11,6,13,1,1,1,11,6,11,1,12,15,1,1,15,12,18,13,1,12,1,1,14,1,1,13,29,1,1,1,1,13,13,12,2,14,18,1,21,11,1,12,8,1,1,1,5,1,1,12,1,1,1,1,1,1,1,1,1,1,1,8,22,1,16,19,1,9,1,1,11,13,12,12,20,1,5,1,1,1,1660,16,2,11,1,1,3,14,8,22,1,1,9,1,8,13,15,13,1,15,1,1,11,1,1,10,1,7,1,14,8,1,1,1,1,11,7,8,20,1,1,17,15,5,1,11,15,18,7,1,1,7,17,1,18,6,4,1,1,1,20,1,17,1,1,66,13,5,7,1,1,1,1,1,12,9,15,8,1,1,10,9,3,21,1,12,19,12,1,1,1,4,9,1,1,17,5,16,1,11,14,11,1,16,1,9,16,1,22,29,1,12,1,18,8,2,1,10,21,10,1,2,6,11,8,1,12,9,18,1,11,21,7,1,1,15,1,6,1,1,13,1,1,2,1,1,11,1,1,13,2,10,15,10,9,14,5,1,9,7,1,13,1,9,1,36,1,1,5,1,2,10,4,17,1,20,14,1,16,1,17,1,2,29,1,7,1,1,17,1,1,3,10,1,1,1,1,1,16,1,10,13,14,3,15,21,21,13,1,9,53,11,14,19,9,1,13,11,9,9,1,26,12,11,4,10,15,1,11,17,1,1,7,11,1,11,12,20,12,8,1,1,1,2,21,14,1,1,1,4,11,1,1,18,14,1,1,16,1,1,10,5,1,11,13,14,1,45,1,1,1,1,12,1,3,1,16,2,1,1,1,14,1,13,11,16,13,1,39,12,6,1,1,15,1,1,1,1,17,4,1,16,1,22,11,15,16,1,1,1,1,3,2,3,15,1,15,5,1,14,2,1,6,1,1,7,1,18,11,12,1,20,1,1,15,16,1,1,9,1,1,1,7,10,1,1,4,8,1,1,1,19,1,25,24,1,10,9,1,1,1,15,1,1,15,13,1,1,10,13,10,1,9,20,1,18,1,10,1,1,1,16,1,15,9,1,10,1,9,22,8,12,18,1,11,1,8,1,1,1,25,11,1,13,16,19,16,1,1,1,1,13,16,1,14,13,1,1,11,17,7,14,16,10,1,1,1,8,2,1,18,1,4,1,4,8,1,1,12,17,7,1,1,14,14,1,7,18,1,1,1,15,1,15,4,1,1,3,1,1,1,11,19,1,19,16,1,10,4,1,1,1,1,3,16,7,12,13,1,21,1,1,1,8,6,14,1,1,10,7,1,1,13,18,16,1,1,10,1,12,16,1,1,17,27,1,11,1,1,2,1,1,16,1,14,12,20,21,10,9,5,1,12,1,1,9,15,13,1,1,1,1,1,1,1,1,1,1,1,10,10,9,1,26,1,3,1,1,12,1,1,15,1,7,1,1,10,11,1,3,9,11,11,5,16,7,1,22,1,1,2,29,1,10,1,11,12,8,1,1,16,1,1,1,8,12,6,1,1,8,1,10,24,11,1,16,1,13,14,17,11,1,6,8,3,10,16,1,1,1,1,16,1,1,1,1,3,1,9,7,1,12,13,1,1,1,1,36,13,1,1,1,9,12,1,16,11,3,1,1,6854,1,1,1,17,13,1,15,1,12,1,19,10,19,10,17,1,1,1,13,1,13,1,9,8,3,5,11,2,2,10,14,22,8,5,1,1,33,9,23,7,1,1,1,21,1,1,19,5,14,16,1,1,1,18,16,1,17,1,1,8,14,1,10,95,3,7,1,1,1,12,13,8,1,1,10,11,2,2,10,12,1,1,1,12,1,17,1,1,1,14,15,1,14,9,1,15,1,1,7,1,1,8,1,9,1,7,14,1,6,4,1,1,16,11,1,9,19,17,1,3,1,1,19,1,1,1,1,8,15,1,21,1,1,14,1,1,1,17,1,6,1,1,1,1,1,14,21,13,9,13,10,1,14,1,14,1,2,1,13,1,15,40,1,17,1,9,1,1,7,1,1,1,1,20,21,14,13,1,5,16,1,1,1,12,1,1,1,18,10,1,13,65,11,14,1,1,1,11,28,15,1,1,12,1,1,1,1,1,13,9,15,15,7,28,1,1,1,15,3615,1,15,1,2,1,10,16,4,15,13,1,13,16,1,9,1,1,1,1,1,21,1,1,1,1,13,1,1,79,1,9,1,1,11,12,10,13,1,20,1,1,10,9,15,20,1,10,8,9,17,1,15,12,1,9,1,13,23,1,5,2,1,1,1,13,15,11,14,38,13,15,3,1,15,1,9,20,25,10,8,1,26,14,26,2,12,2,1,1,11,16,6,14,1,8,1,1,8,1,10,1,3,1,18,10,1,13,4,71,1,11,8,17,6,1,1,15,11,1,1,1,14,17,11,1,13,2,1,1,12,13,10,1,1,10,10,1,1,1,1,13,7,1,8,1,13,4,14,6,1,1,1,8,1,17,1,9,1,2,1,11,13,1,3,1,1,1,11,1,9,12,1,2,3267,1,30,18,1,15,1,12,1,14,14,8,1,1,13,13,17,1,16,1,1,1,1,16,18,1,12,1,1,11,1,13,1,15,1,13,1,11,15,6,1,1,20,1,1,12,12,9,1,50,12,9,9,20,1,12,1,14,13,13,1,7,1,1,9,9,1,1,1,1,1,1,9,16,1,1,17,7,1,1,18,1,13,2,13,1,1,1,7,2,13,19,21,1,1,12,12,2,16,2,8,1,17,1,1,4,5,11,1,8,20,13,5,1,18,11,12,21,1,1,1,1,6,1,1,1,1,1,6,7,8,1,13,1,1,15,1,14,1,4,1,12,1,1,16,18,1,1,2,12,4,10,1,7,16,14,7,11,13,1,9,15,9,19,17,1,5,15,1,1,1,1,19,1,8,1,7,8,1,8,7,1,23,2,1,14,10,14,15,1,26,19,1,1,22,1,10,1,1,19,19,1,8,14,5,1,19,1,1,25,1,24,11,1,1,41,1,1,2,1,12,1,1,1,1,1,1,14,6,20,16,1,13,1,13,15,1,1,1,13,17,8,2,6,12,1,1,1,21,1,1,17,6,1,11,20,1,1,22,12,1,1,14,5,1,17,15,1,18,5,5,1,6,1,7,22,19,25,1,12,12,22,1,17,1,13,10,18,20,11,1,24,11,1,1,14,1,16,11,14,13,10,19,15,1,15,1,17,1,5,22,3,9,1,16,6,6,1,7,7,1,1,1,8,1,14,16,10,13,21,1,9,1,9,1,13,3,1,8,7,17,17,1,8,1,1,1,1,23,1,1,8,1,8,16,12,24,1,1,1,1,1,11,1,1,2,1,21,1,10,20,1,1,18,1,1,31,23,1,1,1,14,10,8,1,1,5,9,11,10,16,1,1,1,1,1,1,1,20,1,1,35,1,1,20,1,16,1,1,1,1,1,20,1,17,4,6,1,1,8,14,10,14,1,7,11,16,11,1,4,16,9,1,1,19,13,16,1,6,1,1,1,1,8,1,5,1,7,1,9,1,1,1,8,1,10,10,17,11,4,1,1,1,1,1,1,11,11,1,1,1,1,6,1,6,8,1,1,1,11,12,1,1,1,1,12,1,1,21,13,2,16,17,1,1,1,10,17,20,14,21,1,1,11,14,25,12,1,10,22,6,9,8,3,1,12,13,1,1,18,18,12,16,14,15,1,14,16,5,8,4,10,6,13,30,1,1,17,1,1,7,1,17,22,1,1,12,1,1,1,10,2,9,1,1,1,11,5,1,1,1,1,1,15,1,8,1,1,1,1,17,13,1,9,7,4,9,1,1,1,18,1,1,1,15,1,12,6,17,1,1,1,10,1,15,1,16,11,31,1,13,21,1,1,1,1,10,1,1,9,1,13,1,22,1,8,1,1,1,7,19,1,3,13,1,1,44,5,6,19,7,1,23,7,17,15,1,27,1,1,16,1,13,1,1,16,1,1,1,1,1,7,1,15,1,12,1,21,4,16,1,1,18,1,13,1,2,1,9,1,16,1,1,1,1,13,1,1,8,13,11,4,16,9,18,5,6,22,12,1,1,1,11,7,15,15,15,11,20,14,8,17,1,7,1,35,9,1,16,15,13,1,1,1,1,1,14,1,1,1,1,15,1,1,14,1,1,17,17,1,1,1,15,1,23,1,13,10,6,7,2,1,18,1,17,1,14,5,1,17,1,16,1,1,1,1,10,8,1,8,22,9,9,1,80,12,9,1,9,9,9,18,3,1,1,17,1,12,1,18,4,1,1,10,1,1,1,13,7,1,1,1,1,11,1,1,15,1,9,10,14,14,20,1,29,2,1,1,8,1,1,15,14,1,13,8,10,1,9,14,1,1,5,1,13,1,1,22,16,1,23,18,17,30,14,8,13,1,7,16,6,13,9,1,6,1,1,6,11,1,6,1,18,1,1,1,1,1,10,1,1,15,1,2,15,1,10,13,3,6,10,12,8,1,7,40,1,15,1,1,13,1,7,1,1,1,11,25,6,20,1,1,1,16,4,14,12,1,1,1,18,18,1,16,1,1,1,12,11,5,14,9,9,1,7,1,21,1,1,8,9,1,5,1,14,1,1,1,1,1,10,1,13,16,62,1,9,12,1,9,8,1,16,10,1,1,1,16,1,10,21,1,1,1,22,6,19,12,1,1,7,12,11,10,1,5,1,18,14,1,1,14,1,9,6,1,17,1,1,11,1,1,1,9,4,1,13,1,1,12,7,1,1,16,1,1,1,34,17,7,15,1,1,13,1,1,10,59,17,9,3292,1,10,23,9,1,16,1,1,57,18,1,1,1,23,15,12,10,1,1,1,9,1,1,15,12,1,1,1,16,1,1,1,17,1,14,3,19,24,13,1,13,1,1,96,1,8,1,14,1,1,1,28,7,1,17,1,1,1,2,1,1,1,1,16,1,22,10,8,1,9,12,1,17,59,1,19,1,15,19,11,1,11,1,1,1,1,1,33,1,1,1,1,83,12,10,19,5,5,1,1,9,13,15,10,1,2,1,1,8,3,1,1,5,1,8,17,20,8,8,16,15,2,1,13,3,27,1,1,13,12,5,7,1,29,1,12,1,13,1,20,21,13,1,24,1,1,94,2,14,14,9,6,23,1,1,10,1,1,4,13,1,1,1,1,10,6,11,1,1,10,1,1,8,10,1,1,1,1,2,3,45,5,23,1,1,15,24,6,12,11,1,1,10,1,1,1,1,17,1,6,1,1,13,21,12,1,15,26,16,1,19,1,1,1,12,1,18,5,33,10,1,17,1,106,9,10,1,1,2,1,1,22,8,1,1,1,1,2,18,1,1,1,1,1,1,1,1,1,1,13,10,1,13,1,1,10,1,1,3,1,12,1,1,14,1,15,13,1,11,9,1,1,14,1,13,1,1,17,1,67,1,18,1,12,1,1,1,14,13,16,11,17,1,13,13,1,13,24,1,1,1,1,10,1,1,15,1,16,20,16,16,1,14,1,1,1,1,1,21,13,12,9,10,14,1,22,1,1,1,9,1,14,1,1,1,1,7,1,84,14,11,1,5,1,9,15,1,5,13,1,13,1,9,1,1,21,1,17,1,12,1,1,16,10,13,1,13,10,14,21,44,12,1,10,1,20,17,11,1,16,1,6,1,14,1,1,1,1,1,18,25,12,12,1,16,16,8,1,15,9,11,22,1,1,12,1,16,1,1,1,23,1,26,5,1,17,23,1,13,7,1,1,1,1,1,1,1,1,1,16,12,4,13,1,1,1,9,1,6,1,1,16,17,1,1,12,11,14,1,22,1,6,10,1,2,12,1,12,1,14,9,1,8,11,4,4,7,10,1,13,1,1,1,26,1,1,14,10,1,4,3,29,26,2,2,1,19,1,11,1,8,1,1,1,1,15,21,3,13,58,1,11,1,14,17,13,13,10,1,12,1,1,3,1,11,2,11,8,1,15,1,1,1,1,13,1,1,1,14,12,1,22,1,2,14,11,12,14,1,1,1,1,1,16,1,1,8,13,1,1,2,1,1,79,10,9,8,1,1,1,1,1,1,5,1,1,1,15,5,12,11,1,1,7,1,16,1,13,1,5,1,1,5,11,19,13,15,11,1,1,43,11,1,1,13,14,1,2,10,1,15,1,1,12,1,1,1,50,1,1,11,8,17,13,8,16,10,1,1,10,1,1,10,1,14,1,1,1,11,19,1,8,1,1,17,1,1,1,1,1,1,10,33,1,13,22,11,9,1,30,6,1,12,1,5,1,9,1,1,19,29,1,21,1,1,6,17,23,24,25,1,14,1,1,1,12,1,10,1,13,9,70,2,1,1,1,15,1,11,1,1,10,1,12,1,80,1,1,1,14,1,10,11,1,19,1,17,17,15,1,13,1,1,1,1,1,1,1,10,1,14,1,14,13,8,10,15,13,1,12,151,13,1,4,11,13,19,15,14,7,1,16,1,15,1,1,1,1,1,12,1,20,1,17,1,2,1,1,1,6,11,4,1,1,8,7,1,1,1,11,2,1,1,9,1,1,10,13,4,1,20,26,8,8,1,5,1,14,1,12,5,12,1,18,20,8,17,1,1,14,1,11,1,12,3,2,17,10,1,11,62,1,1,13,1,15,1,1,1,6,11,14,1,1,1,1,15,9,1,7,19,1,1,1,6,15,1,2,17,6,1,97,1,1,1,1,8,1,1,6,7,54,1,2,1,14,1,17,6,13,1,1,23,13,7,14,1,27,18,19,1,1,7,11,18,1,9,2,10,12,1,10,8,9,11,21,1,7,15,1,1,1,1,12,12,9,1,1,1,1,1,16,1,5,1,10,24,83,17,1,10,13,1,1,1,1,11,9,13,12,1,1,20,99,1,12,14,9,1,8,11,1,144,1,9,1,21,1,1,1,7,14,4,7,14,17,4,11,1,1,1,1,11,106,2,1,2,2,1,3,10,1,18,8,6,11,16,6,14,1,9,14,11,1,7,1,1,1,12,1,1,12,1,14,23,4,11,12,1,5,11,1,1,10,1,10,1,1,1,12,1,1,1,1,1,1,16,17,4,19,1,1,6,1,7,9,1,1,1,1,13,1,1,1,1,20,1,13,1,3,1,2,1,1,11,1,1,9,1,8,1,1,17,1,1,18,11,14,1,12,1,18,6,5,15,1,8,10,1,10,1,13,1,1,8,24,19,10,1,8,10,15,12,10,26,14,15,17,1,9,12,1,32,1,13,13,1,1,92,15,13,11,1,1,1,11,1,11,8,1,3,1,1,1,3,1,8,1,6,15,1,11,1,1,18,8,10,1,1,1,11,1,21,1,1,1,17,1,14,21,1,1,1,1,19,1,1,1,15,14,4,6,17,15,1,1,1,1,18,1,1,24,1,21,8,1,13,1,1,16,3974,14,24,13,1,22,11,20,1,1,1,1,1,1,22,1,15,10,1,11,1,16,1,1,9,1,13,3221,8,1,1,16,1,1,1,1,1,13,14,23,1,1,38,9,1,1,13,12,1,1,9,1,7,16,14,1,11,15,7,1,8,5,11,6,1,1,48,1,9,25,1,11,1,1,1,6,1,13,1,14,1,8,4,4,10,17,1,10,19,13,1,13,78,1,5,1,1,15,23,44,13,11,9,23,1,1,1,1,1,1,1,1,1,1,1,9,1,1,15,7,6,1,1,1,1,6,16,14,1,1,9,1,1,1,14,1,1,1,1,11,14,1,8,8,12,1,14,5,12,8,1,1,1,13,55,17,1,7,1,1,1,7,1,12,1,50,1,83,16,4,9,16,1,8,17,1,5,1,1,7,1,1,1,1,64,14,13,16,20,4,1,6,9,1,11,14,22,10,6,11,11,1,26,1,1,9,11,12,1,1,11,16,10,9,1,11,1,6,1,1,1,9,6,1,14,7,1,1,19,1,1,1,1,1,2,1,1,8,1,13,1,1,4,1,16,13,7,12,1,15,15,1,1,14,14,5,10,1,21,1,2,1,10,14,1,15,1,1,16,15,1,1,14,14,12,1,12,1,13,1,1,11,1,2,15,13,8,1,1,1,1,16,1,10,1,3,11,14,21,1,1,10,7,10,15,1,11,10,4,1,1,10,9,1,1,1,12,1,11,1,15,1,1,6,10,15,7,12,11,1,6,14,1,16,12,1,22,1,1,5,1,1,1,1,4,10,1,17,9,9,12,1,6,16,13,1,1,1,26,1,13,19,1,1,17,1,1,10,1,1,1,1,1,1,16,1,8,1,1,8,1,1,4,19,12,13,36,52,1,9,10,1,17,11,1,18,1,1,9,1,21,1,8,1,49,1,1,1,13,25,14,1,8,1,11,1,9,1,1,15,15,1,11,7,11,1,6,1,1,1,1,11,1,1,13,13,6,1,1,23,10,23,1,1,15,1,8,14,1,1,15,1,1,14,9,1,1,1,4,1,13,15,14,1,1,2,16,11,1,13,12,40,4,1,22,13,1,1,1,11,1,1,1,1,1,1,1,8,23,1,17,9,8,9,1,12,12,1,10,1,26,16,11,10,1,5,1,14,15,1,8,10,10,1,18,1,1,1,3,10,17,1,1,1,17,1,1,13,12,7,1,1,1,11,1,1,5,1,12,1,1,11,1,17,10,16,1,1,1,20,1,18,1,1,19,23,1,19,1,12,1,1,15,9,1,13,1,13,22,8,1,11,12,1,1,1,2,1,10,1,19,1,21,1,1,23,1,12,8,10,7,1,1,8,14,11,71,7,1,1,1,1,24,1,14,1,1,1,16,1,1,1,1,16,3,9,1,8,11,1,17,1,4,1,1,8,8,16,1,69,1,1,1,1,1,1,1,1,3,8,9,8,1,14,5,16,10,10,28,1,1,1,1,11,14,1,1,7,22,9,10,1,1,1,1,9,11,1,1,1,1,15,21,1,1,1,1,11,1,13,1,15,14,8,1,14,5,16,1,19,8,7,8,14,1,14,17,1,9,6,7,1,23,2,15,17,12,1,10,8,14,1,1,1,10,1,28,20,1,1,1,20,24,7,17,1,1,1,10,14,12,14,3,1,6,12,1,10,11,1,12,1,26,1,8,14,1,1,14,1,1,8,9,12,1,17,1,19,4,18,12,7,1,1,1,15,13,13,11,3,10,1,10,1,1,1,13,1,1,1,16,11,9,1,21,1,13,1,13,19,8,1,17,9,1,1,13,11,19,1,12,19,9,1,1,31,15,1,2,16,4,23,3,18,10,1,13,1,1,1,19,8,16,12,1,7,9,3,1,1,1,11,14,5,1,18,1,9,13,13,9,6,1,1,1,7,1,1,16,5,1,1,18,1,1,7,1,11,1,1,12,12,1,1,1,1,13,12,9,1,2,18,1,10,5,1,1,17,1,10,1,1,11,11,1,1,1,13,17,1,1,14,9,10,1,10,1,1,12,1,1,14,9,8,13,6,14,10,3,1,1,1,1,21,13,1,1,1,1,1,21,1,14,1,14,7,1,7,1,10,1,1,5,1,1,1,1,13,1,15,3,1,4,7,14,1,1,12,8,1,1,1,1,1,1,1,14,17,10,7,1,16,1,1,1,15,1,1,13,2,1,13,15,2,1,1,1,1,1,1,1,13,14,15,17,10,1,1,1,29,1,11,1,3,14,6,12,1,4,16,6,1,1,12,9,12,1,9,14,27,10,14,7,1,2,5,12,15,13,9,1,8,7,1,1,17,27,1,5,1,8,1,1,1,12,1,1,1,8,4,16,1,16,5,6,1,1,1,6,1,12,1,1,9,1,18,5,1,15,10,16,1,19,15,1,1,1,17,17,23,1,16,1,1,1,12,14,1,13,1,14,2,19,9,1,13,1,25,1,1,12,11,1,1,7,7,1,38,1,7,1,1,1,17,1,16,7,18,18,9,8,15,9,1,1,1,1,19,1,1,9,9,122,11,11,1,1,1,17,1,13,17,1,12,1,9,1,1,21,1,12,1,2,1,1,13,6,108,9,1,1,12,1,1,1,6,1,1,5,1,11,16,1,17,13,11,1,1,1,1,14,2,6,20,1,1,1,14,1,1,11,1,17,1,1,1,7,9,1,14,10,19,10,2,13,1,19,17,8,17,12,13,10,1,20,1,77,13,8,22,1,1,5,1,3,1,1,11,7,42,13,1,19,1,1,1,1,1,1,15,13,1,11,1,1,16,1,10,7,1,9,1,1,19,13,1,1,2,8,12,11,15,1,15,18,1,25,1,1,38,14,1,1,11,1,16,1,1,1,15,1,15,14,18,81,7,7,3,1,2,1,1,13,1,2,1,13,1,1,1,1,1,23,3,1,1,20,1,5,16,9,1,14,2,20,14,1,1,1,1,12,16,17,1,21,1,21,10,1,62,1,1,3,1,8,27,1,23,16,13,8,1,12,12,9,1,1,5,1,1,1,1,1,1,13,9,1,1,1,1,1,18,1,7,1,1,16,1,7,8,10,1,13,15,10,1,14,10,11,1,6,1,8,1,1,18,1,5,16,21,12,6,15,1,18,1,1,1,1,1,10,1,1,2,10,8,1,15,3,23,9,15,1,1,1,1,9,1,16,10,1,9,1,22,13,18,1,9,26,1,403,1,1,1,1,1,1,1,11,12,1,1,1,2,1,8,1,1,1,1,14,10,1,6,20,1,1,1,1,13,9,1,15,2,1,1,1,1,13,1,1,1,12,11,27,1,1,1,1,1,6,15,9,13,1,1,1,15,1,1,11,10,232,20,1,2,18,1,1,1,1,1,1,1,14,1,81,1,14,12,1,14,10,1,12,1,1,1,13,1,1,1,8,19,8,1,10,11,16,6,4,10,1,1,1,15,1,1,8,2,1,27,11,111,2,1,18,1,1,7,10,11,1,1,1,1,20,1,1,1,1,17,1,1,1,1,13,13,15,9,16,25,1,1,8,1,1,1,47,16,1,1,12,11,1,1,1,13,1,1,1,11,12,1,1,13,12,1,21,1,19,4,12,1,1,7,16,12,10,16,13,11,3,1,10,8,10,12,1,1,12,14,4,1,1,1,8,9,1,1,1,15,11,21,16,13,1,1,1,11,1,9,2,9,13,1,1,1,10,1,1,10,1,1,1,1,1,11,6,1,1,1,15,9,13,5,1,1,8,72,1,1,1,9,15,16,1,1,19,1,1,15,18,1,1,1,1,1,1,1,1,18,1,13,1,1,1,1,1,1,1,1,33,1,33,1,1,1,16,1,1,11,1,12,12,4,1,8,9,11,1,1,1,11,1,1,19,1,12,1,11,1,16,20,1,20,1,9,79,16,1,2,20,1,14,1,1,1,1,1,9,5,1,8,13,1,12,8,1,14,1,1,1,5,1,1,1,15,1,8,1,1,15,7,17,5,1,4,18,9,1,2,15,6,1,1,3,1,17,1,2,13,11,1,10,1,22,1,1,1,1,13,16,1,1,1,12,1,1,1,1,1,1,1,5,1,1,14,1,1,1,9,13,1,1,1,20,1,25,16,21,15,1,13,15,1,9,13,1,1,1,1,1,1,1,1,13,16,1,1,1,11,1,10,10,18,10,1,8,15,1,12,1,16,10,1,1,1,1,1,1,6,1,12,18,14,7,1,1,1,8,1,1,8,1,1,13,7,10,1,20,10,1,1,26,4,1,1,2,1,1,1,10,13,1,1,1,13,1,1,17,12,7,1,13,11,7,1,2,1,6,18,1,16,11,1,5,1,6,6,6,2,5,8,1,1,1,13,15,1,2,10,14,1,1,15,1,1,9,10,1,19,1,12,1,8,1,16,19,13,18,21,11,1,1,1,21,14,1,1,17,1,1,12,1,15,1,7,14,1,16,1,1,9,6,1,17,1,1,1,10,1,8,1,1,17,7,7,1,12,18,1,3,3,22,1,15,16,4,1,6,1,2,7,25,1,1,1,1,10,6,21,14,9,11,6,17,12,1,1,2,1,1,1,19,14,1,1,1,1,5,1,1,11,12,1,22,7,1,10,14,1,20,1,1,2,12,14,1,1,1,3,7,1,22,1,1,1,1,13,2,1,1,11,13,15,1,7,8,28,10,1,1,2,1,7,14,13,49,14,1,16,1,12,5,1,1,14,1,13,1,16,4,1,1,10,1,2,1,24,1,1,1,13,9,1,1,1,1,1,1,1,1,12,1,18,1,8,12,13,1,22,15,19,1,14,1,8,16,15,1,2,1,1,6,15,1,15,7,1,13,1,1,356,16,8,20,1,1,10,1,4,1,1,8,9,17,13,1,1,7,15,17,1,1,68,1,1,12,1,13,1,4,1,1,1,1,1,20,22,1,1,16,17,9,1,1,1,10,1,15,14,19,1,1,10,11,1,1,7,10,11,2,1,1,1,1,14,2,1,1,17,9,6,54,1,1,1,1,1,14,1,6,1,10,8,17,1,13,13,1,1,7,17,1,13,3,1,9,1,1,9,13,5,9,2,14,1,1,1,20,11,1,1,1,1,12,16,13,16,4,1,1,1,15,12,1,10,9,13,1,1,1,463,7,11,7,1,10,1,13,20,12,1,4,20,1,1,10,1,1,1,7,10,1,1,1,1,9,31,1,8,16,17,1,15,1,24,1,1,1,12,1,1,1,16,5,4,12,9,120,1,9,11,1,1,2,1,1,15,16,22,6,13,8,12,1,1,1,1,10,1,23,1,1,7,30,1,11,1,1,8,13,20,12,10,11,19,15,14,1,1,11,16,1,1,1,1,4,1,6,12,1,1,33,14,11,10,1,1,16,14,1,7,1,11,1,1,1,12,15,1,19,13,1,1,10,1,12,11,1,1,1,22,17,14,16,14,19,2,1,12,1,1,1,1,1,1,1,4,1,9,14,6,1,13,10,1,20,1,5,1,10,1,16,10,1,12,7,18,13,9,1,16,1,15,7,18,1,1,10,8,1,1,6,1,8,8,1,1,1,21,12,1,1,1,15,11,8,1,1,24,19,19,17,11,32,1,4,1,10,8,5,1,5,1,1,16,13,1,1,12,10,18,1,15,1,4,1,1,12,4,12,288,10,1,12,1,1,1,9,1,2,13,1,16,1,10,16,11,1,1,1,1,17,17,1,14,1,12,12,23,1,11,1,1,19,14,16,5,1,12,13,1,13,1,7,10,1,1,1,1,1,9,1,16,1,1,20,6,17,1,1,1,1,1,5,8,1,21,10,8,1,1,6,6,14,12,2,9,1,13,13,8,1,10,1,1,15,10,1,6,10,15,1,13,12,1,1,1,4,1,21,14,13,1,1,1,13,11,14,1,1,3,1,2174,1,1,16,1,1,10,6,12,10,1,1,1,1,7,3,19,1,5,1,1,1,1,9,1,1,6,1,6,19,13,7,1,1,1,9,1,12,8,12,2,11,12,12,1,13,10,2,12,14,1,9,1,29,1,1,1,1,1,1,1,7,1,2,16,1,8,56,1,26,16,12,1,1,14,1,1,1,1,1,1,1,10,13,11,1,15,2,1,1,1,1,11,1,1,8,10,12,7,6,1,1,1,1,2,10,11,1,1,1,17,1,1,16,1,1,23,1,10,11,1,3,1,7,1,1,21,1,1,1,13,1,1,13,12,9,1,6,1,1,1,1,1,63,7,1,17,1,12,1,7,1,20,15,1,1,8,1,1,20,1,17,1,11,1,1,11,14,16,22,10,1,1,3,15,13,5,9,20,2,1,1,16,1,1,1,1,7,10,1,1,1,15,6,13,1,8,1,13,1,10,1,9,1,1,15,1,1,16,1,3,10,1,1,11,1,1,1,1,10,15,16,15,13,14,1,1,11,12,13,1,1,1,9,11,25,1,9,1,16,10,16,1,17,1,15,1,13,4,1,23,1,14,1,1,1,1,1,1,1,11,1,1,1,18,1,10,5,1,22,2,1,1,1,15,1,1,11,11,6,10,1,7,1,1,4,10,1,4,1,1,2,11,1,1,15,7,14,1,1,1,1,1,5,7,1,16,16,4,1,1,1,17,10,15,1,1,9,1,1,1,11,1,2,10,15,4,1,1,11,8,10,1,14,6,17,11,91,1,15,6,1,15,8,11,1,1,15,1,25,1,1,9,15,1,1,10,11,10,2,1,1,12,1,1,1,1,8,10,1,1,12,1,1,8,1,16,16,10,2,11,12,10,17,13,1,95,1,12,15,10,2,1,2,8,16,1,1,21,1,1,1,1,1,7,27,11,1,12,1,16,4,1,1,1,8,8,1,1,21,14,3,8,16,13,13,11,1,14,10,9,10,12,2,10,1,1,1,100,10,1,1,1,20,1,1,1,10,1,2,1,1,1,14,12,7,14,1,11,1,8,7,12,13,20,1,1,13,10,17,1,14,15,1,17,1,1,24,22,1,1,13,1,1,1,8,1,1,1,12,1,8,1,12,1,1,1,1,19,13,1,1,24,1,1,1,18,1,3,1,7,1,1,1,1,1,1,7,1,6,19,7,9,1,1,1,11,49,1,1,1,1,8,16,8,20,1,1,16,1,1,5,24,1,1,1,1,1,1,1,1,14,1,3,9,1,1,1,27,1,1,1,1,1,1,1,1,1,11,1,1,1,401,9,1,1,1,81,9,14,26,21,1,1,4,1,20,19,1,20,5,10,15,1,2,12,13,2,1,1,1,1,1,98,15,1,1,1,15,2,23,1,8,26,1,1,15,11,17,17,7,1,1,1,11,10,16,1,13,6,1,1,1,10,14,1,14,1,9,1,1,1,4,8,1,13,1,1,13,1,1,1,1,64,1,1,1,1,1,1,12,9,14,7,49,1,9,1,1,1,12,10,9,1,9,11,1,8,1,13,1,1,15,1,1,10,1,1,17,17,1,12,14,1,13,16,1,1,1,13,1,4,1,24,1,2,1,6,8,1,1,18,9,15,1,9,13,2,1,1,1,7,1,2,18,1,16,11,17,17,8,17,14,10,11,13,1,12,1,14,9,1,18,1,4,14,13,10,3,1,1,11,1,17,1,15,1,11,1,7,9,1,9,1,14,1,1,1,16,1,1,13,3,3,1,19,1,1,18,1,10,5,10,1,11,9,6,1,18,15,8,11,12,6,1,13,1,11,13,1,1,2,19,3,10,1,1,12,1,9,1,17,1,1,15,8,15,1,1,1,13,1,1,1,1,5,11,16,1,13,18,22,15,1,10,2,1,1,8,1,1,1,12,14,1,10,12,1,10,7,1,1,11,21,1,1,1,1,5,16,1,19,16,1,2,1,1,14,1,1,1,14,14,11,1,23,1,1,1,13,17,1,14,16,1,7,1,1,14,1,1,1,11,14,12,1,13,12,1,13,1,13,11,1,1,1,2,1,17,1,14,17,1,13,1,1,2,20,12,7,1,12,21,1,11,11,1,1,15,1,13,11,1,1,13,11,14,1,7,8,8,1,1,13,7,12,1,10,1,14,7,12,13,1,16,1,1,1,1,57,12,15,1,6,1,1,1,1,1,13,13,1,5,17,1,2,14,10,1,7,7,13,13,1,13,7,13,517,15,1,1,1,1,1,17,1,1,1,1,7,1,1,20,17,1,16,1,1,1,3,12,1,1,1,1,13,13,11,1,1,1,1,17,1,1,1,1,2,1,1,1,10,1,15,42,1,1,10,11,1,1,19,14,11,13,16,2,1,11,2,10,1,1,10,14,13,1,1,2,9,18,1,5,1,3,1,1,1,6,1,1,1,1,13,16,1,1,3,20,10,34,11,8,3,1,9,10,1,7,13,10,1,18,17,9,13,13,12,1,1,1,13,1,1,8,14,10,1,3,4,18,7,1,1,1,9,1,12,1,11,1,1,13,1,13,14,1,15,1,1,16,16,1,11,1,9,1,1,1,1,15,7,2,14,1,1,19,1,7,11,10,18,13,1,1,1,10,1,1,13,1,1,11,1,1,8,2,4,9,12,5,8,1,1,1,13,13,16,1,1,1,1,13,1,9,1,31,10,5,1,16,12,1,22,17,13,8,8,16,1,10,13,18,10,1,14,19,24,1,17,1,1,9,10,24,1,1,12,10,5,1,9,1,2,23,14,1,11,18,10,2,1,1,12,14,18,10,1,1,1,23,1,10,17,2,11,1,75,1,12,12,1,1,1,1,9,10,10,10,13,1,12,13,15,1,24,15,7,1,14,13,10,12,12,1,1,1,8,1,1,1,1,1,9,13,1,15,14,32,25,1,1,1,1,5,11,41,1,1,17,1,1,1,1,1,16,1,9,1,1,1,1,18,1,12,1,14,5,1,4,1,1,16,4,11,4,1,13,1,7,11,2,7,16,13,11,1,1,1,1,1,12,9,11,1,3,12,2,7,1,1,1,15,13,12,11,1,20,1,1,1,14,18,16,1,11,1,6,15,1,48,10,10,1,1,15,36,1,11,12,25,9,5,14,15,17,1,9,1,1,1,22,10,8,17,1,15,1,1,1,1,15,9,10,1,1,18,4,1,7,1,16,1,2,1,1,12,1,1,1,12,1,1,1,12,7,1,1,15,2,1,1,1,1,96,13,11,7,1,1,10,1,1,10,10,1,1,1,1,1,7,16,17,14,8,1,12,1,1,1,2,1,1,1,2,1,23,17,1,1,1,3,1,18,1,22,10,2,23,1,15,12,1,3,13,1,1,10,6,8,4,14,18,11,1,14,11,23,1,1,1,12,1,1,1,15,1,13,13,1,12,11,22,11,1,1,1,1,1,1,10,1,18,12,1,17,8,10,1,8,10,1,18,1,1,1,13,1,2,3,1,1,11,1,1,11,9,1,2,1,1,1,1,36,16,1,1,6,1,13,1,1,11,1,10,1,10,8,1,14,1,1,16,1,14,1,16,1,16,7,22,1,1,11,1,1,1,20,15,17,12,1,1,1,1,11,2,9,12,17,3,79,1,19,1,9,1,1,7,7,16,21,13,17,53,1,18,9,12,1,1,1,1,1,15,16,2,23,14,1,13,22,12,1,10,6,9,1,9,1,1,1,8,1,9,1,1,1,1,14,1,16,18,1,1,1,15,83,1,27,7,10,1,18,1,5,1,17,15,1,17,8,1,1,1,1,1,7,1,1,19,2,10,1,6,118,16,1,1,2,6,2,10,11,68,1,1,1,1,14,307,1,14,15,8,8,3,9,1,14,7,1,1,1,1,1,72,1,1,2,1,1,1,14,6,12,18,10,1,1,17,2,1,1,1,15,12,5,6,14,15,1,13,10,1,1,14,1,31,1,10,1,6,7,1,7,8,18,1,27,16,13,13,1,15,13,14,14,1,15,1,4,6,1,1,10,12,1,21,1,12,1,1,1,1,1,1,1,11,12,14,15,14,1,1,1,8,12,1,1,10,15,8,1,13,18,14,1,17,1,9,1,1,1,1,11,1,12,23,1,1,1,1,1,1,1,13,1,6,10,1,1,13,20,15,1,15,20,1,5,12,12,21,1,1,1,1,1,12,1,1,12,17,4,1,1,1,15,6,1,13,14,1,2,1,5,17,12,8,1,1,15,1,1,7,8,10,5,1,13,19,7,13,1,31,1,2,13,1,44,1,8,1,9,1,1,1,13,10,19,5,19,13,17,1,13,1,14,15,17,1,1,15,14,1,21,1,9,1,18,1,1,7,1,1,13,10,1,14,11,2,14,1,1,9,1,1,1,1,6,7,9,10,1,1,7,1,1,9,1,17,26,10,14,18,1,1,1,9,1,1,16,1,15,11,3,2,5,1,43,1,1,20,6,1,16,1,8,1,14,16,12,1,104,1,1,19,1,13,65,15,22,1,2,16,14,1,1,1,26,3,9,11,11,1,1,14,10,1,12,1,1,1,20,10,1,2,16,7,12,1,1,1,1,14,1,8,77,7,14,1,1,1,1,1,14,9,35,1,1,1,12,58,1,16,1,16,15,17,14,1,13,1,23,18,13,6,7,16,11,4,1,7,1,1,1,9,8,1,4,12,16,1,1,16,11,2,25,9,1,1,1,15,5,4,12,17,1,10,1,1,1,10,6,10,1,11,1,11,1,9,27,7,3,1,1,1,15,13,12,6,14,30,1,1,1,1,8,2,25,1,1,1,1,4,1,12,13,1,1,14,1,1,1,15,9,1,15,1,1,4,22,1,1,16,1,9,1,21,9,14,1,14,1,11,1,1,1,14,7,1,11,6,1,1,6,11,9,1,1,1,1,1,8,14,14,1,25,17,1,1,8,1,10,16,1,6,3,15,8,1,18,12,12,1,12,1,1,16,13,14,10,10,1,12,10,1,1,9,1,1,15,1,1,21,5,2,1,13,13,17,2,10,79,21,17,10,11,10,1,2,7,16,1,1,13,1,8,1,7,1,11,1,10,1,1,1,18,17,1,1,15,2,10,17,1,2,1,22,1,14,72,9,10,29,1,13,17,1,9,10,13,11,9,15,1,3,1,10,30,1,13,11,2,3,1,12,10,15,184,1,11,1,1,1,1,1,1,1,11,20,2,11,8,1,1,1,10,16,12,11,7,6,1,16,1,1,1,1,18,7,15,8,10,1,1,17,1,1,1,1,11,1,1,1,23,6,4,11,17,13,12,1,15,1,1,1,1,15,9,1,2,8,1,12,1,12,11,1,1,15,11,1,11,1,13,1,1,1,16,6,12,9,16,56,11,8,1,1,12,1,1,14,13,1,1,21,7,10,1,11,17,9,1,16,1,1,9,17,8,1,15,15,1,1,1,10,1,2,1,14,9,14,31,1,1,1,19,11,1,1,1,12,18,1,1,1,1,1,1,7,1,1,6,1,13,1,1,3,1,19,1,20,11,1,8,1,16,6,22,9,3,10,1,1,10,1,1,14,17,1,20,1,13,1,8,1,1,1,1,3,18,1,17,1,1,1,1,1,1,12,1,20,16,16,10,12,20,13,1,20,1,1,10,1,12,9,1,14,37,1,10,13,1,1,1,1,1,1,1,11,1,18,1,1,16,1,1,12,1,1,7,15,11,1,1,19,15,13,16,1,1,1,1,6,1,1,1,1,1,14,13,17,1,16,1,1,15,15,15,18,15,12,1,5,1,1,1,1,1,20,1,1,1,9,13,1,14,8,15,1,1,1,1,16,60,1,1,1,12,16,1,1,2,1,1,11,6,20,17,1,7,1,16,15,13,1,1,1,48,6,23,11,1,1,7,1,11,11,11,21,16,9,16,1,1,7,1,1,9,16,24,7,1,1,1,1,25,15,3,1,1,17,10,1,19,10,13,9,14,1,26,1,1,3,9,17,15,11,9,1,1,1,14,1,18,1,1,1,2,19,13,11,2,15,1,1,13,1,13,1,1,1,1,1,1,14,1,1,1,21,16,1,1,1,1,1,13,8,1,15,5,1,11,1,1,1,6,1,1,10,12,1,13,7,1,15,13,5,1,1,13,1,7,1,16,9,1,1,1,18,1,17,1,9,7,33,9,8,1,1,9,1,1,6,1,1,13,5,1,1,6,17,5,1,1,1,1,1,17,3,1,1,11,14,104,10,14,1,16,1,1,1,17,15,1,1,1,12,13,10,12,1,1,9,18,12,1,1,14,1,20,19,13,1,1,1,18,1,18,2,1,2,16,12,18,1,1,1,1,1,2,1,1,11,1,19,18,2,9,1,1,14,15,13,11,9,11,1,11,1,1,9,1,13,1,1,6,7,1,10,1,17,7,1,5,14,21,11,13,1,1,9,12,7,16,6,6,23,10,1,1,1,1,1,10,11,9,1,12,1,28,1,11,23,8,1,12,1,27,4,8,1,1,17,1,1,2,12,10,22,1,1,1,1,27,4,16,9,15,1,17,1,1,1,1,15,1,15,18,1,1,13,1,1,9,1,11,4,27,15,10,13,23,17,1,1,17,7,1,14,1,13,1,1,20,14,1,4,10,15,1,35,13,1,9,1,11,1,6,18,4,3,17,14,1,1,9,18,10,1,14,1,12,1,1,12,12,1,11,6,1,1,1,1,21,9,1,15,9,25,1,1,23,16,9,1,10,1,8,1,1,16,13,8,1,5,1,1,11,1,1,14,1,10,10,1,1,11,1,10,1,6,9,15,12,24,4,10,1,1,12,1,1,27,1,30,8,1,1,4,1,10,21,1,8,2,16,12,16,1,14,8,5,20,10,8,18,13,20,1,1,1,19,14,11,19,14,11,8,1,1,16,11,17,1,1,13,32,1,23,1,43,1,1,1,2,1,1,1,15,1,9,8,1,10,1,6,7,9,1,1,13,6,1,15,13,16,11,9,1,12,7,1,1,15,11,1,1,1,1,1,1,9,10,4,1,12,17,1,1,28,1,7,44,1,7,11,11,6,10,6,13,1,1,1,1,14,8,15,1,8,15,1,1,1,1,13,13,11,1,6,6,1,11,16,12,9,24,30,17,5,1,1,62,23,1,1,18,1,1,1,12,1,18,1,1,13,1,1,1,9,1,1,82,1,12,12,2,13,1,14,1,1,9,11,1,10,2,2,11,1,11,11,10,17,1,17,1,1,1,8,1,1,15,17,1,11,1,2,14,22,13,8,1,1,8,37,1,1,2,10,9,2,1,1,8,13,24,1,1,1,11,18,1,1,1,13,1,17,8,1,22,1,1,11,23,7,13,11,10,1,1,11,1,1,1,1,14,1,18,6,1,1,4,6,10,13,13,9,13,1,1,21,14,1,3,8,1,2,12,18,1,1,1,22,10,19,1,9,7,1,11,24,3,1,1,15,1,16,1,12,17,1,9,16,1,1,13,1,12,1,1,16,21,10,16,17,14,1,31,1,9,15,1,3,6,1,1,13,2,1,10,7,1,1,10,1,1,9,20,14,20,1,5,8,1,21,1,14,1,1,26,16,1,72,1,1,1,11,1,11,12,19,1,1,1,20,15,1,14,9,1,1,1,15,1,1,14,1,9,14,1,1,1,1,14,7,1,6,9,1,1,16,13,1,1,1,6,1,1,1,7,1,21,13,1,44,18,18,1,20,19,1,1,1,1,1,17,12,2,19,9,1,12,15,1,1,1,1,1,15,15,17,1,61,2,2,1,1,14,10,5,16,1,13,10,1,11,16,18,12,1,1,1,1,12,10,25,4,1,11,17,1,1,1,1,21,4,14,1,6,1,13,5,1,12,1,11,14,1,1,12,1,1,1,22,1,17,1,1,11,1,1,17,1,1,14,1,1,11,16,5,1,1,7,2,1,10,8,14,19,104,1,8,6,9,9,1,12,10,19,12,4,3,7,1,13,62,10,12,1,12,14,11,1,20,4,16,1,1,11,1,12,1,1,1,23,9,12,1,1,1,1,1,1,1,4,1,1,20,10,14,1,1,2,1,1,1,1,9,1,1,1,2,13,18,1,2,1,1,1,1,8,7,6,14,5,10,1,1,17,1,4,1,3,21,1,7,1,7,11,1,1,1,15,11,16,12,1,17,2,1,9,1,1,10,20,14,3,1,11,1,1,13,5,14,13,1,11,1,15,38,14,8,20,16,5,1,10,1,18,1,10,2,13,1,1,1,1,1,10,1,14,1,1,1,1,8,15,14,2,8,1,14,1,1,15,5,11,21,1,1,1,1,8,1,17,2,1,24,1,27,1,1,1,14,1,19,1,1,14,1,1,1,193,1,1,1,13,8,1,11,11,1,1,13,1,4,9,7,14,12,16,1,1,7,1,10,1,3,7,1,1,1,11,1,26,17,13,1,5,1,10,1,1,1,1,13,19,11,1,19,1,1,15,1,1,1,1,1,1,1,7,20,16,2,1,16,10,10,13,1,18,17,1,1,1,1,1,12,13,1,11,23,17,14,13,15,20,3,1,10,1,9,1,7,1,1,12,8,1,1,1,8,16,11,1,1,12,1,1,1,1,1,1,22,8,19,13,1,1,1,16,1,107,9,1,1,1,1,8,1,8,5,7,1,1,1,15,1,1,12,1,1,1,1,15,1,1,1,1,12,1,1,1,11,1,1,16,133,13,1,1,95,1,10,1,6,1,16,9,7,1,1,13,1,1,1,9,1,1,14,1,12,15,16,1,1,1,11,9,9,15,1,1,1,4,1,7,1,1,12,19,1,1,1,1,15,1,16,1,1,13,21,25,1,1,12,1,1,1,17,47,1,1,1,1,1,11,14,7,15,18,12,14,1,2,12,21,1,16,1,1,1,11,1,12,1,30,4,12,10,11,2,1,15,8,12,1,1,12,1,65,9,1,17,18,16,17,7,15,17,17,15,19,10,13,1,48,1,1,1,10,9,1,3,20,9,19,18,8,7,8,1,17,1,1,1,1,1,1,11,10,1,1,4,1,20,13,14,1,15,1,1,11,1,22,8,1,27,11,10,14,1,7,1,1,15,1,11,9,11,1,1,18,4,1,1,14,1,1,1,1,11,1,11,1,1,1,1,1,19,18,1,1,1,11,4,9,15,87,1,13,19,2,41,1,10,24,11,12,13,1,16,1,1,1,12,1,1,1,1,9,28,9,1,12,6,1,1,1,4,1,18,12,7,1,19,1,12,1,10,9,33,1,13,1,16,5,1,16,1,12,17,1,31,1,1,1,12,1,8,6,2,1,8,1,12,1,7,2,4,2,1,1,1,6,2,12,14,11,1,1,1,8,1,1,1,1,1,1,1,12,1,19,8,10,23,9,1,1,13,17,1,1,16,1,1,1,1,1,11,2,9,1,1,1,1,1,1,1,6,35,1,1,1,12,12,1,5,1,1,13,1,25,14,27,16,7,21,1,1,1,1,1,1,12,10,1,1,15,1,16,14,1,1,7,3,1,14,1,13,13,9,13,14,1,11,14,16,1,7,1,1,5,16,11,1,1,1,14,1,9,19,13,1,1,1,1,1,1,1,1,20,1,6,10,16,17,1,13,11,1,1,13,1,10,15,2,15,8,7,1,11,12,15,11,1,11,14,1,1,1,6,14,1,8,8,13,12,1,17,1,10,10,1,1,13,14,20,22,17,1,8,1,12,15,18,1,1,1,46,1,6,1,1,1,9,3,1,7,1,1,6,9,10,1,1,1,9,1,3,1,11,9,1,1,10,1,1,1,1,1,17,6,1,15,1,12,24,13,18,15,13,1,33,1,14,1,1,18,1,1,11,5,11,1,11,6,4,1,92,11,1,1,1,7,1,4,12,13,1,1,27,17,12,1,1,1,3,9,1,19,1,8,1,8,3,1,1,1,8,1,1,11,3,1,9,2,1,1,1,11,1,3,1,10,1,1,10,1,13,15,1,19,6,1,15,1,3,14,1,1,122,14,1,13,1,15,13,14,1,15,5,1,13,16,16,1,1,7,31,2,15,1,1,7,9,15,1,1,1,12,14,1,16,13,1,1,1,11,10,4,15,14,4,6,1,1,13,1,12,1,1,6,1,6,1,13,12,1,2,14,1,1,9,8,12,1,16,1,1,1,1,12,1,18,1,2,1,1,1,1,1,1,18,2,1,1,1,1,10,21,1,18,9,11,4,1,1,15,1,18,7,9,1,1,6,1,8,1,1,20,3,1,16,1,16,15,18,18,1,17,9,1,2,1,4,15,22,7,1,4,4,1,1,1,7,1,17,1,141,14,1,1,11,1,1,21,1,1,20,1,1,18,1,10,14,13,7,15,1,1,14,19,9,1,1,28,8,1,8,16,12,8,1,1,12,10,1,1,17,1,88,1,1,1,1,1,16,1,5,1,1,1,8,9,1,12,10,14,1,1,18,1,1,23,1,1,1,1,1,11,1,1,8,1,13,1,15,1,1,13,10,1,9,1,12,1,1,1,1,1,1,15,1,2,1,14,9,1,1,1,1,19,1,1,4,1,1,1,11,12,1,12,21,10,5,6,14,1,27,1,16,1,10,1,15,13,15,1,8,1,1,2,1,10,30,12,17,18,22,13,4,10,9,7,1,11,13,1,1,12,7,1,12,7,18,14,8,17,18,12,7,7,13,12,16,1,1,38,29,1,1,1,1,1,7,13,8,6,1,1,1,18,16,14,1,1,1,11,11,1,16,11,14,1,7,1,3,1,1,20,20,12,16,1,14,11,15,8,21,11,12,16,1,12,1,1,5,10,8,1,1,14,1,1,1,14,13,1,1,18,25,1,1,84,16,9,1,1,1,17,1,1,1,1,1,1,3,1,7,1,1,12,1,1,1,1,1,11,1,31,15,8,13,10,5,15,17,1,1,26,9,1,1,1,33,12,9,21,1,1,7,10,22,1,4,2,1,5,15,9,16,1,1,1,15,16,1,11,1,1,9,1,2,11,13,1,22,1,1,1,1,15,4,8,1,14,16,1,10,6,19,1,16,1,1,1,16,17,17,15,6,13,1,1,1,4,1,11,1,11,1,8,18,11,18,1,11,10,9,27,11,1,8,14,1,16,22,1,8,16,1,1,1,1,18,1,1,15,1,21,1,1,2,1,1,1,1,9,1,1,1,16,1,13,2,13,1,1,10,1,14,1,1,1,21,8,10,1,16,9,1,1,1,14,3,1,1,6,1,26,7,18,13,1,1,15,11,1,1,22,1,12,127,1,11,1,12,1,1,1,1,1,1,10,1,17,10,12,1,12,16,6,1,1,6,1,15,1,10,14,11,6,2,1,2,1,14,16,15,12,3,1,1,20,1,1,20,22,1,1,12,6,14,15,1,1,1,17,1,1,1,4,2,6,1,1,9,1,1,19,1,1,9,1,1,11,5,8,10,1,15,1,19,1,8,1,11,19,1,1,21,8,17,1,15,7,11,1,9,9,16,7,1,8,1,13,1,10,7,17,12,30,18,1,1,1,4,5,1,10,7,1,1,10,6,1,18,11,13,1,19,13,1,9,20,1,3,1,19,1,22,22,11,8,1,17,7,15,1,18,1,11,18,1,12,16,10,1,1,1,4,7,1,1,1,12,13,17,2,1,1,1,1,8,14,1,1,1,1,1,1,1,13,7,13,1,1,10,1,17,22,8,17,1,10,1,1,643,2,1,16,15,9,11,1,5,1,1,1,16,20,1,13,1,8,13,9,14,20,1,2,1,11,1,20,17,1,11,7,1,1,1,14,12,9,8,6,1,1,1,1,11,9,1,1,1,19,1,187,10,1,5,8,4,1,16,1,13,13,10,1,1,1,1,13,14,20,5,17,23,1,6,1,1,14,1,1,1,13,16,1,10,18,7,1,2,17,1,14,16,14,1,17,1,9,12,12,1,12,36,3,7,18,11,1,16,1,14,12,22,1,1,1,1,4,1,19,14,10,1,17,19,1,1,1,15,13,1,11,10,11,10,4,12,3,1,1,19,22,5,12,1,10,1,7,1,6,1,1,1,14,14,1,1,1,1,16,1,15,2,10,1,1,1,1,22,1,1,11,1,12,1,1,11,1,1,1,1,9,14,1,14,1,1,1,11,1,1,1,1,1,1,1,1,1,1,1,9,13,14,1,1,1,10,1,1,7,16,1,8,1,8,12,1,2,14,1,1,1,103,1,1,1,17,1,1,1,19,14,16,2,10,8,6,17,13,14,1,5,1,1,9,11,15,10,1,1,21,1,19,1,3,1,1,19,14,1,1,17,1,8,9,1,14,8,14,25,8,6,1,14,14,1,8,1,1,13,11,1,1,1,13,1,20,1,17,11,6,1,5,1,2,1,39,16,1,1,11,8,15,1,13,1,1,15,26,1,1,1,5,14,1,12,1,23,14,1,11,20,1,1,14,15,1,1,14,16,6,6,7,1,15,23,1,1,43,1,9,11,1,1,1,1,29,17,13,101,9,1,16,23,12,1,1,1,1,14,3,1,6,1,10,8,2,1,1,1,1,11,15,6,1,12,7,17,1,1,4,1,1,8,14,1,1,1,11,12,8,19,12,17,15,1,1,1,19,1,1,1,1,1,1,12,10,15,11,17,1,1,1,4,1,19,8,1,1,1,4,10,1,12,16,1,23,16,1,26,20,3,1,17,1,1,14,23,17,16,3,15,21,12,8,1,1,17,1,10,10,1,1,15,1,1,1,1,1,1,1,4,15,1,13,1,30,1,14,1,13,11,1,13,1,9,1,13,1,49,1,17,1,14,8,5,23,8,7,15,1,1,1,1,1,5,1,8,1,1,11,9,1,35,7,1,1,18,10,1,1,11,1,1,17,8,1,1,19,1,1,1,1,1,9,6,9,18,5,1,16,1,1,1,13,1,19,12,1,1,5,12,20,25,12,1,3,12,7,1,3,1,1,1,9,15,12,17,1,1,7,1,1,1,1,6,11,1,1,14,1,13,1,13,6,10,13,10,5,9,8,10,8,14,14,1,1,17,22,5,1,10,1,1,12,12,1,11,1,5,1,13,1,1,8,10,19,6,20,1,8,1,1,1,1,6,21,12,19,15,11,11,1,12,15,1,1,9,11,18,13,14,1,15,11,13,1,1,1,1,1,20,10,1,1,1,1,1,3,3,1,18,1,24,13,1,28,1,1,1,12,9,1,12,11,11,1,1,1,13,15,12,20,9,13,20,7,1,10,1,59,1,19,9,14,10,11,1,12,1,18,9,1,96,1,1,12,9,17,13,1,14,16,11,11,14,2,17,1,1,8,12,1,9,1,1,11,1,1,1,1,1,1,1,7,15,13,1,23,15,13,1,1,14,1,10,1,18,1,1,1,1,13,4,5,16,8,1,1,6,6,1,1,5,17,10,15,9,6,4,11,1,1,15,6,1,1,13,14,1,12,10,1,24,36,11,1,1,8,1,1,13,1,6,1,1,1,9,17,1,7,1,36,83,11,8,1,15,1,16,12,1,13,2,1,2,56,1,59,2,19,18,1,6,22,13,1,12,1,1,18,1,9,9,1,14,6,10,7,14,1,10,6,35,1,2,1,1,12,12,10,1,1,12,1,1,17,1,16,18,1,1,18,1,17,14,1,1,1,1,8,1,13,2,19,14,1,6,15,8,12,1,1,17,1,12,11,10,1,1,2,1,16,1,19,1,1,13,17,19,1,9,1,1,10,1,24,9,1,15,1,18,12,4,8,21,10,10,1,1,1,13,5,1,9,12,1,8,1,1,13,1,1,6,1,1,17,1,1,11,12,1,10,1,1,7,1,1,21,1,1,7,18,1,20,1,45,1,17,1,12,6,20,1,5,1,12,11,1,1,9,11,1,16,1,17,1,3,16,1,14,1,1,22,15,1,1,8,1,11,11,10,10,13,1,8,1,8,18,7,10,15,1,1,9,1,1,1,6,1,13,1,1,10,1,1,1,7,39,19,16,13,1,12,1,12,1,1,10,72,1,1,1,20,18,16,1,1,15,13,10,1,1,1,1,6,13,14,12,1,1,8,10,1,2,8,8,10,3,12,14,1,12,15,1,14,2,12,8,11,18,10,1,2,20,1,1,1,15,1,1,1,1,1,31,9,8,13,19,1,8,1,6,1,1,17,15,1,1,12,1,1,18,12,84,1,1,1,1,2,1,12,1,13,15,1,11,1,17,1,1,1,1,9,15,7,1,1,10,1,1,68,1,1,10,1,1,18,1,1,1,11,1,1,1,15,1,10,8,14,1,1,5,1,1,1,4,12,7,1,1,7,1,16,1,1,12,2,13,8,1,1,1,8,1,1,11,1,16,16,14,1,1,8,7,10,13,3,23,10,12,1,1,7,1,1,19,13,1,8,1,8,22,1,1,16,21,12,1,1,1,1,1,13,17,1,1,13,1,10,1,1,6,1,5,12,1,15,1,1,12,1,1,1,1,33,7,14,153,1,12,1,10,9,15,15,1,14,32,1,19,1,15,1,13,13,10,11,14,1,8,1,1,8,7,1,1,1,8,11,16,10,1,5,6,5,11,1,1,18,1,6,1,21,1,12,1,1,1,15,1,10,18,1,1,16,1,15,11,1,10,1,15,10,10,23,10,1,1,4,1,1,11,14,3,15,14,3,15,21,7,1,1,1,11,1,6,1,13,1,13,1,1,1,13,1,15,1,1,4,1,13,1,8,1,8,1,6,1,20,1,5,8,14,1,14,9,13,1,7,8,14,1,12,1,1,1,1,11,1,1,17,51,1,5,8,10,14,1,1,11,1,48,5,10,15,10,16,22,1,14,1,15,8,1,1,1,16,1,1,1,14,1,1,14,14,1,14,1,1,4,15,12,9,1,1,16,1,2,1,11,1,1,1,12,17,1,23,1,9,1,1,15,17,1,1,3,1,3,1,1,1,14,1,1,1,15,9,17,17,9,1,1,14,21,1,1,1,1,1,21,7,1,1,24,13,17,1,18,19,1,10,10,1,1,12,13,1,9,1,1,1,1,1,1,1,1,1,7,1,7,11,6,1,12,1,1,13,7,1,10,8,5,16,1,1,11,1,15,7,10,12,12,1,11,1,17,10,1,13,1,1,1,11,2,2,10,1,12,1,1,7,12,7,7,14,1,16,1,6,1,1,1,1,14,14,1,9,16,16,14,15,10,1,1,17,27,1,10,1,10,1,29,1,13,3,10,5,1,1,1,13,1,1,1,10,1,1,17,17,25,1,1,1,16,20,6,8,16,1,16,1,14,1,1,1,21,1,1,11,4,1,1,22,1,1,2,10,1,1,1,1,1,1,14,16,1,23,1,14,14,1,3,12,9,1,1,1,6,13,13,17,1,17,1,1,13,12,1,1,13,1,8,6,20,9,15,11,13,1,8,1,8,14,1,11,7,7,1,10,14,10,1,1,1,1,11,1,11,1,11,1,1,2,1,11,15,1,17,15,1,10,15,1,1,7,15,1,12,5,15,9,7,38,1,26,12,7,1,1,11,10,18,11,1,1,1,1,12,22,25,1,10,1,13,1,15,7,15,1,1,10,24,1,1,1,1,1,1,11,1,20,1,15,1,1,1,2,1,6,15,9,9,15,1,13,7,1,1,1,1,11,11,16,43,13,9,10,1,1,1,8,1,14,1,7,1,9,1,10,1,1,1,1,8,1,13,1,1,1,13,1,13,14,8,1,1,1,2,15,1,13,1,16,6,1,16,9,1,1,3,1,62,3,9,17,107,45,36,9,1,12,16,14,1,11,1,1,10,1,1,9,4,6,3,1,4,16,12,57,9,9,12,6,14,15,1,6,1,15,1,23,10,9,1,12,10,1,1,1,17,18,1,1,1,18,11,1,15,3,17,1,1,1,1,7,1,13,1,1,1,17,1,1,9,1,9,13,1,1,9,10,1,1,1,14,17,15,12,2,1,20,1,8,12,1,16,13,1,1,1,13,1,1,1,1,17,14,7,1,16,7,1,1,16,12,1,11,1,13,1,1,1,22,1,2,11,1,8,8,1,1,11,1,4,13,12,7,11,8,1,1,14,8,1,1,17,1,1,24,1,1,10,8,16,1,1,6,9,1,1,15,17,1,12,4,14,15,1,15,1,17,1,9,7,1,1,1,10,1,1,1,1,1,1,6,1,15,17,8,1,8,1,1,136,16,1,1,19,12,8,10,2,16,1,1,1,1,13,1,17,1,1,1,1,1,1,1,1,11,15,15,17,17,19,22,12,8,14,1,12,17,1,1,1,4,2,1,10,1,14,11,4,28,1,66,5,1,1,18,5,18,1,1,1,1,1,1,1,1,27,10,20,1,1,16,1,5,1,1,2,14,1,1,1,1,1,1,75,6,1,1,11,15,14,4,16,15,1,12,9,14,1,1,1,16,13,1,8,1,23,1,20,1,30,1,1,8,1,11,12,1,10,1,1,19,15,32,1,10,1,1,2,1,12,1,1,10,1,12,14,11,1,1,1,18,12,1,11,1,20,13,13,1,1,1,1,1,1,1,1,1,12,19,4,1,12,1,9,1,20,1,1,1,11,1,1,1,11,7,8,1,13,21,1,6,19,15,6,1,13,1,10,1,5,7,1,1,5,15,1,12,1,3,1,1,1,1,15,14,1,9,14,3,1,1,1,6,11,14,1,31,1,5,8,13,1,1,13,1,10,1,15,137,76,1,1,20,1,1,13,1,13,12,1,18,1,1,1,24,12,1,1,9,1,1,1,1,10,9,11,47,8,8,1,13,1,54,53,1,20,8,1,1,1,57,1,15,57,1,31,17,13,13,13,13,11,13,1,17,18,1,1,1,18,1,1,1,1,7,1,19,11,1,1,1,4,9,12,1,19,1,1,1,1,1,1,19,1,17,1,105,1,1,6,9,17,6,3,9,3,13,9,1,1,15,11,6,1,16,1,9,1,1,20,7,12,1,1,1,11,14,1,1,1,15,12,3,1,13,14,11,24,1,1,13,11,8,9,4,15,9,15,1,1,1,8,1,5,15,1,8,1,9,1,1,1,1,23,1,20,1,15,1,1,6,11,1,11,1,9,10,1,8,5,1,10,15,4,1,1,10,11,1,18,12,1,16,8,17,1,16,15,7,1,13,16,1,20,10,1,1,9,12,1,1,10,1,1,1,1,14,13,1,25,3,1,1,1,1,17,1,1,8,1,1,19,4,1,1,21,1,1,104,1,1,13,11,1,9,15,1,1,1,1,12,14,1,12,1,1,1,1,4,1,14,1,1,16,1,3,1,7,24,7,13,13,1,1,6,1,1,6,8,1,14,1,1,4,1,1,1,1,15,39,1,9,8,20,10,14,1,1,1,24,1,10,1,7,6,12,19,14,19,8,1,1,12,1,1,1,16,1,1,14,10,1,5,14,5,1,1,1,8,6,13,1,13,1,1,11,6,12,8,27,14,1,1,18,7,1,9,12,1,1,1,1,4,10,1,16,1,15,1,1,13,1,1,3,1,1,6,1,12,4,1,1,9,1,14,17,1,1,1,11,1,1,1,1,1,11,1,1,1,14,16,1,3382,1,9,12,1,1,11,1,1,15,2,16,11,12,2,7,1,1,1,8,7,1,19,11,1,12,1,11,1,1,1,1,17,1,1,14,18,16,1,9,1,13,1,7,1,13,1,16,14,1,7,1,4,1,3,8,1,1,10,12,1,17,13,19,23,17,20,1,19,1,1,19,10,16,14,18,1,11,12,9,10,1,1,14,16,9,1,25,1,11,1,19,1,8,1,12,1,20,1,11,6,1,1,1,1,1,9,15,1,1,1,15,12,1,1,9,13,19,13,1,12,1,1,4,10,1,1,13,7,1,14,8,1,1,7,3,1,9,1,1,5,23,18,16,5,11,1,1,1,7,6,1,1,1,1,7,17,7,13,2,12,20,32,1,10,1,15,1,14,14,1,1,4,18,1,1,11,1,1,1,1,11,1,1,10,7,3,2,1,14,1,1,1,16,1,1,1,31,5,5,7,12,1,6,11,1,1,13,11,1,12,11,1,14,1,9,1,1,6,20,17,9,1,7,1,15,13,1,1,30,13,1,11,1,8,18,1,28,1,4,16,16,11,1,1,9,1,1,20,10,8,16,1,1,1,1,1,20,1,1,10,1,1,10,19,1,9,2,1,10,1,1,14,1,18,1,1,1,1,9,13,1,1,1,1,17,1,5,9,18,19,1,1,1,1,1,10,1,1,1,2,15,1,1,1,11,2,27,1,7,13,1,1,1,25,1,14,8,1,1,18,3,1,1,1,1,1,1,10,1,4,1,19,1,1,11,16,12,12,8,19,18,7,1,14,12,13,1,10,5,1,1,1,15,8,1,1,20,1,15,9,1,9,12,1,19,11,16,1,19,1,1,1,38,1,1,1,194,15,14,1,1,11,14,1,10,17,1,19,1,25,9,16,20,1,1,8,1,8,20,4,1,15,1,13,1,5,1,9,15,10,1,9,1,5,11,1,1,1,1,8,1,1,1,2,13,1,1,18,1,1,1,16,1,12,12,14,1,5,1,8,11,14,12,14,1,14,1,15,7,2,11,14,1,1,15,1,13,15,1,1,1,2,1,1,1,1,1,1,12,1,5,1,1,63,11,1,19,1,5,6,1,16,17,14,1,7,1,8,1,20,1,15,18,1,1,8,15,1,2,12,2,7,1,13,9,1,4,5,1,10,12,1,1,3,3,14,1,1,11,1,1,17,1,63,1,1,14,10,1,1,1,1,12,17,1,10,1,1,21,10,1,1,1,1,12,15,11,1,4,1,8,1,12,14,1,14,2,1,12,12,18,1,1,12,21,13,7,7,1,9,1,1,1,24,13,1,1,10,12,1,11,9,1,14,19,19,1,7,19,1,2,8,1,4,13,13,18,10,10,1,1,1,23,1,6,8,1,9,12,11,16,15,1,15,1,1,1,14,7,10,9,11,1,1,1,1,16,10,1,1,1,7,5,10,1,13,24,8,1,1,1,2,1,1,18,6,6,5,1,10,20,13,12,17,13,1,1,1,9,16,1,1,2,1,8,16,1,15,1,14,5,1,16,7,1,18,1,17,1,20,37,14,12,10,1,11,19,1,1,11,6,10,17,9,1,1,9,1,1,1,1,1,1,9,18,1,1,12,1,1,1,2,1,12,14,1,1,9,19,17,1,19,4,16,2,1,1,15,1,1,1,1,1,1,10,13,7,1,1,10,13,1,1,13,1,13,17,20,1,11,3,9,1,10,1,12,16,1,9,13,1,15,1,1,16,12,1,1,6,4,1,1,8,13,1,5,1,1,1,4,3,1,1,18,4,14,1,1,20,2,8,14,1,2,16,1,8,11,22,15,1,1,10,16,1,1,1,18,39,1,1,1,1,1,10,1,15,1,15,8,17,50,10,1,15,1,1,1,1,1,1,11,17,6,3,14,1,15,9,23,10,1,12,14,1,1,1,5,1,1,12,1,1,8,8,10,10,13,2,11,1,1,15,12,10,14,1,1,5,1,1,1,1,1,39,13,1,1,10,1,14,1,9,13,3,1,1,7,14,19,7,1,5,1,1,12,1,1,2,4,1,5,1,5,12,1,1,1,15,1,13,1,17,10,1,10,1,1,25,6,16,1,1,14,8,1,12,12,12,17,14,33,1,16,1,1,1,1,15,13,88,12,15,61,1,1,8,1,13,12,1,9,1,17,1,1,1,8,10,8,16,1,1,1,2,1,1,1,17,20,15,32,1,12,11,1,16,8,1,1,15,1,1,1,3,11,1,1272,1,8,1,9,36,3,1,14,1,1,1,5,7,13,9,5,10,17,13,1,10,1,3,1,2,12,1,19,1,1,7,11,1,1,1,1,1,1,1,1,10,1,1,1,18,1,8,12,11,1,20,13,1,11,1,15,1,11,10,1,1,1,30,11,13,1,14,1,1,14,1,22,1,1,19,1,14,1,10,1,19,1,1,11,13,1,10,29,1,12,2,1,6,11,1,22,1,1,10,20,1,12,18,1,8,11,7,5,12,1,1,21,20,11,9,16,1,1,17,1,14,11,1,16,1,15,1,25,17,1,1,4,2,1,1,13,8,1,41,1,1,1,1,2,14,5,22,70,9,1,1,15,4,10,1,1,16,1,11,2,1,7,1,1,7,18,1,1,15,15,14,1,16,17,11,1,1,10,1,26,1,9,1,1,7,1,13,1,1,2,1,12,1,5,17,1,1,1,15,12,15,24,1,17,1,1,1,17,18,5,18,1,27,1,10,19,1,1,5,1,12,1,13,8,37,1,73,1,6,1,1,1,16,21,9,15,13,15,1,19,1,10,1,14,14,15,27,1,1,5,11,16,1,1,1,1,8,20,12,1,25,16,7,1,15,1,1,1,1,15,8,14,1,1,9,1,1,15,5,3,8,11,1,1,14,1,15,10,20,1,1,1,1,1,1,16,14,9,1,16,11,2,13,20,14,18,1,10,20,1,14,1,8,13,1,3,11,1,1,8,12,1,1,1,1,1,958,14,1,9,1,15,10,17,17,13,4,16,14,1,1,1,9,1,1,1,10,1,1,1,1,15,1,1,13,13,15,6,10,25,1,1,135,1,121,1,1,13,1,1,1,1,20,29,1,16,14,1,1,1,5,1,18,9,7,18,1,1,2,1,1,1,9,16,1,15,11,10,5,1,13,1,1,18,1,16,1,1,106,2,1,1,13,8,1,1,12,1,1,1,9,10,13,1,24,18,1,21,1,17,1,1,16,1,1,16,10,1,2,14,13,11,22,1,17,11,1,1,1,3,10,13,1,1,1,8,1,1,10,13,1,13,14,1,16,1,22,22,11,1,1,1,1,1,11,1,8,17,13,10,14,1,12,1,12,13,11,1,1,1,1,1,1,1,7,8,11,10,13,1,2,8,11,1,18,20,1,1,1,1,8,1,1,8,1,105,1,6,3,17,21,12,13,15,5,15,13,1,1,15,12,1,6,20,1,1,1,1,1,2,12,1,18,6,1,1,14,1,14,1,1,14,7,1,21,36,1,78,2,1,1,1,11,21,1,1,1,1,16,16,6,1,10,1,13,8,1,1,1,1,16,1,1,1,1,1,1,121,15,7,1,10,1,1,2,1,1,11,1,14,1,13,4,18,16,1,1,1,10,14,9,8,4,18,18,1,1,13,1,1,1,1,12,8,11,12,7,6,9,4,1,13,1,74,1,1,11,11,4,14,9,12,1,1,1,1,11,13,1,7,1,1,1,1,17,13,10,10,14,9,9,16,1,19,7,10,1,13,1,1,6,1,8,19,1,11,15,10,7,11,1,1,2,1,15,1,1,1,21,1,7,13,1,1,1,11,1,1,16,8,1,12,1,1,4,1,16,1,1,10,1,13,1,18,13,1,1,6,1,1,1,5,21,1,11,27,1,2,18,1,1,1,1,1,1,1,6,23,6,1,19,7,9,1,1,7,1,1,10,18,18,1,1,16,1,11,1,14,1,12,17,1,12,1,1,1,14,6,1,12,1,1,7,7,8,1,21,1,1,6,1,15,1,16,16,1,1,13,20,1,1,1,14,1,1,18,1,1,1,1,4,18,11,9,1,12,1,13,8,12,11,1,1,2,1,2,25,1,18,22,9,1,1,1,18,1,10,1,16,9,1,1,2,1,7,1,15,1,1,14,14,1,6,8,16,1,6,1,26,10,9,1,1,1,9,26,1,15,13,18,1,16,9,1,12,1,12,15,1,24,1,10,1,17,1,15,15,1,1,4,1,1,1,5,16,18,1,11,1,1,13,10,141,11,20,1,21,17,1,11,1,1,1,16,1,15,1,3,1,1,1,1,15,5,1,4,1,13,1,1,1,11,1,1,13,1,1,13,6,1,15,8,1,1,18,9,12,1,1,16,2,1,7,9,10,1,1,5,14,1,23,1,41,1,14,14,7,1,1,1,1,11,1,1,1,1,1,1,1,1,14,1,7,15,1,1,10,1,14,58,1,2,1,1,11,1,19,13,2,14,12,1,1,1,1,20,12,12,1,14,10,54,1,1,17,1,8,1,1,1,16,1,1,1,14,1,1,1,13,1,18,15,11,12,1,19,19,1,1,13,2,15,19,11,18,18,1,1,7,1,1,3,1,22,12,1,1,13,21,1,10,64,1,76,21,1,1,3,1,1,1,1,1,14,1,6,1,14,1,17,1,1,8,9,8,1,7,1,1,1,1,7,1,2,7,3,7,12,26,1,10,1,1,1,1,13,8,6,13,21,1,13,16,13,1,10,19,1,1,1,24,2,1,15,1,1,13,1,8,17,9,1,11,1,16,1,1,1,1,1,13,13,11,1,25,13,15,1,17,14,13,5,1,12,4,1,1,11,1,9,1,10,1,16,16,2,1,10,1,15,8,5,3,7,9,1,1,15,8,1,1,10,1,2,1,1,21,1,1,3,12,1,2,10,10,1,7,12,18,11,1,12,1,1,13,6,81,13,15,9,11,1,13,1,12,9,1,14,1,13,16,11,10,6,1,1,1,11,3,1,22,1,20,13,15,8,8,1,35,11,16,15,1,1,7,1,20,7,11,13,1,1,1,1,16,1,1,10,1,17,1,1,10,1,10,7,12,1,17,1,16,1,1,1,63,16,1,1,15,12,4,1,1,9,3,15,1,1,1,10,1,16,14,12,14,24,1,13,15,1,17,1,1,1,13,1,1,10,1,13,14,1,16,14,6,1,1,2,5,2,86,3,1,1,10,12,15,11,1,10,1,1,9,18,1,1,16,14,15,12,10,6,7,21,1,1,12,14,1,11,1,13,1,1,7,3,8,9,14,1,1,1,15,1,13,1,16,1,1,1,150,1,9,1,13,1,1,8,14,11,1,8,8,1,14,1,1,1,13,62,10,9,1,8,1,14,1,14,13,1,7,12,1,11,1,1,1,1,14,10,1,5,1,1,16,1,1,1,9,17,12,9,9,17,1,20,14,1,1,1,16,39,17,2,20,24,1,11,1,20,12,1,1,1,11,15,1,1,10,1,7,12,1,8,17,11,1,18,1,1,9,1,25,1,1,1,3,1,1,10,2,9,15,1,1,1,10,1,1,1,7,6,9,1,15,18,1,21,1,1,31,1,1,13,6,1,7,8,75,13,4,1,1,1,16,1,14,16,1,12,21,1,14,10,27,4,1,18,1,11,1,2,12,1,9,1,13,1,1,1,19,1,2,11,7,1,1,11,13,17,11,12,1,1,18,1,7,8,14,2,8,1,1,16,1,3,1,8,10,1,1,12,9,28,1,8,1,14,1,1,10,2,6,1,1,15,19,17,5,1,15,5,1,1,1,2,3,9,1,2,1,10,1,11,1,1,11,1,8,1,1,1,12,2,8,1,1,7,1,15,22,19,17,1,18,16,1,3,1,1,1,16,16,1,1,96,1,1,2,15,14,7,136,1,12,1,20,5,14,1,15,1,11,1,9,13,22,1,1,18,2,1,10,13,1,1,7,11,1,1,10,1,18,15,9,1,15,11,21,1,6,15,24,1,1,1,1,2,1,12,1,10,1,11,16,11,1,6,1,226,1,1,1,1,1,11,15,7,10,11,24,12,14,18,17,16,1,17,1,2,2,1,1,1,1,7,13,16,13,1,1,1,16,1,2,14,1,1,12,15,1,15,14,1,3,1,1,1,1,1,14,17,10,1,1,1,6,9,1,15,1,15,1,1,17,22,9,10,9,8,1,1,17,11,12,10,16,6,34,1,15,1,7,1,1,10,4,20,12,10,1,1,18,19,1,1,9,11,1,1,1,1,1,10,1,7,29,14,8,16,8,15,9,1,12,1,13,1,39,15,1,9,1,16,1,3,1,11,1,16,16,9,1,12,1,1,1,1,23,13,11,1,1,10,5,1,19,1,1,1,1,1,1,6,1,14,14,1,1,10,12,1,47,1,1,1,6,14,1,1,1,17,1,14,1,1,1,7,1,1,1,2,1,1,1,14,1,7,1,16,1,13,1,1,32,1,25,21,14,1,1,1,18,1,72,4,15,1,12,1,5,18,1,1,1,1,12,1,1,18,8,1,1,1,10,1,11,1,11,1,4,1,5,1,21,14,9,1,15,33,1,1,10,1,22,2,1,1,17,20,1,17,1,6,10,1,10,1,1,14,14,8,1,1,1,10,6,9,1,9,1,14,18,1,9,10,1,11,15,8,1,11,19,15,3,11,11,1,19,22,17,1,644,15,9,21,13,15,1,1,7,1,1,1,1,1,1,14,10,1,1,9,1,2,8,1,8,12,22,9,15,4,15,1,15,11,1,1,13,1,9,1,15,1,1,3,14,8,1,1,11,14,10,1,1,1,3,14,1,1,1,2,7,12,6,16,21,1,1,10,1,20,19,11,12,13,1,17,3,1,1,1,1,1,1,15,1,1,12,1,9,10,10,1,13,1,1,1,16,1,1,1,13,8,1,2,1,1,15,16,14,1,1,1,1,1,8,30,1,13,1,16,8,1,12,1,1,11,10,1,1,12,13,1,4,1,12,1,1,1,1,13,1,1,11,1,1,11,1,18,1,16,10,5,10,1,1,2,1,1,1,1,1,1,1,1,1,91,1,5,10,23,1,1,1,1,11,1,1,15,1,1,20,1,13,14,18,1,1,1,1,7,22,1,13,1,9,4,15,1,1,1,1,84,16,1,1,1,1,11,1,1,1,7,17,1,12,11,13,15,1,14,1,1,7,1,1,8,12,1,1,13,1,1,1,1,1,16,104,15,15,1,4,1,1,1,1,20,1,2,10,1,18,1,1,1,26,27,7,11,1,12,3,3,1,1,44,55,15,12,16,19,1,17,7,1,1,1,1,15,1,1,19,1,15,1,21,1,1,1,15,1,1,1,14,1,1,1,1,1,1,1,9,7,12,1,1,1,1,1,7,7,11,21,6,7,1,15,1,2,1,14,1,19,1,25,1,10,21,6,13,1,12,10,9,1,6,11,24,57,1,9,5,1,1,14,1,1,8,8,9,1,9,17,1,29,17,30,11,1,14,1,10,23,1,13,16,1,1,1,1,1,1,1,1,1,4,14,1,18,1,1,10,19,1,17,33,1,9,5,1,1,1,19,14,9,20,3,1,14,1,8,15,1,20,1,7,1,11,1,1,15,1,1,7,3,2,13,1,1,1,1,9,4,11,1,1,7,1,1,33,1,1,22,1,13,1,1,16,1,16,1,1,1,1,26,1,17,15,10,1,137,1,7,1,7,10,9,1,1,1,10,13,1,10,14,1,1,13,1,1,34,1,1,1,21,1,14,1,1,14,22,17,3092,1,6,12,50,22,2,1,1,1,26,1,7,10,20,1,10,12,12,11,1,1,1,1,1,8,72,1,1,8,17,6,12,14,1,1,1,1,10,1,1,13,1,1,1,1,1,1,29,1,14,1,1,1,16,1,1,14,15,13,8,1,10,14,1,1,1,1,1,9,1,12,1,1,1,1,1,2,1,12,1,1,12,1,13,1,95,19,12,1,1,1,13,1,1,17,13,18,14,13,1,1,1,1,1,11,21,9,1,1,1,1,1,1,21,2,1,14,9,1,7,12,1,8,16,13,13,1,1,1,1,9,13,1,8,15,1,1,8,18,1,1,1,1,1,1,1,1,12,1,36,1,1,1,1,1,6,1,9,9,17,7,1,1,8,11,15,1,1,14,13,6,1,1,1,1,1,1,14,16,1,1,1,1,24,18,1,19,1,1,1,1,1,7,1,46,13,19,1,1,14,4,15,1,1,5,6,1,1,7,8,1,9,1,1,1,6,1,8,17,1,1,13,12,9,1,1,1,11,1,1,14,14,10,21,11,9,4,16,1,2,1,21,1,18,10,12,18,14,13,1,11,13,34,21,1,11,1,6,6,1,19,18,17,1,1,14,17,1,7,4,12,1,16,18,13,8,1,1,1,1,1,8,1,8,15,1,1,1,12,20,1,13,1,20,10,2,11,1,1,1,15,18,1,1,1,13,1,1,1,1,1,1,7,11,1,1,1,1,1,1,1,18,1,1,1,1,1,12,1,1,1,1,1,14,8,1,10,1,10,1,8,22,23,1,1,15,1,17,5,1,1,1,13,51,11,12,9,1,4,1,1,15,1,11,1,1,1,1,1,1,11,1,9,1,15,16,8,17,1,1,10,13,1,1,1,3,1,14,15,1,1,1,1,1,1,9,10,1,1,1,84,1,1,1,1,1,22,5,1,1,22,1,4,1,1,1,1,7,3,1,10,1,1,9,1,18,9,1,1,1,9,20,18,13,1,1,1,1,1,1,1,16,1,15,1,13,10,10,1,6,5,1,1,16,7,1,15,1,1,11,17,1,1,12,1,6,15,16,12,21,22,10,10,1,1,8,12,27,9,14,1,1,1,3,18,13,12,1,1,18,1,1,2,6,5,4,14,1,5,3,1,1,17,1,13,1,1,1,22,27,1,23,1,16,7,1,14,14,1,17,1,16,1,1,1,1,1,13,10,1,1,12,16,1,11,1,6,1,14,1,1,1,12,12,17,3,7,10,12,10,1,1,1,12,1,12,6,1,7,1,20,5,26,5,1,1,8,17,1,13,4,12,1,12,2,9,9,1,13,1,13,14,1,13,1,1,1,18,1,1,1,7,1,7,1,1,1,1,1,17,14,20,1,1,1,20,1,1,1,1,1,10,22,12,10,1,1,1,21,15,1,1,1,18,10,1,1,13,21,11,16,1,1,2,1,20,1,15,1,13,1,11,1,1,14,1,7,1,16,1,2,13,1,9,16,7,1,1,11,1,12,7,8,1,1,16,1,12,17,15,1,1,18,1,13,1,13,15,2,1,1,1,1,1,1,17,33,1,1,99,14,12,14,16,1,16,1,12,1,10,13,1,11,2,12,15,1,1,1,18,1,1,10,1,13,1,1,11,1,17,16,15,1,18,9,7,1,1,1,20,10,10,9,1,1,1,1,6,1,4,10,1,1,8,6,1,10,1,11,1,1,1,1,15,1,1,13,14,1,3,15,13,1,1,24,8,1,1,4,1,1,1,14,13,7,1,1,11,3,1,1,11,1,13,16,6,9,1,11,19,11,1,1,1,12,1,1,6,12,16,16,10,12,1,1,1,14,1,1,1,1,1,1,2,6,1,14,13,1,14,9,1,15,1,11,23,7,6,3,1,1,1,1,14,1,15,3,1,1,14,29,1,3,1,1,14,17,1,12,9,1,1,11,1,1,1,1,12,10,10,21,1,12,22,16,1,10,1,1,6,1,1,9,12,27,74,9,18,12,28,17,1,1,3,16,1,8,15,1,1,30,1,13,5,11,1,1,1,12,23,10,9,1,13,34,1,1,5,13,1,1,11,15,5,10,22,1,1,1,1,2,1,1,7,1,17,13,1,13,1,85,16,12,2,1,14,10,13,11,15,1,12,11,1,14,19,1,9,13,29,1,6,5,19,17,14,16,1,102,8,14,12,15,17,1,11,21,2,1,1,10,1,1,1,1,7,16,1,30,5,8,1,1,1,23,1,1,1,1,1,11,1,1,25,1,8,10,10,2,33,17,23,1,11,14,1,1,1,8,1,11,1,1,1,6,1,11,1,11,1,1,1,1,8,1,15,1,11,1,15,1,1,7,1,15,1,1,1,15,4,1,120,15,1,20,17,16,7,1,12,18,1,1,14,1,15,1,1,4,1,1,10,18,15,13,9,8,17,13,9,11,5,1,1,1,1,1,1,9,9,5,18,1,14,1,7,26,1,1,21,17,19,1,77,8,6,1,1,7,1,1,21,19,6,1,14,10,11,1,1,17,12,1,11,13,1,17,14,1,15,9,8,9,1,2,1,1,16,1,13,3,1,2173,15,14,7,1,17,18,8,6,1,12,4,1,1,22,10,1,1,1,12,1,17,4,24,6,1,7,10,14,1,1,2,1,1,21,1,8,18,11,1,1,18,1,4,12,1,13,1,11,1,1,10,1,16,30,18,1,8,1,4,2,1,1,9,11,1,13,11,1,7,12,1,13,16,1,14,1,13,2,1,20,1,5,1,10,4,1,10,1,4,18,1,1,17,1,1,1,1,22,1,7,1,5,1,1,1,5,55,11,1,18,20,2,1,6,15,1,12,1,15,4,11,3,33,15,1,11,1,10,1,8,9,9,6,1,1,10,1,18,11,1,13,1,6,2,17,1,1,14,1,20,33,2,1,1,107,17,1,3,16,1,8,1,1,1,15,13,1,15,11,15,6,1,11,19,1,1,16,1,18,12,1,9,7,12,1,1,1,17,1,11,8,15,10,14,1,4,1,23,15,16,10,6,1,11,11,13,1,9,1,1,15,1,1,1,22,1,1,15,12,11,1,2,1,12,16,15,1,19,11,1,13,1,1,23,2,12,1,1,4,1,1,2,12,19,17,1,19,13,12,2,1,3,1,6,15,11,11,1,3,78,1,12,11,1,6,16,1,19,16,1,1,1,1,1,25,18,8,13,10,14,6,13,11,1,5,1,2,1,14,17,1,1,7,2,10,12,1,14,7,11,6,1,1,16,9,13,1,1,1,13,18,9,12,1,9,1,5,15,1,13,9,1,7,1,18,17,21,2,1,11,1,15,8,1,29,17,1,1,12,1,3,17,9,1,1,5,13,1,1,22,1,78,1,1,1,17,2,2,5,14,2586,1,15,8,12,1,1,1,1,2,3,6,16,15,7,1,6,9,22,4,1,1,1,13,5,1,1,11,15,1,1,8,12,1,11,1,12,1,17,1,1,1,1,78,1,13,17,3,1,1,2,4,1,14,1,10,1,15,13,12,13,1,10,1,17,4,19,6,11,1,1,1,1,1,21,18,15,1,12,4,17,1,1,7,4,21,11,1,1,1,1,14,1,13,12,1,1,5,1,1,13,20,19,13,1,20,17,2,9,12,8,7,13,16,17,13,8,14,11,1,1,1,10,1,8,1,1,4,1,77,15,1,12,1,1,20,6,1,14,13,1,7,1,1,1,4,2,12,1,11,1,16,1,1,18,1,96,1,21,14,7,16,15,128,12,8,3,1,1,8,1,4,1,1,17,13,27,13,1,15,1,8,16,1,1,19,1,7,11,1,1,14,9,1,1,1,2,1,18,14,10,1,1,13,10,1,1,1,1,20,1,10,17,20,1,1,1,1,1,8,15,14,2,9,15,12,16,17,1,1,12,15,1,1,14,6,11,1,1,9,1,1,15,4,13,13,12,15,1,12,1,1,1,14,15,10,1,17,11,6,26,1,1,5,13,2,19,13,1,17,7,10,1,1,7,1,8,1,1,10,5,23,1,1,15,8,20,12,89,15,11,13,1,1,1,4,14,14,1,17,3,1,1,1,1,1,1,1,1,17,1,16,1,5,1,1,7,1,15,17,7,1,9,1,1,12,8,3,1,10,8,12,18,41,13,1,1,9,1,16,1,1,1,15,15,1,1,2,4,1,9,265,9,10,1,1,1,1,12,1,1,10,1,2,2,15,10,19,1,1,1,5,1,11,2,1,1,6,1,18,1,21,13,17,1,13,11,1,10,1,1,9,6,11,1,15,11,1,11,17,1,11,8,12,1,1,1,1,15,9,20,13,12,1,1,10,1,1,16,12,15,11,24,17,3,12,1,12,11,12,1,11,1,9,14,9,10,6,6,1,1,1,36,1,14,1,9,20,17,10,63,14,13,1,2,1,2,12,6,16,13,1,19,4,1,17,1,11,1,15,6,18,1,10,1,20,22,8,1,1,1,2,1,1,1,12,7,7,1,1,12,13,18,15,1,12,1,1,1,10,10,1,16,12,1,9,1,10,6,1,14,1,3,1,3,13,1,27,30,1,1,1,23,1,1,5,7,5,13,1,1,1,1,12,17,1,1,1,11,1,8,13,10,15,1,11,17,17,20,1,1,16,1,1,13,5,14,1,1,1,1,1,2,1,10,1,2,19,1,1,1,1,13,1,1,1,1,8,1,1,1,10,9,1,1,11,16,1,1,1,5,8,13,1,11,1,10,3,1,1,1,8,1,7,1,12,2,1,1,1,12,1,1,1,1,6,1,6,9,9,1,9,16,1,12,11,19,1,5,11,1,1,1,13,10,1,10,3,1,1,1,1,1,8,1,1,18,12,11,1,1,5,1,30,11,1,1,1,12,1,14,47,24,14,3,1,3,1,16,12,1,1,21,13,2,14,1,13,1,10,5,12,16,1,1,1,1,1,15,10,1,1,25,14,12,19,14,2,1,13,3,36,15,19,14,15,12,16,1,16,7,1,2,1,4,1,1,1,1,17,1,1,8,1,15,1,20,8,7,1,1,20,85,15,30,1,1,1,1,1,1,21,1,19,5,1,7,13,14,1,13,1,7,15,3,1,1,1,1,11,1,21,23,12,13,14,12,17,1,14,1,1,1,1,6,14,13,8,1,12,1,17,10,11,1,12,14,1,1,1,10,13,1,13,1,7,1,1,2,1,4,10,44,1,15,11,1,1,1,21,1,10,1,1,7,1,1,1,22,1,1,20,7,13,9,1,16,2,16,1,1,1,11,1,12,15,7,1,13,1,9,1,1,73,14,1,32,1,1,10,1,14,16,1,1,16,18,16,9,32,17,1,12,1,9,4,13,1,1,16,13,13,13,1,12,13,1,1,11,17,4,19,1,1,15,18,35,1,9,1,1,1,1,18,15,1,1,13,1,6,1,1,12,1,1,14,9,10,1,37,15,15,1,19,1,3,14,63,23,6,1,1,12,1,1,17,7,9,1,1,12,1,1,8,17,10,8,17,11,10,1,1,1,1,9,12,12,16,1,1,1,1,1,1,1,1,2,1,17,15,1,13,4,10,1,14,1,7,11,15,1,7,1,1,1,11,1,1,1,28,1,8,9,1,1,2,13,10,19,1,1,7,1,4,18,11,13,5,1,13,7,18,1,7,11,1,1,1,1,10,11,13,1,7,1,4,1,1,12,1,14,1,1,1,15,1,1,8,1,1,11,1,21,19,1,9,1,26,7,1,1,6,1,17,23,10,19,14,15,1,1,11,14,4,1,1,12,1,1,11,1,9,1,1,2,1,11,11,6,8,1,11,1,1,1,10,11,9,1,1,1,1,14,1,1,1,14,1,13,1,8,1,3,13,10,16,1,15,1,1,11,1,6,1,14,21,1,1,1,7,5,18,13,14,9,1,1,1,12,19,1,1,1,15,1,1,1,18,17,1,1,1,7,7,12,1,1,1,17,11,1,15,15,10,1,1,11,1,19,1,1,18,1,3,1,11,1,1,4,11,12,13,10,1,17,1,15,1,1,14,1,11,1,1,1,7,15,1,6,1,21,1,1,12,8,1,10,2,1,11,12,8,12,1,13,1,5,6,1,9,1,16,2,1,6,14,15,1,1,1,1,11,18,21,1,29,1,15,11,14,7,16,6,11,13,1,1,15,1,1,1,1,14,1,11,10,9,12,11,1,16,1,1,11,12,16,1,10,15,8,1,9,7,13,14,10,2,1,1,2,14,10,12,1,10,15,7,16,1,12,13,13,7,1,14,13,1,26,6,14,50,14,14,16,1,1,14,7,1,11,1,10,17,13,15,14,11,16,24,1,1,2,16,12,1,1,13,1,15,21,3,6,17,14,8,10,12,11,1,1,1,1,14,1,13,41,1,1,1,1,17,13,1,1,11,12,1,1,1,1,20,20,1,10,14,1,1,4,1,20,11,8,1,15,12,9,16,1,29,16,1,1,1,13,1,13,17,12,13,1,1,12,6,1,26,1,18,1,8,1,1,17,12,7,1,1,9,5,5,1,23,11,15,1,13,1,14,1,10,5,1,10,1,19,1,11,1,20,27,123,1,1,1,82,3,15,1,1,1,12,14,9,1,6,12,12,3,12,14,1,11,17,14,1,1,31,16,10,14,1,1,10,16,1,9,1,1,15,1,15,9,16,12,1,2,60,12,1,109,1,1,18,1,12,7,16,1,9,15,11,1,1,14,15,20,1,1,22,21,11,16,1,15,13,22,1,1,1,1,1,9,1,6,17,1,10,14,19,10,1,12,15,15,14,11,15,1,3,1,7,1,1,1,3,1,1,1,5,13,1,9,8,4,1,1,22,72,16,19,1,1,7,1,16,15,1,14,12,16,2,1,12,3,13,7,15,1,14,1,16,1,15,115,9,1,1,1,8,12,29,1,1,1,1,11,1,1,1,7,1,14,14,9,1,8,40,1,15,1,18,1,76,6193,10,18,13,5,8,1,10,3,12,1,9,2,14,13,1,1,21,1,7,6,1,12,7,1,8,17,11,1,14,17,1,7,18,11,10,1,21,9,1,109,1,12,15,15,12,1,13,25,1,1,18,1,1,1,1,9,1,1,1,1,10,10,24,1,24,1,1,9,3,13,1,17,17,1,1,14,1,1,14,1,8,1,4,1,8,10,16,14,7,16,1,1,2,13,4,21,19,13,2,12,12,15,1,1,3,18,1,1,1,23,14,1,1,1,15,1,1,2,1,8,1,10,1,13,1,7,14,1,13,11,1,10,1,17,1,9,2,1,1,5,4,21,150,1,17,1,11,8,1,8,7,47,1,14,11,8,1,4,1,1,13,11,6,1,14,1,1,20,11,1,22,1,3,12,29,3,12,11,4,12,10,1,1,1,17,20,1,16,15,12,1,25,13,6,13,16,13,7,11,13,11,1,11,11,1,1,1,18,11,1,15,22,17,1,1,1,15,1,1,1,1,1,1,9,1,1,1,16,11,10,1,25,1,1,1,1,14,7,1,1,1,15,1,1,18,1,1,1,13,19,12,1,11,2,17,1,1,1,8,1,1,1,14,5,8,1,11,1,1,81,9,1,13,1,17,16,1,8,2,15,9,10,1,10,9,1,7,10,10,15,1,2,12,10,13,2,11,1,1,8,1,1,1,1,6,1,1,11,12,12,9,1,15,1,1,26,1,1,17,9,14,1,14,1,2,1,9,1,1,1,1,1,9,1,7,1,11,1,1,1,15,1,22,1,70,9,1,1,1,1,17,1,6,16,8,3,21,1,12,11,11,10,1,2,1,9,1,13,1,1,1,1,1,10,1,1,1,1,14,1,1,5,15,10,15,11,1,8,1,1,1,1,15,14,13,1,19,34,7,13,17,9,5,1,1,1,1,1,17,12,1,11,1,19,8,6,8,1,1,14,17,10,10,16,1,18,1,1,1,1,14,1,1,13,8,1,1,12,19,1,10,1,1,15,2,15,2,1,17,1,1,110,1,1,11,14,1,1,1,1,1,14,1,18,1,1,15,5,1,1,1,17,6,1,13,8,1,1,1,16,1,17,13,15,15,1,13,24,8,7,1,15,5,1,10,25,1,1,1,3,16,1,1,1,11,20,1,1,1,1,14,1,7,86,1,1,8,1,13,1,6,1,13,1,7,1,1,1,11,14,9,1,23,1,1,18,19,1,13,12,16,17,1,1,1,19,1,9,1,20,3,13,1,13,1,1,1,1,9,4,10,12,1,1,17,1,11,1,27,1,15,1,1,1,19,14,1,1,1,1,1,1,11,16,8,24,1,1,1,9,11,12,1,8,1,9,7,10,8,1,13,1,1,1,129,19,15,10,1,11,7,12,14,1,1,1,2,1,15,1,1,12,12,4,1,1,1,10,11,14,7,12,1,1,1,14,12,11,17,1,17,10,17,1,1,1,1,7,1,1,9,10,1,1,1,1,11,1,1,1,10,5,1,1,12,4,1,10,16,1,1,3,2,1,17,10,1,1,2,15,1,13,1,1,1,16,5,1,1,20,10,11,1,1,1,57,1,1,10,1,30,18,1,1,2,17,5,13,1,1,2,1,12,13,1,5,1,1,1,3,16,14,1,9,1,7,1,1,34,1,12,1,1,1,13,1,1,16,1,1,1,1,11,1,14,1,1,6,1,1,1,1,10,1,15,1,1,10,9,1,23,1,1,15,10,1,1,16,9,1,8,1,26,1,1,1,1,22,33,1,20,10,11,1,15,1,13,1,1,1,15,12,1,1,1,1,16,1,1,1,1,21,5,1,2,12,12,1,1,1,17,9,1,13,1,7,17,1,7,1,1,12,1,1,1,15,1,2,1,10,7,1,1,1,1,8,1,1,24,1,18,18,17,15,1,2,15,1,1,19,15,1,1,1,1,13,11,7,10,13,1,1,1,11,1,1,1,10,1,12,13,2,1,9,1,1,12,14,20,1,1,1,1,1,1,1,1,11,1,2,1,10,12,10,12,12,1,9,4,2,1,1,1,31,1,9,4,32,26,1,3,21,16,11,10,1,19,13,10,1,1,1,9,1,1,17,11,1,36,1,1,13,1,1,14,1,10,1,16,14,1,1,1,1,18,12,14,11,18,5,9,13,7,1,1,10,9,1,18,24,11,12,16,24,8,1,10,1,1,8,23,10,1,14,1,13,6,1,8,12,1,22,14,1,1,24,1,8,10,6,11,136,24,24,1,9,19,1,1,14,6,1,4,12,9,18,1,7,6,15,16,14,1,17,1,1,1,21,3,6,1,10,13,10,1,1,14,1,1,26,13,14,1,14,1,11,1,17,10,12,1,1,11,1,1,1,1,20,13,1,12,1,17,1,14,13,1,10,1,88,1,1,13,2,5,1,1,1,11,1,1,13,1,1,1,11,13,15,14,16,12,8,1,1,1,15,5,1,1,10,14,26,1,1,8,1,89,18,8,4,1,1,1,12,3,6,1,1,1,8,1,10,8,1,1,8,13,22,1,1,16,1,12,1,12,10,1,2,29,10,1,21,1,7,1,1,12,15,1,1,1,1,16,1,1,7,1,7,7,1,1,3,15,10,11,1,1,15,6,1,8,1,6,1,4,2,10,11,1,3,1,1,18,1,11,1,12,1,1,1,17,19,8,4,1,11,5,1,1,13,75,20,4,1,284,1,11,1,1,10,1,1,1,28,13,11,16,11,9,13,16,1,1,20,1,25,1,1,20,1,13,13,18,6,1,14,2,13,1,79,24,1,17,1,2,1,1,1,15,7,1,1,17,11,19,12,1,2,18,13,1,1,1,19,1,5,1,1,1,14,10,11,7,12,10,5,17,1,28,4,13,9,4,1,9,84,10,1,1,12,17,1,1,1,1,8,8,14,8,7,1,3,1,15,7,1,1,1,1,1,1,1,1,1,17,8,1,15,1,11,11,3,13,1,10,11,1,1,18,1,8,1,5,1,2,13,7,19,1,1,1,1,11,9,1,9,15,12,15,5,7,1,1,1,1,1,10,1,1,13,1,1,7,12,10,19,9,1,14,22,11,1,14,8,1,1,10,1,5,12,4,13,14,2,13,1,1,1,14,13,1,14,13,1,1,33,1,1,17,1,7,21,1,1,14,1,5,1,14,11,15,1,1,1,15,1,13,1,1,1,1,2,11,15,9,8,6,4,11,13,28,1,1,1,16,9,10,1,1,24,8,12,1,10,9,12,1,17,1,14,1,1,1,1,11,18,1,18,19,7,1,1,1,1,1,1,3,1,6,35,19,1,7,12,11,1,1,1,12,2,1,1,1,8,16,16,8,1,12,1,1,1,7,1,9,15,18,28,14,1,1,1,16,6,12,1,1,1,11,1,1,2,1,1,5,12,1,21,10,1,18,15,41,31,8,6,1,1,1,1,1,7,6,1,10,1,10,15,1,1,9,1,1,15,8,1,1,17,17,6,1,12,1,9,1,1,15,1,12,11,1,1,1,10,1,8,5,15,24,7,1,11,1,11,10,8,5,1,1,1,1,13,1,1,1,1,15,13,1,1,29,5,9,7,6,8,1,10,4,16,14,1,16,8,1,1,32,1,2,1,1,5,5,1,5,12,2,1,1,2,3,1,16,3,1,1,19,16,1,1,12,9,7,1,12,1,1,12,7,15,1,8,10,1,8,1,15,1,13,1,1,10,1,1,1,11,13,17,1,38,1,1,12,2,11,35,15,18,1,1,4,13,15,14,3,1,13,14,14,8,1,11,1,11,12,14,1,1,8,1,6,111,1,9,2,14,11,1,4,17,1,1,1,1,9,1,16,1,18,1,15,1,12,392,1,1,14,7,1,17,3,14,1,1,17,10,1,22,18,25,13,1,1,10,1,1,12,13,1,2,38,1,15,8,2,26,1,1,1,10,20,1,1,1,8,15,10,7,10,1,10,7,1,2,1,13,1,1,2,9,1,1,30,1,12,2,1,4,12,1,1,6,1,9,5,1,1,11,10,1,1,1,4,12,1,16,16,3,1,1,7,1,16,21,19,1,15,13,1,8,10,10,12,1,1,11,11,2,17,9,13,1,1,12,12,1,1,4,19,3,1,16,1,1,13,1,1,5,6,6,17,1,1,10,1,1,15,16,1,1,13,185,19,7,11,1,6,1,20,1,13,10,1,7,1,1,1,15,12,3,1,1,1,1,19,11,1,1,15,1,1,1,1,1,22,1,3,1,6,11,1,396,15,72,16,12,6,6,7,1,1,1,14,1,1,14,22,1,3,12,15,12,7,1,14,1,12,1,13,1,1,14,20,14,5,6,1,1,7,10,14,7,1,5,15,10,13,1,14,1,17,1,22,14,8,5,1,1,44,9,19,1,1,1,9,1,5,1,8,15,34,1,5,14,1,12,11,9,9,1,10,24,1,1,9,1,1,1,1,1,5,1,16,7,22,1,1,13,9,10,8,10,10,5,10,1,12,6,1,10,1,1,1,2,16,4,14,1,4,6,1,8,17,3,2,13,13,1,12,10,1,18,13,8,11,9,1,12,11,1,12,1,12,1,14,3,6,1,27,10,14,1,1,1,1,12,1,1,9,1,15,5,1,10,1,18,14,1,1,1,14,1,23,7,1,1,1,1,12,1,1,15,1,13,1,1,1,1,11,1,1,10,1,11,1,14,1,1,21,1,11,15,14,1,1,1,1,4,15,18,1,13,17,4,15,1,12,1,1,1,1,3,1,1,11,7,1,1,1,12,37,7,11,22,1,1,31,11,3,10,14,16,5,10,1,1,1,1,1,14,1,78,18,1,1,13,17,93,3,12,9,1,1,1,1,14,1,12,1,13,15,1,10,12,2,6,15,7,1,1,1,2,36,7,13,14,12,12,29,8,1,1,15,1,1,1,15,1,14,3,1,14,1,3,8,15,1,20,22,14,1,1,18,10,17,1,4,10,3,1,1,8,6,13,8,9,16,1,1,1,1,15,1,1,1,24,1,11,14,1,17,21,1,13,2,1,24,14,1,16,1,1,16,29,8,1,6,1,5,15,1,1,24,21,13,45,1,14,1,1,1,7,16,16,1,1,8,11,12,8,9,1,1,1,13,1,14,1,18,1,11,1,1,15,14,1,1,18,14,11,5,1,1,13,1,11,1,1,13,1,14,1,1,13,13,1,1,1,1,1,19,1,1,488,1,1,8,1,1,15,1,11,1,13,11,9,7,17,1,12,1,10,1,1,16,1,16,1,14,1,10,10,14,17,1,8,1,1,17,15,20,1,13,1,11,1,1,1,1,1,1,1,2,1,1,1,12,1,1,1,1,3,12,13,19,1,1,13,11,4,10,6,17,8,12,8,1,1,1,1,8,1,3,12,8,11,13,1,1,4,9,12,1,9,13,1,1,5,24,18,1,11,1,10,14,1,11,23,1,14,5,18,20,1,9,10,1,1,11,1,12,1,8,16,1,8,1,12,1,1,1,12,18,16,11,1,1,3,20,6,1,1,1,1,1,18,11,1,1,1,11,14,1,6,13,1,10,16,3,1,15,15,6,1,16,5,1,13,12,1,1,7,3,1,11,15,1,11,5,120,1,16,13,1,1,18,13,1,10,11,1,1,1,1,3,13,1,1,1,12,1,24,6,7,36,12,1,1,12,11,1,15,14,14,1,8,1,1,1,9,7,17,1,11,1,10,11,64,19,8,13,1,18,1,9,18,15,1,1,1,12,1,1,10,1,9,1,13,18,9,14,1,1,1,27,1,13,1,1,1,1,11,19,18,2,10,1,1,14,1,1,24,1,7,1,15,1,4,11,19,1,15,1,1,1,1,11,1,14,13,1,1,18,10,14,11,11,11,1,1,17,1,13,1,14,1,1,13,1,1,1,1,9,1,14,1,12,1,1,1,1,1,1,9,13,14,1,1,1,15,1,1,20,38,1,7,27,1,1,9,1,1,18,8,1,18,18,1,6,13,11,18,10,1,15,1,5,6,18,13,14,16,1,1,1,26,14,9,5,1,1,12,14,67,1,12,5,11,1,1,10,12,14,1,7,51,1,3,17,6,11,12,16,10,14,20,1,14,13,6,14,1,14,10,1,1,1,1,14,1,1,7,4,21,14,1,1,1,10,1,11,15,1,19,15,10,1,13,2,1,16,1,13,3,1,1,13,1,1,11,1,1,12,1,1,1,1,15,1,1,15,1,2,1,16,30,11,9,1,1,15,1,9,10,1,1,1,9,1,1,1,13,1,15,1,12,1,1,1,3,1,1,1,1,1,14,1,1,10,20,1,1,19,14,8,11,1,1,1,15,1,1,1,1,1,13,14,11,11,9,1,13,9,1,9,1,1,16,1,77,4,8,1,1,11,1,1,13,19,4,1,7,1,367,18,18,1,1,1,15,1,6,9,8,6,11,14,18,1,10,1,10,2,12,1,1,10,1,1,11,14,1,3,14,1,1,23,1,13,14,1,10,1,1,27,11,1,13,1,1,1,1,17,1,1,2,1,1,1,16,14,17,1,10,4,6,1,1,3,1,22,1,21,15,1,2,1,7,18,1,12,15,17,11,1,1,1,12,13,15,21,5,1,1,1,13,1,7,15,1,1,1,1,1,1,27,14,15,16,1,11,10,18,29,1,11,1,10,1,1,1,1,1,1,1,12,17,19,18,7,23,16,1,19,13,1,9,1,1,1,1,17,1,1,1,1,1,1,16,16,9,16,1,1,1,7,25,3,1,1,11,1,10,17,1,26,4,15,13,31,12,12,1,2,11,1,9,676,11,7,12,13,21,12,11,1,17,1,9,1,1,1,1,1,1,15,1,1,5,10,1,7,14,18,1,18,21,16,7,13,1,149,5,1,9,1,13,1,13,6,1,13,13,12,53,1,12,15,1,9,1,10,1,1,14,1,15,13,1,1,4,1,13,7,1,1,12,17,9,18,423,9,16,22,6,6,1,1,1,1,1,22,1,9,1,19,1,1,1,1,6,10,3,1,7,1,1,1,13,1,1,13,13,9,1,1,15,12,1,80,1,8,25,10,18,8,6,1,1,10,1,15,35,18,8,15,21,15,4,1,1,1,1,14,13,1,17,18,17,23,12,16,1,15,2,1,1,1,18,12,17,14,16,11,1,34,1,16,1,26,1,13,1,7,1,1,12,1,3,5,12,21,35,1,15,11,1,1,27,1,1,8,15,1,17,1,6,13,1,15,1,1,1,11,1,1,1,16,1,1,13,10,1,1,9,1,1,15,11,8,21,16,1,31,13,12,9,15,19,9,24,6,1,11,14,12,8,13,1,1,16,20,18,1,15,16,1,13,86,1,7,13,14,4,12,1,6,8,1,15,1,3,18,12,3,5,1,6,13,1,10,1,7,1,19,1,3,1,16,12,26,1,14,18,1,1,16,1,1,1,1,23,1,1,1,2,1,18,1,136,16,6,10,1,1,19,11,1,14,14,16,1,29,1,14,25,14,15,1,1,1,16,8,16,1,10,2,1,12,8,1,24,1,17,1,1,1,1,9,16,7,1,13,1,19,14,15,11,11,12,8,8,17,1,1,1,10,14,12,10,15,12,1,1,1,1,5,1,3,1,25,1,23,9,9,22,1,99,1,1,6,7,1,1,1,1,1,13,1,1,9,3,12,15,11,1,19,17,1,1,1,9,12,9,1,8,1,1,1,15,8,16,11,1,19,1,6,12,8,11,1,1,22,16,1,2,1,16,12,20,1,1,1,2,1,10,13,1,14,1,1,12,14,17,3,1,1,1,1,5,1,1,1,12,1,13,13,20,11,1,1,22,10,6,13,18,1,16,5,13,1,1,13,9,16,1,1,1,1,3,17,16,11,5,1,14,1,18,1,1,6,1,9,1,1,2,10,1,1,1,8,12,1,15,1,1,11,1,7,1,11,1,1,1,1,15,16,2,1,10,1,13,12,17,1,14,7,1,1,1,14,3,19,16,1,9,1,11,5,1,1,1,1,1,13,1,4,1,5,1,6,21,15,1,1,1,1,19,3,1,13,1,249,10,10,1,18,1,1,1,12,1,1,1,12,12,16,1,13,1,1,2,10,21,10,1,12,15,12,13,1,18,12,1,12,14,1,1,14,11,1,10,8,1,38,4,1,7,6,13,1,1,1,1,19,4,1,1,1,14,14,14,5,11,298,9,1,1,9,1,1,60,15,1,48,1,1,10,1,12,1,16,1,1,6,1,1,13,1,1,22,1,1,60,14,1,12,11,1,10,1,11,30,15,1,13,1,1,18,14,17,12,2,1,1,1,1,14,11,1,1,1,3,1,2,1,12,1,16,1,15,1,8,14,16,20,11,10,15,8,1,12,7,1,7,18,13,17,9,20,15,15,23,1,13,1,8,8,1,11,1,1,6,9,1,8,1,19,1,10,9,1,1,25,21,1,19,17,1,9,9,12,1,1,8,1,1,12,1,7,17,6,6,1,15,1,22,13,13,17,11,15,1,1,1,16,1,5,1,1,1,22,1,14,1,1,19,9,14,1,9,10,1,2,13,18,1,10,19,2,14,5,1,12,7,1,10,13,1,6,1,1,1,1,14,2,1,14,13,62,17,19,8,15,1,31,1,7,9,17,1,21,9,6,13,1,1,1,1,7,14,19,8,4,5,15,9,5,1,2,19,1,7,1,14,13,8,1,1,1,1,15,1,6,1,9,8,28,1,14,5,1,1,1,8,127,13,1,1,32,1,2,1,1,1,1,1,12,15,11,1,1,16,4,23,17,7,1,1,1,81,11,1,14,10,1,7,1,19,18,1,11,1,3,26,1,8,4,19,8,2,1,1,1,15,1,1,9,24,1,1,1,1,1,12,1,1,15,1,14,9,1,1,1,8,18,1,1,14,16,1,22,11,1,1,1,11,14,1,1,1,1,1,1,6,1,1,12,14,15,13,19,1,1,14,1,1,8,21,6,14,1,1,1,1,1,7,1,9,1,1,1,12,4,1,3,7,1,1,15,13,106,1,1,10,1,1,14,17,1,12,17,18,6,1,2,9,1,1,1,17,1,14,15,1,1,9,1,1,16,1,15,1,1,1,18,9,16,13,13,7,14,1,1,1,1,1,2,1,8,1,1,1,15,6,19,1,6,1,16,10,1,1,11,11,1,10,1,9,1,18,1,1,1,28,11,1,1,1,1,10,3,1,11,10,7,6,16,12,20,12,22,15,1,1,1,13,12,6,13,1,5,10,1,14,1,1,1,1,9,1,1,7,6,10,1,12,1,1,1129,82,1,1,8,23,1,1,1,1,9,1,1,1,2,1,18,1,1,1,1,9,14,11,1,12,17,8,13,1,6,1,1,9,17,13,13,21,12,1,12,15,1,1,1,15,18,1,11,1,10,11,1,13,21,1,1,14,14,1,12,1,14,15,1,1,1,9,1,5,1,1,1,1,1,7,1,21,1,1,16,1,17,16,1,1,1,1,15,54,9,13,2,1,15,1,1,14,12,14,1,1,12,1,14,1,10,13,18,9,9,1,13,17,2,1,1,1,20,1,20,10,9,1,1,1,9,1,1,13,1,6,29,10,62,22,1,1,1,10,12,13,13,11,1,1,1,1,9,13,11,1,10,1,15,15,19,1,1,1,1,1,1,14,1,3,3,1,24,7,15,13,1,1,1,1,3,1,1,1,12,1,1,1,20,14,18,1,1,1,10,11,9,11,12,1,1,9,2,11,1,12,1,14,1,1,2,1,1,9,1,1,1,10,16,12,10,15,1,1,11,6,1,9,12,1,1,1,1,8,17,1,1,172,8,1,1,8,9,1,13,8,13,2,6,1,12,1,10,16,1,9,4,1,1,12,1,23,1,33,10,1,10,1,26,1,12,2,1,1,1,86,1,13,20,1,1,10,23,13,1,14,1,1,1,2,15,13,15,8,1,1,8,12,1,5,11,23,7,1,1,6,1,1,1,10,7,1,12,15,1,1,6,1,1,15,1,6,12,1,1,18,18,21,1,1,1,11,10,16,1,1,8,12,1,36,14,1,12,1,1,7,1,18,1,1,7,1,1,1,1,4,1,1,13,8,12,1,8,23,14,11,1,14,24,1,1,1,1,1,1,3,16,1,10,18,1,1,1,12,6,10,1,1,1,1,1,11,5,1,13,1,1,1,13,1,1,8,13,12,1,1,12,15,7,1,1,1,12,9,1,1,1,7,1,4,3,1,13,1,1,1,1,6,16,12,8,1,1,1,1,1,11,14,7,26,11,9,89,1,12,1,1,1,13,1,1,10,2,11,15,1,35,10,15,1,17,12,11,14,8,1,2,1,106,9,1,1,1,1,12,12,23,1,12,1,10,1,4,1,1,1,1,1,11,7,9,17,15,25,48,23,1,14,12,1,15,1,1,1,12,12,1,12,15,13,17,6,6,26,4,1,1,16,15,11,1,2,16,1,13,1,12,1,13,5,9,1,1,13,13,1,14,1,1,13,1,1,9,9,14,13,3,1,10,1,19,1,11,1,13,8,8,11,1,1,1,1,13,1,12,1,11,11,14,1,1,1,1,14,1,1,23,15,2,12,5,14,10,21,21,1,1,2,14,13,1,1,1,1,1,1,14,18,9,17,51,1,1,9,1,18,10,1,12,1,3,1,1,1,1,11,17,18,1,12,1,9,1,1,1,14,15,10,18,7,2,1,1,1,14,1,13,22,1,93,15,9,1,14,1,1,1,15,24,12,1,16,25,1,12,12,1,1,69,1,11,1,11,1,5,21,6,1,1,12,1,14,1,1,1,1,17,1,1,1,7,1,15,5,2,1,15,1,17,10,1,1,14,1,3,2,25,50,1,1,19,13,5,1,1,10,1,7,5,29,10,1,1,8,1,24,21,10,20,1,5,14,11,10,13,1,2,20,20,10,2,1,9,1,1,3,12,9,1,8,27,17,15,15,9,16,12,1,13,7,9,5,12,1,19,15,1,1,10,1,1,14,1,12,6,2,1,13,82,1,24,44,1,1,18,1,18,1,14,1,1,1,19,9,1,18,5,8,10,1,10,8,8,11,320,1,6,20,19,9,20,8,29,5,21,17,1,1,1,1,1,1,4,11,1,7,15,1,1,10,1,16,11,1,14,9,13,23,15,9,1,8,19,5,1,1,1,22,15,19,7,23,8,13,1,12,12,13,1,1,8,17,1,9,13,1,1,14,1,1,1,9,1,1,4,1,1,1,1,13,1,10,13,3,1,1,1,13,21,1,9,1,1,12,9,22,7,8,8,1,1,11,1,1,126,1,1,2,13,7,1,1,5,12,3,1,1,11,6,10,1,1,16,1,8,1,1,9,1,1,35,10,17,1,12,1,1,101,9,1,1,10,8,2,7,1,2,1,1,14,1,1,11,1,21,1,22,1,16,14,20,1,1,9,1,15,1,12,9,1,1,1,7,37,1,1,7,16,1,1,13,1,1,1,1,1,9,1,14,12,75,18,1,1,14,11,20,18,5,1,1,16,1,1,86,3,27,1,1,1,1,17,15,1,10,1,18,10,1,2,12,17,9,1,17,1,1,1,1,1,17,13,1,5,1,15,1,1,1,1,16,21,8,1,5,11,1,16,1,1,5,1,10,18,17,1,16,19,10,1,13,1,1,13,2,9,5,1,18,1,1,16,18,11,11,1,1,15,7,1,1,15,1,17,1,8,14,1,1,1,1,1,21,1,1,1,2,10,1,1,1,1,13,15,1,8,1,13,1,13,11,18,14,1,1,12,1,1,10,14,1,9,17,26,1,1,1,1,44,1,1,1,21,8,1,8,6,136,1,13,1,1,1,15,1,9,9,1,1,5,1,1,12,1,1,1,10,19,10,13,1,17,15,1,20,1,17,37,1,1,12,8,10,12,1,1,10,1,1,11,1,1,1,26,10,14,1,1,1,1,1,1,8,1,11,2,11,1,1,1,15,12,20,9,1,1,1,1,1,1,11,10,1,1,1,1,1,3,18,9,1,18,1,1,1,2,13,11,13,11,2,5,6,1,14,13,1,13,15,1,1,14,15,19,1,1,18,18,1,1,10,1,1,18,11,1,8,10,1,19,1,1,83,1,17,23,1,12,16,14,1,1,1,9,1,11,18,17,1,1,1,1,1,1,1,11,15,8,1,1,10,1,16,1,13,1,1,1,1,16,11,1,18,24,1,1,1,1,13,9,10,13,1,1,1,5,9,1,1,1,15,1,5,1,11,1,2,15,15,13,16,10,1,1,13,4,23,1,13,1,1,1,1,1,1,7,1,1,1,7,1,1,1,12,19,1,1,1,18,1,14,1,1,18,1,1,9,8,3,17,1,1,13,17,7,1,1,1,1,13,10,6,1,1,10,10,12,1,1,9,1,1,14,2,11,1,1,1,15,18,1,1,8,11,24,1,12,1,12,7,13,1,1,17,1,1,1,1,6,1,1,1,1,1,1,14,2,1,17,12,3,18,11,21,85,1,21,3,7,1,15,14,1,1,15,1,1,8,9,1,9,1,1,6,12,18,8,1,20,9,10,20,1,1,1,16,1,1,1,1,18,1,1,1,1,14,22,1,9,18,10,1,12,1,11,10,1,1,14,1,1,2,1,1,1,13,1,10,10,18,1,12,1,10,1,19,22,1,12,1,1,1,5,9,1,1,1,1,118,12,15,1,1,15,9,16,10,13,9,1,1,1,18,23,1,1,14,1,1,13,8,1,1,8,1,13,1,1,1,1,8,1,1,10,2,16,2,12,1,1,2,12,1,17,1,1,1,13,6,1,1,1,1,1,16,1,9,1,1,1,7,1,11,1,1,2,26,1,1,1,10,1,5,11,13,10,10,19,1,17,14,1,1,12,12,10,1,36,10,1,13,8,10,10,2,18,16,22,1,6,1,1,17,1,18,1,1,1,7,1,1,9,12,13,1,1,1,13,14,10,13,7,1,1,16,3,21,1,7,1,1,17,17,7,1,70,12,17,1,18,1,1,1,1,1,1,1,10,1,2,1,10,10,10,17,1,1,1,26,10,1,1,1,1,1,4,10,14,6,9,6,10,2,11,1,1,8,14,1,23,1,18,1,5,16,1,13,1,1,20,15,1,12,1,11,8,10,1,14,18,8,1,1,1,17,10,10,1,5,18,1,22,1,16,1,17,1,2,7,5,8,1,7,1,12,9,1,3,1,1,18,1,1,18,6,23,1,1,1,1,1,1,9,7,1,6,10,18,1,11,8,1,3,12,1,1,11,10,1,1,30,1,18,1,15,2,23,14,1,1,11,15,13,1,1,7,7,1,1,11,1,6,1,4,7,18,13,12,11,1,1,14,1,1,1,1,28,1,8,1,2,1,1,1,2,16,13,12,13,2,17,10,13,8,16,8,23,1,5,15,9,1,10,1,6,14,1,10,1,12,1,9,1,1,30,1,1,1,1,1,1,1,11,1,1,1,17,1,1,14,1,10,1,1,1,1,2994,10,12,15,1,1,16,12,12,6,16,8,11,1,1,1,8,9,7,14,1,5,9,12,16,1,1,1,1,1,2,23,1,1,1,1,1,12,14,17,3,1,7,1,1,1,1,9,1,1,1,11,15,6,1,1,1,1,1,5,8,15,10,1,13,1,1,17,12,11,1,15,1,14,12,7,1,1,14,9,11,25,6,7,1,1,5,1,1,4,16,1,11,1,1,1,2,1,8,1,10,1,1,1,11,1,1,8,7,1,19,17,1,10,24,1,1,15,1,1,14,14,10,1,12,16,15,1,19,1,1,1,1,1,10,6,1,1,6,1,1,6,1,1,1,1,1,15,16,1,1,1,2,8,1,13,1,1,13,1,1,1,11,1,10,7,14,17,1,1,2,1,8,1,1,1,1,1,1,1,10,11,1,13,1,1,6,1,1,14,1,1,1,1,1,1,1,1,1,1,1,1,1,4,13,11,9,25,1,12,1,8,10,1,1,8,3,7,1,7,9,8,9,5,12,13,18,1,17,1,9,1,1,1,12,1,4,1,11,11,11,11,1,13,19,10,1,11,12,1,2,1,1,36,7,7,19,14,15,18,18,1,1,1,13,1,1,17,1,10,1,1,2,1,1,1,4,14,1,13,11,1,11,1,1,1,11,12,14,16,1,15,10,15,8,1,1,1,4,1,5,13,15,7,11,1,1,9,18,26,13,19,1,7,2,1,9,1,12,6,1,13,8,1,2,1,1,1,20,12,1,25,15,1,1,6,11,13,1,1,12,1,16,10,1,1,10,10,12,1,1,1,1,11,15,11,24,2,13,1,24,1,1,2,1,10,1,24,6,2,8,1,1,1,15,1,1,16,1,12,1,8,1,11,1,1,11,12,1,11,8,10,1,1,1,1,1,51,12,5,1,14,1,11,15,1,14,1,1,22,12,11,2,1,1,17,1,1,1,16,1,1,9,1,1,5,1,10,7,1,17,1,1,1,1,10,11,1,1,1,3,1,15,1,19,11,1,1,1,8,15,1,18,20,9,14,1,1,7,9,9,1,21,26,1,1,9,1,30,1,1,2,1,1,10,31,1,1,8,1,1,14,1,13,1,2,7,1,1,1,15,8,13,11,5,16,9,1,15,16,14,16,1,1,1,6,13,10,13,12,1,18,1,1,9,16,15,1,7,10,1,6,1,1,1,1,1,11,1,1,1,19,1,10,1,1,1,15,7,16,1,1,4,1,12,1,1,10,1,10,17,10,3,191,1,7,11,12,1,15,1,1,1,10,31,1,14,1,1,1,15,12,1,3,1,15,19,14,1,2,1,2,12,1,1,10,1,4,8,7,20,13,1,2,1,1,1,3,16,15,1,1,1,1,6,10,1,8,1,1,10,1,1,1,8,1,1,25,1,1,11,12,1,16,15,1,1,3,11,17,1,1,16,1,21,16,20,11,11,11,1,1,1,16,1,1,8,19,19,1,13,14,69,16,11,1,13,1,1,17,18,3,1,5,1,1,1,17,1,12,12,1,11,1,26,17,9,1,3,1,12,1,1,1,1,10,8,1,13,12,20,11,18,12,1,1,1,1,1,12,8,16,22,9,8,1,3,16,1,1,1,13,18,11,15,1,1,18,1,16,1,1,19,15,1,16,1,16,11,1,1,15,1,1,8,7,22,1,1,64,1,68,12,1,1,7,11,1,1,18,1,8,1,1,18,16,13,9,1,1,5,34,1,4,14,15,16,11,1,1,1,14,18,6,1,1,12,10,19,1,1,1,1,1,1,22,12,1,10,1,1,4,1,1,1,1,1,1,1,14,1,1,1,1,1,1,14,16,1,7,11,2,11,4,1,1,9,12,1,1,1,17,1,11,1,14,7,12,1,77,14,9,1,1,14,12,1,9,12,1,23,1,1,21,1,6,6,1,1,11,1,1,1,10,13,8,13,18,1,13,1,1,1,1,1,14,1,13,1,12,5,19,1,1,1,2,26,22,8,5,1,1,1,1,1,1,12,13,1,14,16,4,1,18,1,14,1,11,1,1,14,1,7,11,18,14,3,9,1,12,14,39,8,14,68,8,1,1,1,10,10,1,1,1,1,1,1,16,1,7,18,1,12,17,1,10,3,1,13,12,2,1,1,32,1,8,1,5,10,1,9,14,1,1,1,13,8,1,1,1,13,15,2,11,1,14,14,1,1,8,8,1,1,2,9,14,1,11,2,1,1,16,14,22,18,15,8,15,1,9,2,9,15,17,1,10,1,8,12,8,1,12,1,1,1,1,1,8,14,1,10,17,1,1,4,30,1,1,2,14,12,1,8,2,1,1,1,1,1,5,1,11,17,23,12,96,1,1,18,1,2,1,11,21,1,1,1,1,22,1,16,3,13,11,8,15,15,68,1,19,1,7,1,9,11,1,14,13,10,20,1,4,1,14,1,18,1,9,20,1,1,18,1,1,1,1,16,15,12,13,1,1,1,45,6,7,21,17,1,1,21,19,1,1,17,1,12,12,9,16,14,1,11,17,1,19,1,1,1,1,1,1,16,1,23,14,6,1,1,9,1,9,1,12,13,11,1,1,22,6,2,11,1,13,12,1,1,1,16,8,22,11,11,7,1,1,1,19,11,13,7,1,1,34,1,5,8,1,20,1,9,13,1,13,12,1,1,8,1,1,11,15,1,1,1,20,1,11,7,1,1,1,7,1,8,1,1,16,1,1,15,9,1,13,15,1,7,1,20,24,4,1,15,11,1,28,1,1,1,1,1,16,1,9,1,14,8,12,6,1,7,10,5,10,1,1,1,18,1,16,16,1,1,21,1,9,1,1,1,14,4,16,1,14,1,1,11,1,6,1,1,2,1,22,12,1,1,30,1,7,1,1,9,1,1,8,1,1,9,12,1,7,1,7,1,15,1,7,10,13,15,1,12,1,1,1,1,7,31,15,12,22,15,1,8,8,12,16,1,1,8,1,2,23,14,1,18,1,2,13,15,1,14,1,8,10,1,18,1,1,1,7,1,1,15,16,12,10,13,1,9,1,17,1,12,1,16,10,1,17,1,14,8,1,1,1,2,1,1,1,15,1,1,1,1,18,1,2,5,1,31,14,22,1,9,1,1,1,15,17,7,10,1,1,16,26,1,1,3,11,1,1,1,1,1,1,16,1,1,26,6,1,1,1,20,21,1,1,14,1,1,1,13,2,1,1,6,1,22,15,6,1,1,9,7,1,3,1,10,13,10,1,6,1,18,7,19,22,1,17,11,18,1,1,1,1,17,1,3,14,18,1,8,1,1,17,451,1,2,18,16,1,7,11,15,1,10,14,1,14,1,1,15,1,1,68,12,1,14,1,12,1,16,26,2,16,1,7,1,13,12,1,14,9,1,2,16,11,22,1,1,13,4,1,13,4,5,30,1,12,1,10,15,11,1,1,22,1,1,1,1,1,1,10,1,1,11,5,1,9,8,5,14,247,1,5,9,16,1,9,8,10,1,25,8,1,16,1,22,1,10,6,1,7,10,22,6,1,1,12,13,11,21,1,1,11,12,15,1,14,15,1,1,15,1,1,10,1,6,15,1,11,15,10,2,11,1,1,10,3,1,1,1,1,1,1,1,1,17,1,16,31,1,1,2,1,8,11,6,1,14,12,9,13,1,1,1,9,1,1,1,10,1,11,16,1,1,18,1,16,12,1,12,11,1,13,1,15,1,7,1,1,1,1,10,11,1,1,1,1,1,16,8,14,14,9,3,11,13,1,1,12,1,1,1,16,25,1,1,6,1,1,1,1,1,1,14,18,11,1,1,7,17,15,1,1,20,1,13,10,1,17,1,1,1,11,1,16,1,1,17,1,1,1,23,1,11,1,1,10,1,16,1,8,14,1,1,1,1,11,23,1,17,4,4,10,4,1,1,1,13,23,8,2821,8,1,95,1,1,96,10,7,1,13,1,1,1,1,8,1,1,10,15,1,1,12,21,1,32,1,11,1,1,6,13,1,47,1,1,1,1,16,18,1,1,8,4,1,15,116,2,13,1,13,12,34,1,1,10,13,12,1,6,1,41,10,1,1,1,15,7,12,1,2,1,1,12,1,9,11,13,18,1,1,1,31,16,1,12,6,1,17,9,1,14,3,8,12,19,20,11,5,1,43,1,15,1,20,1,16,13,12,13,17,1,1,1,1,7,12,1,1,1,1,16,1,7,1,1,1,1,20,1,14,1,1,1,7,14,1,1,11,12,8,5,1,20,15,2,1,1,2,6,10,1,1,13,1,1,1,12,8,10,1,8,14,8,1,13,1,1,17,1,15,1,12,1,12,1,1,1,20,1,1,12,1,1,18,1,5,3,1,1,1,1,10,13,1,1,1,1,18,1,5,6,5,16,9,12,1,8,9,15,1,9,11,1,13,1,15,1,13,2,1,21,1,1,17,1,16,9,1,1,21,1,1,10,1,12,1,11,13,1,1,2,1,1,1,10,1,1,9,13,12,1,1,1,1,1,28,1,1,19,12,42,1,1,1,13,1,10,3,10,11,7,10,12,1,1,14,1,13,2,1,5,1,1,10,9,19,1,1,20,12,1,87,2,13,7,3,1,20,8,12,1,15,1,1,1,6,1,5,11,1,1,17,33,1,1,4,16,9,18,25,1,1,14,16,1,1,1,16,1,1,10,1,11,21,14,1,3,1,1,1,23,1,1,19,1,1,9,1,1,28,13,1,13,9,1,1,1,12,1,2,11,1,1,6,9,16,1,7,10,1,13,17,8,7,1,1,1,1,15,1,9,7,15,14,19,9,1,1,15,1,7,1,6,10,1,1,10,1,21,1,10,1,20,1,2,9,10,1,11,11,1,1,1,9,1,14,5,1,16,1,1,1,6,7,7,9,1,12,22,2,1,13,1,1,1,1,9,16,16,1,10,1,14,4,1,1,3,1,1,13,9,1,1,1,14,1,1,1,8,11,17,1,8,5,14,93,14,1,10,1,1,1,9,1,1,14,2,1,14,11,1,13,1,1,1,1,13,23,18,7,15,1,1,1,14,14,19,14,1,1,1,14,1,19,8,1,1,11,1,9,7,1,1,22,18,1,1,16,13,6,1,25,2,1,1,21,1,11,1,1,1,1,1,1,1,13,12,5,11,13,1,1,1,14,1,1,14,5,9,11,3,1,19,1,12,1,102,18,1,1,1,16,13,45,10,1,17,1,23,1,1,2,1,1,5,7,8,1,1,14,8,5,14,1,1,1,11,15,1,15,18,13,1,16,1,1,1,1,4,1,10,1,1,1,14,1,1,1,11,1,13,1,1,5,14,1,1,1,10,8,1,10,10,1,18,16,1,1,1,12,1,1,1,16,1,1,15,10,7,22,3,7,1,71,1,1,25,1,8,15,1,1,1,1,1,1,1,21,1,1,1,1,11,11,20,1,6,16,2,1,1,28,21,1,14,1,1,8,74,1,7,1,26,8,4,13,1,1,19,10,1,1,1,1,2,16,1,1,1,1,1,8,1,1,19,1,8,13,21,8,1,7,1,16,8,1,20,13,22,3,12,1,11,5,1,18,5,1,1,1,1,1,14,1,1,14,15,1,10,1,1,23,1,15,1,10,8,1,26,14,1,10,4,1,1,1,14,1,1,12,1,1,9,1,1,1,1,1,1,19,18,7,1,1,1,1,6,1,1,21,12,5,1,1,16,13,14,7,15,15,15,1,1,16,2,1,1,14,2,1,9,1,10,1,1,1,1,14,1,8,1,2,5,1,1,15,1,8,14,1,14,14,1,1,17,1,1,43,1,1,1,1,1,1,12,1,1,1,1,1,1,27,1,14,18,10,13,15,1,1,11,1,12,1,20,1,21,1,1,31,1,9,1,1,21,9,1,1,1,1,14,13,35,10,1,1,13,4,13,1,1,1,1,1,12,1,11,1,18,15,1,1,14,10,3,3,17,1,87,28,1,1,6,9,9,12,15,1,1,1,30,1,12,9,12,14,17,2,8,1,22,9,13,1,1,7,18,1,4,7,1,1,15,1,22,1,1,14,9,15,1,1,11,21,20,11,17,12,6,1,1,10,3,1,1,16,1,16,1,18,19,1,2,20,12,15,1,13,1,1,14,8,1,1,1,1,2,16,1,18,1,1,14,19,13,18,1,1,1,6,1,1,13,1,8,8,8,37,1,14,1,8,11,1,20,17,11,1,19,1,13,7,1,1,12,1,7,13,13,14,1,10,16,1,1,1,12,10,10,1,22,11,20,1,13,9,6,1,1,1,1,20,1,1,7,1,12,1,1,1,6,1,1,1,13,1,1,1,1,1,2,4,1,19,18,7,9,11,8,1,8,12,1,52,5,1,1,1,1,27,1,2,14,8,1,26,1,26,1,1,1,22,18,22,9,1,1,1,95,1,1,16,10,1,1,1,1,13,17,7,11,1,11,1,2,10,80,4,1,13,6,1,1,1,5,14,1,1,29,1,1,13,1,1,15,12,14,1,20,1,2,1,8,1,10,1,5,16,2,1,16,14,20,19,7,1,1,14,1,11,13,1,9,1,9,1,7,18,16,1,1,10,12,11,1,10,9,2,1,16,18,15,1,11,10,12,1,1,21,1,10,1,1,14,1,1,1,2,9,1,10,11,10,1,9,1,1,1,10,17,10,12,1,1,1,9,19,12,1,15,13,16,17,1,1,17,1,10,12,1,1,1,1,9,13,1,4,13,9,1,1,1,22,16,14,1,1,11,8,1,1,15,7,7,15,1,1,15,1,1,1,1,1,10,1,7,1,5,1,1,1,1,1,15,9,1,1,18,1,34,7,9,20,15,14,1,21,1,1,9,2,1,1,10,16,1,1,1,12,1,1,1,1,29,9,1,1,1,22,13,18,1,1,21,10,1,41,12,1,1,1,10,1,15,15,15,14,1,2,19,17,21,10,19,1,9,1,1,16,1,42,1,1,11,1,6,18,3,5,10,1,10,3,13,1,15,10,1,9,14,1,1,13,6,14,14,13,1,9,17,14,10,6,9,19,1,7,1,13,1,23,18,16,12,1,1,1,13,14,1,11,11,1,1,1,1,10,1,9,1,6,5,9,1,19,1,11,12,1,5,83,1,15,17,1,7,17,1,18,1,1,12,6,14,1,3,11,8,1,1,6,5,1,12,1,16,2,17,7,15,13,3,16,14,12,1,2,15,10,8,1,1,1,16,1,12,1,18,1,1,1,2,1,8,1,2,9,14,10,1,3,1,121,9,7,1,1,1,2,1,13,9,1,11,18,1,1,11,1,1,8,1,12,1,19,1,1,1,1,1,8,1,14,11,1,14,1,14,18,24,1,12,4,1,15,1,1,1,1,1,11,14,10,1,1,10,1,7,1,4,15,10,1,1,1,1,10,1,1,1,1,1,1,14,71,14,17,1,19,7,1,6,11,11,15,1,1,10,1,1,9,7,1,7,1,1,8,16,16,1,20,1,15,1,15,1,16,20,8,20,1,13,1,1,16,17,27,14,10,1,15,16,1,1,10,1,10,6,19,11,1,17,1,1,1,1,1,1,13,1,1,8,4,10,9,11,1,11,10,1,9,9,20,17,1,11,13,1,17,1,1,1,12,2,23,13,15,1,19,22,7,1,5,7,10,16,1,96,16,11,13,1,9,14,1,17,10,1,1,15,9,3,1,5,1,9,12,11,10,8,1,1,1,12,16,11,1,16,4,1,1,1,1,17,8,7,14,11,8,5,10,88,1,16,1,19,6,1,9,1,9,13,20,1,14,1,1,12,1,12,1,11,1,11,1,10,9,14,1,1,1,11,60,16,15,10,1,15,1,1,1,29,1,1,1,1,1,1,9,1,12,12,1,1,15,1,20,12,16,11,1,12,5,1,1,1,16,1,8,12,1,9,1,10,12,14,1,18,1,1,1,19,1,1,1,1,5,10,12,16,12,1,1,1,4,15,19,12,1,1,1,1,14,1,12,1,5,7,1,9,17,1,17,13,1,1,1,11,4,8,9,14,1,21,40,13,1,11,1,1,1,1,1,12,11,45,8,15,1,1,1,13,42,1,2,20,1,19,1,11,1,1,1,12,17,76,1,1,1,8,1,8,6,27,13,6,15,1,1,1,18,1,1,18,25,1,8,1,15,1,1,1,13,1,5,1,2,1,11,8,1,1,13,18,12,1,1,1,1,12,4,11,10,19,18,1,17,1,14,1,1,7,1,1,66,1,1,20,13,1,19,4,9,1,1,14,3,6,1,12,1,1,12,1,1,1,20,1,1,1,10,1,1,1,1,8,1,1,1,1,13,26,15,2,16,1,1,6,23,12,1,16,1,1,10,15,1,1,1,1,10,1,16,15,7,21,14,19,1,13,1,1,1,1,1,13,1,20,18,11,3,1,15,1,17,1,1,13,1,13,8,20,14,1,7,1,4,7,1,10,13,1,12,1,16,12,11,7,1,12,19,4,1,1,11,12,1,9,3,14,17,10,10,1,8,2,1,1,9,20,4,1,1,1,15,1,1,1,1,1,10,14,3,1,1,1,1,4,11,5,36,12,1,18,1,1,1,10,1,13,14,8,18,1,1,13,1,4,1,1,1,1,19,1,16,1,1,10,1,13,1,1,2,3,1,1,15,15,6,8,11,2,14,1,12,16,9,1,12,6,23,12,16,1,1,16,9,3,1,1,1,1,1,14,12,1,1,12,1,1,7,1,1,9,15,2,1,3,15,1,1,16,1,19,1,1,16,1,18,13,20,1,21,1,1,16,28,1,8,1,7,12,1,1,12,1,1,15,1,16,16,10,1,1,15,11,14,2,1,1,1,9,1,15,1,75,46,15,1,1,13,1,8,7,14,1,1,11,1,6,11,12,7,1,1,7,8,1,17,1,2,20,1,1,10,6,9,11,7,7,1,9,1,1,1,1,19,1,8,1,9,1,1,1,21,1,1,10,1,13,30,13,16,15,12,1,1,10,10,1,10,12,1,1,1,1,10,1,10,12,5,16,16,1,5,1,1,1,14,1,11,1,1,1,17,1,1,9,4,14,11,1,12,35,5,21,1,15,9,7,17,8,1,1,10,14,1,1,10,18,1,8,22,1,1,1,1,1,4,10,1,1,14,12,2,1,14,1,30,1,8,1,1,6,32,19,10,16,20,17,8,1,15,7,16,1,9,1,14,1,1,1,17,1,1,3,1,14,1,3,1,4,11,1,1,9,5,16,11,1,11,33,1,23,1,9,10,43,1,1,14,1,16,1,2,6,1,7,12,1,7,12,1,18,7,8,15,1,7,14,19,24,18,15,12,1,4,1,1,12,4,20,1,11,1,10,1,1,1,1,14,1,18,1,11,9,1,17,1,12,1,1,15,14,1,11,1,9,15,6,1,1,1,1,8,6,1,1,14,5,1,1,1,1,1,7,15,1,1,1,1,10,18,9,8,1,1,1,1,1,12,1,1,12,1,19,1,11,17,1,1,3,1,7,17,45,17,1,10,11,1,11,1,1,19,14,16,18,1,1,1,10,8,1,10,1,1,8,1,5,1,27,1,12,1,11,21,1,1,13,1,1,10,1,29,11,13,19,17,14,1,1,1,1,9,9,1,1,1,29,1,1,9,14,10,1,1,17,14,3,10,1,19,11,1,4,13,12,1,1,10,1,1,1,1,17,1,1,15,1,7,1,1,17,1,1,14,1,29,1,1,17,16,14,5,29,1,23,1,1,1,13,6,1,1,10,1,1,1,1,16,13,15,1,8,1,1,1,12,1,13,18,3,11,1,17,1,10,7,11,1,9,1,1,1,1,14,1,1,11,17,12,1,1,9,1,14,16,1,15,1,1,19,17,14,19,7,1,1,1,1,1,7,1,7,1,24,18,3,1,6,4,5,1,23,1,1,8,1,1,15,1,15,1,7,10,1,17,15,15,10,17,1,13,1,19,28,54,1,1,1,1,7,1,14,14,1,17,13,1,1,15,1,1,53,1,3,10,1,10,1,1,13,1,13,15,6,1,10,19,9,3,19,1,1,5,20,21,1,1,10,7,1,16,12,12,16,13,1,1,1,16,11,12,11,6,12,1,42,10,1,1,17,12,9,10,1,20,2,11,17,1,1,1,21,1,1,13,1,6,14,9,9,48,10,1,10,1,9,1,1,2,13,12,12,1,1,12,17,1,4,25,6,1,21,1,1,1,1,2,1,1,1,14,1,1,1,37,1,13,12,2,10,1,1,1,16,1,9,1,1,1,4,1,1,1,13,100,16,1,1,1,1,18,1,1,1,8,9,1,1,1,1,1,12,1,1,21,1,15,1,1,58,21,66,1,1,28,15,1,16,1,1,16,1,19,7,10,1,1,17,18,1,9,18,1,1,1,18,12,1,1,1,13,1,1,1,14,16,7,2,1,1,9,1,9,15,12,12,15,1,13,11,19,14,5,1,1,1,1,1,11,1,1,1,1,1,1,1,12,83,10,18,1,17,13,1,1,8,1,1,1,10,1,1,10,1,13,17,1,12,1,7,1,1,5,10,14,1,1,1,10,10,1,1,1,13,10,11,1,1,17,16,1,12,17,11,1,1,1,11,1,11,1,1,1,1,1,10,2,26,13,12,1,1,1,1,7,1,13,1,1,17,7,7,14,1,13,17,10,1,18,1,18,11,1,1,1,9,3,8,24,22,19,1,14,1,9,13,1,9,1,1,1,8,5,9,12,1,9,9,1,9,1,3,2,1,1,1,37,13,18,1,4,2,9,21,1,11,1,15,12,15,1,1,4,1,1,15,1,10,1,13,1,1,1,3,1,1,1,3,14,5,1,1,9,13,1,1,2,1,5,4,1,15,1,15,12,13,7,1,9,1,1,15,13,12,1,1,1,14,20,1,11,1,12,5,1,1,1,1,1,1,12,14,1,30,14,1,1,1,13,1,1,1,1,1,17,1,1,1,12,19,1,9,1,5,11,1,1,1,1,11,13,9,23,11,1,1,10,31,1,13,16,1,9,13,1,1,1,10,1,7,15,12,33,1,14,11,14,22,1,1,1,10,1,14,1,1,1,26,1,1,11,6,1,8,1,14,1,16,1,11,10,1,1,8,23,8,1,1,1,12,1,19,1,1,1,7,16,26,5,16,1,1,1,1,1,1,12,18,12,25,1,1,1,10,2,1,1,25,36,1,12,19,1,16,12,1,16,19,20,17,13,1,15,1,2,1,1,1,16,10,1,14,1,9,1,12,2,22,19,1,2,1,4,1,17,10,1,2,1,10,1,17,1,1,13,9,5,1,1,4,15,8,14,11,20,1,16,5,3,1,52,1,1,1,1,11,1,1,1,1,1,1,11,12,5,1,12,1,1,16,1,17,14,10,1,1,12,1,14,1,1,1,15,1,12,23,14,18,1,21,16,1,11,8,26,17,10,1,10,11,11,13,1,1,11,18,1,1,1,12,1,12,1,14,12,13,1,1,5,171,1,12,1,77,9,11,1,12,11,1,1,3,1,2,5,1,42,11,1,11,1,1,1,16,3,1,1,1,1,1,7,8,7,12,11,1,16,12,1,1,1,1,1,1,8,1,17,21,11,1,10,3,13,1,2,38,15,1,13,1,1,1,11,9,4,19,1,1,1,1,21,1,1,1,13,1,9,11,10,11,19,1,16,1,1,15,8,1,1,7,1,1,1,18,1,1,1,6,1,1,25,12,1,16,1,1,82,1,1,10,13,1,1,11,99,1,17,6,1,7,1,11,20,10,1,1,1,1,3,1,15,1,13,15,12,13,1,1,10,9,1,1,17,1,1,1,18,1,1,13,13,1,1,1,1,90,5,1,13,11,1,1,1,6,1,1,1,1,11,12,14,18,1,20,1,18,1,13,9,9,1,1,13,1,11,3,1,1,7,15,12,13,1,12,1,10,9,1,15,9,12,28,10,8,1,27,1,1,11,8,18,13,12,1,1,1,1,12,1,6,1,12,1,1,1,1,1,1,3,1,18,8,14,1,12,17,25,10,1,18,12,1,1,1,10,1,21,6,1,13,17,1,11,1,1,11,8,3,8,240,1,14,16,1,18,17,9,16,2,6,1,1,1,1,8,23,5,17,18,1,11,1,22,14,14,1,12,1,1,11,12,15,1,8,1,1,1,1,59,1,11,12,1,21,9,1,15,11,1,1,8,1,1,1,27,19,1,1,8,8,8,13,1,1,7,1,1,18,1,16,1,6,17,41,5,8,1,2,1,13,4,1,16,8,13,1,16,1,1,11,12,8,13,10,1,13,9,11,26,1,11,1,1,16,1,12,1,4,9,17,10,1,1,1,2,4,1,1,1,1,14,13,20,4,1,15,1,2,1,11,1,8,1,1,21,1,17,24,1,11,1,1,10,1,19,8,11,1,1,1,1,18,10,1,1,1,3,1,15,1,11,3,5,32,10,1,11,8,1,1,1,8,12,1,17,2,1,1,1,11,1,13,1,1,1,7,1,5,6,6,1,1,66,10,7,16,1,4,21,1,15,2,1,1,9,1,16,10,1,11,1,25,1,14,4,4,36,2,44,12,1,12,13,18,13,17,1,22,1,9,16,1,1,2,8,12,10,9,8,1,1,19,6,1,1,1,11,12,9,1,15,13,11,1,9,1,1,1,1,18,1,15,8,3,1,1,8,1,8,16,1,14,1,11,11,17,1,10,1,17,9,15,9,14,1,16,1,1,12,15,1,1,13,13,4,5,4,1,14,3,1,3,17,1,1,1,1,1,15,1,8,11,9,1,11,18,7,18,1,12,11,82,1,1,19,1,1,1,12,14,1,11,8,2,1,1,1,1,11,1,9,18,15,1,15,1,14,1,15,4,1,1,11,1,1,13,14,13,1,1,1,19,12,1,1,1,2,9,16,20,8,1,11,13,1,14,13,11,12,1,1,9,1,11,14,11,1,1,1,12,1,1,1,1,14,11,16,9,1,1,14,1,1,10,12,1,1,1,15,15,5,13,13,10,17,12,11,1,17,1,19,1,1,7,1,1,10,4,10,85,1,15,1,12,1,1,1,23,1,7,1,13,1,1,19,1,17,17,10,2,1,1,65,22,1,1,5,6,22,13,1,1,1,16,1,7,1,14,19,18,1,17,1,1,10,14,1,7,10,12,9,1,7,133,1,15,2,9,1,1,14,9,15,1,12,6,1,18,1,1,1,18,6,10,15,6,10,10,10,16,1,1,1,17,20,1,9,4,14,1,4,7,1,1,2,8,9,1,13,1,12,1,25,1,20,12,1,1,1,1,13,11,9,11,7,1,8,1,15,11,14,1,1,5,8,1,8,1,30,1,1,9,15,1,1,1,14,27,8,24,30,1,7,1,17,1,19,1,9,10,1,16,8,2,12,16,2,1,8,1,1,13,15,1,1,1,1,10,17,12,8,11,12,1,19,12,1,1,7,1,23,1,11,8,12,18,21,9,13,1,12,11,11,1,4,4,65,8,1,21,1,12,1,1,1,7,10,13,9,1,56,1,88,14,12,1,1,1,11,1,8,12,10,11,1,1,2,1,1,1,1,16,1,13,1,1,2,1,14,71,18,1,1,21,12,1,12,1,1,11,1,1,21,13,1,1,1,15,13,1,1,11,12,27,3,1,15,1,1,10,11,10,1,9,11,8,5,1,1,1,1,1,13,12,16,1,1,13,4,9,1,1,6,14,1,1,1,22,2,13,16,1,14,14,3,14,1,1,1,1,1,3,1,17,1,16,1,15,3,10,1,1,15,1,7,1,3,4,1,2,1,15,12,10,2,17,13,1,1,9,1,17,3,9,48,11,1,21,1,23,1,7,1,1,1,12,1,1,9,23,1,6,14,16,5,113,1,14,1,1,12,19,11,8,1,2,1,11,12,1,1,4,4,1,1,1,15,1,9,1,7,10,1,15,12,12,1,1,9,1,9,16,9,1,1,1,19,1,24,1,14,11,17,1,3,2,1,12,14,8,1,1,14,6,1,15,9,7,1,1,12,1,2,1,1,61,1,1,13,1,1,40,16,1,19,1,8,11,1,1,1,1,6,13,2,6,10,19,1,11,9,14,18,1,1,1,1,1,2,16,1,16,1,16,1,1,1,1,14,1,1,9,17,1,1,14,13,1,1,17,12,14,7,16,1,6,1,10,1,1,3,16,5,14,2,1,15,1,2,1,18,11,17,18,1,1,11,14,33,1,13,11,10,1,24,1,19,1,1,14,1,1,1,23,1,17,8,1,9,12,20,1,15,8,1,17,1,1,1,1,14,9,1,10,18,1,21,9,10,1,13,1,10,1,1,1,11,1,7,13,7,5,1,1,1,1,19,14,9,12,56,1,21,1,1,16,4,15,9,22,15,1,11,18,1,1,1,1,1,14,1,1,14,14,1,22,21,1,5,8,12,8,20,14,34,1,1,14,16,4,4,1,16,10,11,13,1,28,1,10,6,14,13,17,12,1,61,7,1,13,8,1,74,16,1,1,14,1,1,16,2,1,1,13,1,16,1,18,1,7,16,3,56,14,13,1,1,1,1,12,1,1,7,22,21,1,1,1,15,1,11,10,25,1,10,2,12,1,14,13,1,1,1,1,6,1,15,1,1,20,1,1,1,15,10,2,1,30,1,1,15,1,1,12,1,15,12,1,18,1,1,1,1,1,12,9,1,1,10,1,1,1,5,1,17,1,5,1,11,9,1,12,12,1,6,1,6,18,1,9,14,12,1,10,6,6,17,11,9,1,1,11,2,19,15,1,19,3,1,16,15,1,12,1,1,1,4,1,1,1,10,8,8,1,80,1,9,1,11,1,1,1,1,16,19,19,1,8,10,1,1,12,1,5,15,1,2,16,13,1,12,1,1,12,12,1,11,1,1,6,1,1,8,13,1,12,16,6,11,1,9,1,8,15,10,15,1,12,31,13,1,15,1,10,11,1,1,13,11,8,12,1,1,17,18,3,10,13,2,16,1,1,1,63,1,3,12,1,1,9,10,17,1,20,15,1,1,1,11,1,7,7,31,9,1,1,1,22,4,14,10,1,9,1,13,14,13,1,1,12,4,1,1,1,1,14,1,1,1,1,12,19,15,10,6,1,1,1,14,1,1,1,1,16,1,1,15,1,8,6,1,9,17,1,1,2,1,1,1,1,3,13,16,25,1,1,8,1,1,1,10,1,9,1,13,12,22,9,1,1,8,13,1,15,1,1,60,14,15,13,6,1,1,24,1,13,4,32,15,1,1,15,1,1,1,15,1,8,1,1,4,1,11,12,1,1,1,1,15,15,105,1,1,4,1,14,25,10,17,16,1,1,10,1,1,5,1,1,1,17,15,1,11,1,1,1,1,8,17,10,8,1,1,1,1,13,9,11,1,1,1,1,19,1,1,1,1,1,9,2,1,1,13,1,18,1,10,13,3,1,21,12,1,1,10,14,1,12,7,6,15,7,1,1,2,22,13,1,9,14,1,12,14,12,1,1,17,14,1,9,1,1,18,1,13,13,17,1,1,1,1,10,1,21,1,1,11,6,15,19,1,1,1,4,1,16,14,1,1,14,2,1,10,1,10,23,1,1,1,18,14,10,1,1,14,1,8,10,18,2,6,1,1,17,6,17,15,1,1,1,11,1,1,22,1,12,3,1,1,6,14,1,16,11,12,2,1,7,23,11,1,1,11,1,16,1,1,8,122,1,13,9,1,1,20,1,1,1,15,11,17,1,1,1,1,1,27,20,1,1,1,1,1,10,1,2,16,9,1,1,1,1,1,6,11,1,1,9,1,13,1,18,1,16,1,5,8,1,22,2,1,12,13,13,13,1,1,7,1,1,22,1,1,12,12,1,7,1,1,20,1,14,11,1,15,1,1,1,1,21,1,14,34,1,10,1,15,8,11,12,1,1,15,18,1,12,15,8,19,1,14,1,1,1,1,2,1,1,1,15,11,6,14,1,1,1,11,7,15,15,14,1,1,1,1,59,10,2,10,20,11,1,1,1,8,1,1,1,1,10,1,19,1,1,1,14,1,29,9,1,1,18,1,19,8,9,1,15,1,7,7,11,16,18,9,38,9,1,7,13,1,17,12,1,1,1,1,1,12,7,1,1,2,1,11,1,1,1,13,1,16,8,1,12,11,9,1,1,1,12,10,9,1,1,1,12,12,1,1,18,1,1,9,10,18,1,1,12,1,1,1,1,9,17,1,1,17,20,22,12,25,10,449,12,1,1,1,1,2,9,1,1,17,1,1,1,6,18,11,1,30,17,1,9,63,2,14,13,15,1,1,15,1,15,15,22,5,1,8,15,1,18,1,2,6,1,12,2,9,82,13,22,12,10,1,7,8,1,1,30,12,1,19,9,1,1,20,1,34,1,1,3,1,53,2,13,11,10,17,1,1,13,1,8,13,11,7,1,3,1,17,13,1,9,1,18,1,10,14,1,18,9,17,15,1,10,1,10,15,13,10,7,1,17,14,1,1,14,5,4,7,5,2,1,1,6,1,1,1,1,1,1,10,1,1,4,1,1,10,1,13,1,1,15,1,12,1,1,4,9,1,1,1,1,13,11,11,10,9,1,1,1,10,1,1,1,10,1,1,7,11,18,99,9,13,1,1,15,1,17,1,1,20,1,14,12,1,1,3,1,1,1,12,1,1,1,13,1,12,1,12,12,15,1,1,10,14,1,8,1,9,1,1,7,1,17,1,1,8,18,14,12,1,11,14,12,1,1,9,5,24,3,1,1,21,1,6,20,16,13,11,6,1,1,1,1,9,11,5,1,1,15,11,8,1,29,16,6,6,18,1,1,9,1,1,11,16,2,1,1,10,22,1,1,1,1,7,14,1,1,2,1,1,10,1,11,18,1,9,16,19,21,9,1,13,1,13,12,15,1,1,1,7,10,11,1,17,21,6,1,1,17,11,1,1,1,1,1,21,11,19,1,22,1,1,7,1,1,1,14,1,1,5,9,1,1,1,22,1,17,15,19,16,14,11,2,1,4,1,1,10,1,1,10,1,1,1,11,14,1,16,1,1,5,12,13,9,7,11,1,12,23,48,1,22,1,1,2,7,1,6,1,1,1,12,5,10,11,1,13,1,14,6,10,1,3,13,1,18,8,1,1,1,15,11,12,15,1,10,1,6,12,1,1,12,18,17,1,1,17,81,36,11,1,1,15,20,4,1,1,1,12,37,1,14,18,7,7,19,2,21,1,17,1,2,4,1,1,6,7,1,10,11,1,1,13,1,1,1,17,6,16,1,1,11,1,9,1,1,1,5,11,11,1,1,11,12,14,26,1,16,70,1,2,1,12,1,1,1,10,13,1,1,1,1,13,19,1,12,7,1,15,12,1,1,1,15,1,1,16,15,1,1,7,16,1,11,19,5,16,17,10,16,9,1,1,12,1,9,1,203,1,19,1,1,1,10,1,1,9,1,16,14,11,12,1,1,14,10,1,1,11,7,1,7,18,9,10,8,1,6,11,1,1,13,1,2,1,5,10,1,1,1,10,1,8,1,12,1,1,1,1,1,1,10,4,15,10,16,13,1,1,1,11,1,1,10,20,14,1,13,4,8,1,1,8,1,1,1,1,1,1,13,1,15,1,28,12,17,1,1,5,16,1,1,15,16,1,12,1,11,19,1,7,1,1,1,4,10,1,53,1,5,2,19,1,1,103,2,6,5,1,1,14,9,26,17,12,7,2,25,6,1,1,16,1,3,1,1,11,16,17,13,1,14,1,1,6,23,1,12,18,31,12,8,1,1,1,1,39,13,14,1,1,22,1,1,1,1,9,1,1,2,8,1,1,33,111,1,1,19,15,40,1,1,1,1,35,1,17,8,16,1,1,1,15,5,10,21,1,14,13,13,1,1,12,1,1,1,13,7,14,1,14,7,2,1,1,13,1,1,7,1,11,7,9,1,8,4,8,34,12,13,9,13,1,14,12,1,24,8,7,1,1,9,22,9,19,4,1,1,15,8,5,1,1,4,18,10,1,11,17,6,6,1,25,1,17,19,1,1,9,11,11,1,5,1,4,11,1,1,1,14,1,17,1,15,13,17,1,18,15,19,14,14,12,12,1,11,1,10,15,1,7,1,7,10,1,1,1,1,1,1,1,1,1,14,1,15,1,1,15,1,14,2,1,1,7,1,1,1,19,1,17,9,14,15,1,15,1,15,7,18,12,7,1,21,15,1,11,1,1,1,1,16,1,11,16,1,9,1,1,1,1,1,10,14,1,15,1,27,15,23,1,25,19,2,1,11,1,17,1,10,1,1,14,10,1,6,9,6,1,1,4,1,25,1,5,6,14,1,6,1,1,1,16,1,29,4,11,1,16,1,1,19,1,12,1,5,1,1,1,2,1,1,12,1,1,5,1,1,29,1,14,1,1,1,11,5,1,1,1,1,10,1,9,1,17,9,1,7,1,1,15,9,1,1,38,13,1,1,1,11,13,13,4,15,11,5,1,1,1,8,1,14,23,69,20,10,3,1,1,1,15,5,10,1,1,1,15,1,1,1,14,13,1,1,15,1,1,1,1,1,11,13,15,1,13,4,1,1,1,1,14,1,19,10,1,1,1,17,60,16,1,13,1,2,1,13,1,1,9,21,21,78,2,1,9,1,9,16,18,22,15,15,1,13,10,9,1,1,11,15,1,1,1,1,7,1,1,1,1,8,1,4,7,12,1,22,1,9,13,15,1,16,2,16,1,2,13,21,1,1,1,10,7,47,1,1,1,1,5,13,1,9,6,1,1,1,1,1,1,1,1,1,4,10,1,1,8,1,1,1,1,1,1,1,12,13,1,1,202,1,1,1,14,10,12,14,24,1,1,12,1,1,11,1,28,1,15,70,1,1,12,8,1,18,1,3,9,1,1,21,1,1,1,12,1,3,9,1,1,39,9,1,12,1,11,1,1,8,2,15,9,14,11,1,1,5,7,1,18,15,6,13,13,1,1,1,13,14,1,7,12,11,1,1,1,1,1,1,11,12,1,1,1,1,1,1,15,1,7,1,1,14,8,48,1,4,1,1,9,6,15,9,14,1,1,1,1,1781,1,1,1,17,1,13,1,1,1,1,2,1,13,1,22,1,9,1,1,9,8,1,1,2,1,15,5,1,1,1,1,16,1,10,1,14,12,1,6,17,19,14,12,14,1,12,1,1,1,10,14,1,1,17,12,1,8,1,10,1,1,1,1,2,9,20,24,1,5,15,15,1,15,1,17,8,1,13,1,1,1,12,7,23,1,1,13,15,1,1,1,1,1,39,21,16,3,13,1,1,5,1,873,1,5,1,10,1,1,21,5,2,1,25,19,12,1,10,1,1,5,1,2,1,5,1,1,2,1,1,1,1,11,1,31,17,1,1,1,10,1,8,1,18,10,22,1,12,17,5,14,6,1,18,13,11,1,1,1,5,1,16,9,1,10,1,19,1,19,12,11,13,12,22,6,18,1,1,1,8,11,1,11,1,1,1,14,13,1,24,14,1,12,14,13,7,1,2,12,53,6,1,24,11,12,10,1,1,14,10,14,1,11,1,1,13,4,1,16,1,1,3,1,1,1,10,16,1,11,4,14,11,20,1,13,14,1,14,7,14,1,1,8,5,17,1,1,80,1,1,5,2,1,10,20,1,1,1,9,19,1,5,14,1,1,9,10,1,15,7,1,1,6,1,17,1,1,13,8,3,10,7,13,12,1,16,16,75,11,11,1,9,85,8,8,5,25,2,1,11,1,9,17,12,12,11,1,1,1,1,12,1,8,1,15,1,8,18,1,25,22,1,11,1,1,17,18,10,1,1,2,1,12,10,20,1,14,1,15,16,95,12,1,12,1,1,11,1,1,11,18,13,11,1,16,1,17,1,1,14,1,12,1,17,1,1,12,15,17,2,21,12,1,10,1,1,1,20,22,14,13,1,11,5,23,1,1,17,1,1,11,15,1,11,1,11,1,7,1,1,6,1,16,17,23,1,1,14,11,13,12,21,11,20,9,1,7,8,21,3,1,9,1,9,1,8,1,1,10,13,5,10,21,1,6,1,1,10,18,1,1,11,1,1,2,25,1,1,1,1,20,1,1,1,13,14,12,7,21,14,48,1,5,2,1,1,12,7,15,4,9,1,1,1,15,19,8,9,9,1,1,6,9,1,15,11,28,16,78,1,15,1,1,1,2,7,14,1,1,8,17,1,14,1,2,17,24,1,120,1,9,1,10,1,14,16,10,4,4,1,8,1,12,1,1,5,3,1,19,4,1,10,1,11,2,1,1,14,11,13,1,1,1,1,15,1,1,1,15,1,11,1,17,14,21,6,6,13,16,10,1,12,16,1,14,7,1,20,1,1,1,9,15,1,1,8,1,19,9,2,17,10,16,1,5,19,12,15,9,11,1,1,1,8,15,1,15,7,1,15,1,11,1,1,1,1,16,14,22,1,1,1,1,6,7,43,12,1,1,29,1,1,3,12,1,4,1,19,1,1,1,1,15,15,1,12,1,7,21,11,5,1,1,1,1,1,10,17,1,7,15,1,14,12,20,17,6,7,12,5,12,12,9,23,17,1,1,18,1,14,1,1,1,10,5,3,8,12,1,14,14,10,8,18,16,10,1,1,10,3,16,1,1,1,1,13,9,2,1,1,9,3,4,6,3,1,1,23,9,12,1,1,1,1,8,1,1,1,1,1,22,1,12,16,1,1,1,1,1,16,11,1,1,1,1,1,4,1,7,1,10,14,1,1,1,9,11,9,1,1,1,1,14,21,10,1,8,2,1,1,10,7,18,1,13,19,1,11,9,7,2,11,14,11,1,4,1,1,1,1,10,1,1,13,1,20,1,13,10,1,1,1,13,2,1,1,9,7,18,1,1,15,1,16,14,1,92,9,1,13,1,11,4,9,9,1,1,1,17,12,10,12,5,11,17,1,12,10,7,1,1,15,18,1,1,1,1,1,18,81,1,10,12,1,13,1,1,3,16,14,1,1,1,1,1,1,13,1,12,9,1,1,1,1,9,8,1,15,14,1,1,1,3,21,1,19,7,1,1,20,1,1,1,19,1,13,14,1,1,7,3,14,7,1,10,1,16,17,1,1,12,1,9,1,9,1,1,1,1,1,15,2,1,1,10,14,7,12,1,14,1,3,22,24,8,11,1,1,7,3,1,1,11,1,21,9,11,1,14,10,14,12,15,12,10,12,1,1,1,1,14,23,14,2,1,1,1,21,1,17,1,1,12,1,13,12,13,1,7,4,11,1,1,1,1,1,3,8,1,6,6,2,12,20,1,1,17,5,14,13,8,11,10,1,1,1,1,1,1,1,15,5,1,6,4,1,1,1,17,16,1,2,1,2,8,1,12,14,8,1,14,1,1,1,16,1,1,1,9,8,1,1,1,9,14,8,1,20,1,14,1,1,8,9,11,1,12,15,17,1,1,16,1,1,1,1,1,1,1,14,11,11,1,42,1,12,92,47,1,1,18,1,4,8,20,1,6,3,1,1,1,1,1,2,10,5,1,2,1,8,8,14,1,9,20,12,12,1,1,1,2,14,10,16,1,13,1,20,1,23,6,11,11,9,8,17,1,1,1,1,4,17,13,1,1,17,1,19,1,1,1,1,963,1,1,1,1,1,2,32,8,1,7,1,24,5,11,3,4,16,16,1,13,2,1,68,7,13,3,11,1,1,1,1,16,12,6,1,12,14,1,12,1,1,24,12,1,2,7,18,1,1,6,7,15,1,12,1,1,1,16,1,6,1,20,1,4,10,16,7,9,11,1,1,9,11,1,12,1,13,1,1,1,24,1,17,1,16,1,12,12,9,17,13,41,2,1,16,1,14,9,5,1,1,1,17,1,15,13,1,1,16,1,1,1,1,1,14,1,9,20,1,6,18,9,14,1,11,12,1,14,17,10,15,1,9,16,1,14,1,1,4,1,8,1,16,1,21,17,14,1,18,13,1,1,1,1,10,1,14,1,1,19,1,5,1,14,1,24,11,18,14,9,9,1,1,10,9,14,14,1,1,10,11,18,10,15,1,1,13,1,1,12,11,13,21,13,1,10,12,14,20,1,1,6,1,1,9,8,3,1,1,1,4,11,8,14,14,24,11,1,17,16,12,15,7,1,15,1,10,19,9,1,1,1,1,1,1,9,1,25,1,15,40,18,1,1,3,4,1,1,13,10,1,1,11,9,6,13,25,1,12,1,20,5,9,2,11,16,17,12,9,1,1,8,25,1,7,1,1,1,1,16,1,8,1,14,10,22,12,9,1,12,1,7,1,1,6,160,1,4,1,2,13,19,11,8,9,13,6,14,13,28,7,1,1,1,1,8,1,11,18,3,10,1,8,1,10,1,1,18,19,1,7,16,1,1,1,1,16,1,14,1,14,6,13,1,16,1,14,1,1,1,1,5,1,1,3,1,1,11,8,1,1,1,3,1,4,1,13,1,1,2,15,10,19,1,14,20,1,10,12,10,24,1,4,8,1,11,9,1,19,16,9,23,4,1,1,12,1,19,5,4,20,10,1,12,5,11,17,8,1,53,1,4,1,14,7,1,9,1,1,1,18,11,1,28,9,11,1,12,1,23,1,13,4,16,1,9,1,11,1,23,1,1,16,1,1,1,8,10,2,16,1,8,8,1,12,22,1,11,13,1,10,15,1,17,5,1,7,11,7,1,7,9,14,12,1,3,1,1,15,8,1,27,15,1,1,1,9,5,1,16,1,1,19,5,12,1,10,11,20,1,8,14,1,17,1,7,77,1,1,11,1,12,19,10,17,11,1,1,19,15,19,1,17,1,16,1,1,11,14,13,15,1,15,1,15,5,9,10,1,1,3,1,11,11,1,80,1,93,1,2,1,8,14,1,15,1,1,1,11,1,1,15,4,1,14,1,1,19,10,8,12,14,1,29,2184,1,3,35,1,19,53,13,1,1,1,1,1,10,1,1,1,11,2,9,1,9,1,10,1,12,1,14,1,6,11,16,12,18,1,9,1,1,14,12,12,7,9,1,11,1,1,1,1,12,16,1,1,1,10,43,1,1,1,1,58,1,1,8,1,9,1,12,13,20,10,11,15,1,2,2,24,14,1,12,1,13,11,11,1,2,10,38,1,13,1,10,15,9,1,1,1,1,18,20,1,1,1,14,29,1,8,12,1,1,1,8,1,1,1,1,1,10,7,1,8,1,1,12,9,25,1,9,1,1,11,1,16,12,1,13,2,13,1,1,2,14,4,16,13,13,1,16,1,1,27,22,16,1,1,10,12,9,8,1,1,34,8,1,8,1,1,1,14,2,12,1,1,11,10,1,14,11,13,1,19,7,1,1,1,13,3,17,2,19,10,1,10,1,1,1,7,1,13,11,12,1,23,23,10,1,15,1,1,1,21,1,3,1,1,1,18,1,7,1,5,1,1,9,11,2,1,1,3,14,177,9,1,1,17,13,8,20,1,1,1,1,27,1,6,16,13,12,1,3,1,1,1,1,1,10,8,1,19,1,19,1,1,11,1,9,15,1,11,1,1,19,8,4,10,10,9,1,19,13,10,15,13,1,8,16,13,12,11,1,8,1,4,1,1,11,1,5,9,2,15,1,1,1,1,1,9,7,11,19,1,1,1,22,1,13,16,1,11,1,14,14,10,1,8,1,5,7,1,14,1,8,1,1,1,1,5,6,1,8,1,1,2,1,13,1,1,1,9,1,1,7,1,9,1,1,1,1,1,1,8,1,12,8,2,1,1,1,1,1,1,1,1,1,7,23,7,14,1,1,1,8,12,7,12,10,1,1,1,13,1,17,1,14,12,37,4,1,1,16,15,12,1,10,1,1,1,1,11,8,1,15,9,1,1,10,17,1,4,8,9,1,13,12,93,1,1,10,12,13,1,20,15,17,1,1,7,13,19,1,20,14,9,1,1,4,1,1,1,4,1,1,9,13,11,1,1,1,1,1,13,1,12,1,1,26,10,2,1,12,15,13,1,1,1,29,1,1,15,16,2,10,9,4,16,7,14,1,1,9,2,1,1,10,1,14,9,10,1,1,19,16,10,37,1,11,1,19,11,1,1,2,32,1,1,17,15,1,1,2,12,19,1,1,12,4,14,3,12,1,16,17,1,1,19,5,15,1,7,1,13,11,1,1,12,1,5,25,17,1,10,1,1,10,1,17,7,20,31,1,1,1,1,12,1,11,8,14,18,14,18,4,11,1,1,13,4,19,1,1,8,1,1,1,1,17,1,2,1,15,11,2,8,1,1,1,11,14,1,1,1,1,1,1,1,1,1,1,14,14,1,1,1,1,2,1,16,1,21,1,10,1,1,2,1,1,12,13,5,1,12,12,2,12,11,1,1,10,1,16,1,1,13,7,1,7,6,1,9,1,1,12,11,1,32,15,1,7,1,1,17,1,10,1,1,1,18,9,1,9,1,1,1,1,14,1,1,1,1,11,9,8,26,7,1,15,1,13,10,1,1,1,1,23,1,12,1,10,1,12,1,1,12,1,1,1,1,7,14,1,10,17,1,8,1,9,12,1,1,1,21,1,1,16,18,1,14,1,10,1,14,21,1,8,1,9,55,258,12,1,2,13,18,1,13,17,3,15,5,16,1,12,6,1,79,1,1,12,1,9,3,12,1,7,1,10,1,8,12,6,3,18,12,1,1,11,1,11,22,12,23,1,10,11,1,1,13,1,17,1,17,1,31,3,1,1,1,1,1,8,13,1,14,16,1,12,1,20,13,12,3,15,1,1,1,15,1,6,3,1,4,9,2,19,1,1,1,10,1,8,11,16,1,1,1,1,17,32,8,17,13,1,1,1,13,13,13,13,1,1,2,9,2,10,11,1,1,1,18,17,9,1,1,9,11,12,1,1,9,12,1,1,1,1,1,27,5,1,10,13,25,1,15,10,1,15,1,13,10,18,1,1,14,1,1,1,19,1,1,1,8,1,13,2,1,1,1,8,1,12,19,2,9,1,15,11,1,1,1,4,1,14,1,1,1,1,1,17,9,1,14,13,15,10,1,1,5,17,1,11,1,2,1,1,1,1,1,11,1,1,9,1,14,1,13,1,14,98,14,1,9,31,1,14,14,13,1,22,5,1,17,10,15,19,1,11,11,18,1,11,1,5,7,1,1,1,8,2,1,1,1,11,7,11,10,27,105,76,1,1,1,1,1,1,8,12,1,1,7,1,13,11,10,11,8,11,19,1,1,11,16,4,8,1,15,17,8,1,1,10,1,1,2,14,7,11,1,1,9,20,1,19,1,15,1,1,1,1,19,5,1,11,2,1,9,10,1,1,11,17,13,1,21,12,19,11,1,9,1,10,1,8,19,2,1,1,17,177,1,1,1,17,1,1,1,1,1,12,1,4,14,1,1,15,1,1,1,24,1,11,17,1,22,1,1,9,16,11,1,17,1,14,82,17,1,7,1,1,1,1,13,14,13,3,8,99,12,1,11,1,1,14,1,3,13,23,1,6,1,16,17,10,1,6,1,11,16,3,22,1,1,1,11,1,1,10,1,5,10,1,11,1,8,18,1,15,1,1,1,8,14,10,1,8,15,1,1,1,1,14,10,15,1,6,1,1,1,16,1,2,1,1,1,1,10,13,15,1,30,1,11,1,51,1,11,21,9,1,1,21,7,8,1,11,1,10,1,8,16,9,12,13,1,6,1,1,10,20,8,1,19,1,15,1,1,16,11,9,75,1,1,1,8,1,20,8,16,1,1,1,1,1,1,1,14,13,1,16,7,12,1,6,1,1,12,1,16,1,1,9,17,1,11,10,16,19,1,1,6,3,1,10,1,1,10,1,16,1,14,9,1,11,1,14,8,3,1,1,17,19,12,1,1,1,1,1,1,1,1,17,2,17,14,15,6,12,1,5,1,16,1,1,1,11,12,1,9,18,11,9,1,2,1,1,1,7,1,11,1,22,15,9,12,1,10,1,7,18,1,34,11,16,9,1,1,6,1,17,6,1,10,1,1,1,1,10,1,18,1,22,11,19,1,11,26,13,17,1,15,14,3,1,10,7,9,1,2,1,11,85,6,1,9,1,1,1,1,16,12,14,10,15,11,1,1,19,2,1,1,5,12,1,1,12,16,14,7,1,1,6,1,1,6,9,1,1,18,1,1,1,1,26,19,16,1,1,1,1,1,14,9,1,1,1,1,20,1,140,1,1,1,11,1,15,14,2,1,17,3,13,15,1,8,1,13,1,4,15,1,10,1,1,5,1,13,1,5,1,10,8,33,15,17,14,1,53,12,1,1,13,1,24,11,1,1,9,11,6,19,22,1,1,1,1,10,1,1,1,1,9,13,30,1,19,8,1,1,10,13,9,1,1,17,1,1,32,11,1,17,13,16,3,1,7,1,1,9,1,10,1,9,1,1,1,1,18,13,14,1,11,17,1,1,1,1,1,11,16,1,1,16,1,1,16,1,12,4,1,1,1,1,1,12,11,6,1,1,8,11,1,1,13,11,14,8,22,14,2,1,7,11,1,22,15,1,1,1,1,1,11,16,17,1,19,1,18,8,1,1,35,8,1,7,14,13,34,8,1,8,1,15,10,19,14,1,7,1,1,14,11,1,2,16,9,12,9,1,20,14,1,2,1,11,17,16,1,1,14,11,8,1,9,1,28,1,14,1,13,1,1,1,1,13,21,10,11,8,1,1,11,10,1,11,1,1,1,1,15,6,1,1,1,3,15,16,35,1,1,10,1,1,1,18,1,1,1,1,12,1,17,1,1,1,8,11,1,1,1,33,18,20,1,13,1,1,1,15,6,1,13,12,1,16,1,2,1,1,4,16,1,10,14,1,14,16,9,1,1,1,12,1,1,1,7,15,9,14,17,14,19,1,9,10,1,19,8,1,1,6,11,12,16,7,1,1,14,1,10,1,1,28,9,9,6,1,1,1,12,1,5,13,1,14,1,1,1,5,18,1,35,1,1,1,2,1,1,15,23,1,4,11,10,19,1,26,10,1,1,18,19,4,3,1,27,10,1,16,16,11,1,11,12,16,1,11,7,1,1,13,1,18,1,16,1,1,1,12,13,12,1,21,1,24,12,1,1,9,12,12,1,13,13,8,1,1,1,1,21,9,2,12,13,12,17,1,1,1,1,1,1,1,1,1,1,13,1,8,1,1,5,1,1,1,1,5,4,4,1,214,32,16,1,1,4,13,1,16,7,1,13,1,8,1,1,21,10,4,21,9,7,1,8,10,15,17,1,1,2,1,1,6,14,13,8,1,16,4,6,20,1,1,13,17,19,31,18,1,12,11,1,15,9,1,1,2,12,1,17,1,1,1,14,19,2,1,5,69,1,17,1,7,7,9,1,14,1,27,12,19,2,1,1,9,1,9,1,30,15,1,13,15,14,1,1,8,1,14,1,12,12,10,1,1,14,15,18,1,1,1,4,11,1,1,15,1,16,1,11,1,12,10,1,1,4,17,1,7,6,10,12,1,14,19,1,17,1,12,11,1,8,21,9,11,11,1,10,1,1,8,12,17,4,1,1,12,1,1,16,1,1,14,13,8,1,13,1,11,2,1,105,20,13,19,1,25,13,1,1,1,1,10,7,6,12,1,1,14,1,1,11,1,1,1,14,9,8,1,1,1,1,13,11,1,1,9,1,15,8,20,22,1,1,11,1,1,1,1,1,7,1,1,1,2,17,1,11,1,1,11,4,8,1,1,20,1,1,1,1,8,1,1,35,1,1,8,1,22,1,1,1,1,1,1,1,17,7,10,9,1,1,8,8,1,11,18,1,1,7,12,12,1,1,1,1,13,1,17,1,1,7,1,11,1,1,6,1,1,12,11,10,1,12,20,12,1,1,1,1,3,1,13,22,1,23,16,1,15,1,1,16,11,1,8,1,1,9,8,1,1,1,10,4,2,1,13,14,15,1,1,19,13,1,15,8,21,1,1,1,1,1,1,1,1,15,1,1,1,6,35,12,10,15,12,13,1,1,11,12,1,1,1,1,19,10,12,1,11,1,16,1,1,1,11,5,11,1,1,16,1,1,1,1,17,8,26,12,16,21,14,1,5,9,1,19,1,12,2,12,1,14,1,14,15,12,1,1,1,1,1,9,1,6,18,1,1,1,1,1,1,1,1,1,1,1,1,15,15,12,19,1,16,12,13,52,1,1,3,1,10,23,1,6,12,1,15,6,1,11,1,1,1,1,9,1,10,13,1,1,9,9,1,3,17,2,1,1,1,1,1,10,13,13,14,7,4,1,1,14,19,1,32,15,1,1,1,1,1,1,2,1,2,1,1,9,6,11,1,16,18,1,12,6,13,2,1,1,1,1,9,10,11,9,1,15,12,24,8,9,1,1,8,20,20,10,1,1,1,5,69,11,27,1,1,1,1,1,18,12,1,1,1,18,1,9,19,1,16,1,1,1,13,27,1,10,1,1,1,12,16,19,1,22,1,1,1,23,1,10,17,11,1,21,1,3,11,20,12,12,1,1,35,1,14,12,8,1,8,15,1,15,1,7,15,1,1,16,1,12,17,52,1,1,1,1,13,14,1,1,1,4,33,1,14,1,12,1,11,1,15,16,1,1,10,13,1,17,1,1,8,1,1,3,7,14,11,2,10,11,15,3,1,2,3,13,6,1,16,1,12,10,15,1,1,1,1,16,1,129,9,1,14,1,6,10,19,12,19,16,12,9,1,16,16,1,1,12,13,1,12,15,14,2,12,8,11,1,12,25,1,1,1,1,1,54,15,1,1,12,10,1,13,1,1,23,1,1,1,1,1,8,15,1,1,17,1,1,18,1,13,12,106,29,10,1,13,4,1,1,1,1,1,1,1,1,1,1,2,1,1,17,10,1,10,1,1,1,23,1,4,1,10,5,1,20,15,1,13,1,1,6,1,3,10,19,9,1,11,1,1,12,12,1,2,20,1,12,1,1,1,1,13,1,1,1,9,1,1,9,1,1,1,1,21,16,1,5,1,6,10,9,1,16,1,1,1,11,8,4,1,10,12,1,8,1,1,13,1,8,1,1,1,16,1,1,14,1,1,2,7,9,7,5,7,1,1,23,26,1,11,14,16,1,1,1,7,22,1,1,1,1,17,1,1,1,1,2,1,1,14,9,2,1,1,22,4,13,4,23,15,1,21,1,3,1,12,2,1,1,1,1,1,1,18,2,16,1,1,13,18,10,1,16,1,1,13,16,4,1,1,21,2,1,4,16,1,60,1,6,17,1,8,10,5,20,15,1,12,1,10,12,1,10,1,1,21,1,19,1,19,18,23,1,17,13,1,1,1,7,1,1,1,7,12,1,8,1,9,17,14,1,1,1,1,9,1,14,1,4,13,13,13,18,18,12,10,1,1,13,9,14,1,12,1,3,4,8,16,15,10,1,1,15,1,11,7,17,1,1,13,1,14,1,1,1,1,1,1,8,13,18,1,14,1,7,15,1,1,1,233,21,30,1,28,1,15,21,1,19,1,1,1,13,1,1,10,1,1,1,8,1,3,1,16,1,9,1,4,5,1,11,12,1,15,11,9,1,1,1,13,10,1,7,1,16,1,8,8,6,7,11,1,14,9,1,1,13,1,8,12,11,9,7,6,13,13,8,1,6,1,10,1,15,1,7,1,10,7,1,5,1,12,8,4,17,2,3,1,1,7,17,12,14,1,1,14,1,17,1,31,1,5,11,1,1,1,1,1,9,1,8,1,12,11,20,14,1,1,15,1,9,1,1,1,19,1,1,1,24,1,1,1,27,1,15,12,12,1,7,1,15,12,27,22,13,3,1,21,11,1,17,1,6,1,1,1,1,1,10,1,11,17,1,1,17,8,1,12,15,1,1,19,1,1,11,1,1,12,9,6,14,7,1,15,16,15,1,2,1,1,25,1,10,1,7,1,1,1,1,11,11,1,8,15,1,1,1,9,19,4,7,9,10,11,1,18,1,10,1,1,14,1,11,1,1,1,13,2,1,17,14,21,1,712,1,18,13,5,13,2,1,17,2,1,2,1,1,3,1,1,11,1,1,19,8,23,1,1,1,1,1,11,1,14,7,14,16,1,11,11,1,1,11,21,1,10,1,1,8,1,1,1,94,1,1,1,1,9,1,1,12,1,9,1,8,1,13,1,1,1,1,14,5,1,1,14,22,1,11,1,16,17,1,1,10,17,1,1,9,1,1,7,13,1,15,1,1,1,1,9,11,1,1,17,1,11,1,1,1,94,1,1,16,3,10,1,1,1,17,13,10,1,1,1,2,1,10,12,9,1,12,1,12,1,15,8,12,13,1,1,16,9,1,1,1,1,2,1,11,1,12,1,9,1,3,19,19,1,15,1,1,10,12,118,7,1,21,15,23,9,11,15,10,11,9,1,1,1,13,14,1,1,21,1,14,15,17,1,15,1,1,1,1,10,1,18,1,13,23,1,1,1,1,120,6,1,1,1,1,1,7,14,2,7,17,11,16,1,1,4,1,10,9,15,10,17,4,1,17,11,10,1,1,1,1,1,1,9,8,1,14,8,1,1,21,12,1,1,1,1,1,1,11,1,1,7,1,17,1,19,2,11,1,1,1,19,1,10,10,1,1,15,4,10,4,1,9,10,19,16,14,12,1,15,1,1,1,7,2,4,1,18,14,15,13,2,1,1,29,14,15,12,14,1,13,8,17,1,18,13,1,21,12,1,13,1,1,15,12,1,10,7,6,1,1,16,1,1,10,12,11,1,1,1,1,3,7,4,11,18,10,2,8,28,6,1,7,26,10,1,1,1,10,9,14,15,12,10,10,1,1,1,1,1,8,1,15,1,10,1,22,18,1,15,1,35,15,1,5,12,14,1,11,17,1,10,7,1,1,1,13,1,1,1,2,17,15,9,15,14,1,1,1,1,31,9,1,15,5,8,1,15,1,1,17,1,4,11,1,1,1,1,1,1,1,19,1,1,66,1,19,1,10,5,5,8,10,1,16,5,5,9,16,1,4,1,14,1,1,4,14,8,1,21,16,11,1,1,12,13,16,16,1,1,1,1,14,18,18,1,9,11,8,10,1,1,11,1,1,7,1,1,1,1,1,1,13,1,1,8,1,1,10,1,9,15,1,8,23,1,14,8,5,17,7,9,1,1,1,1,1,1,21,1,1,6,1,1,1,1,10,1,1,11,10,1,9,1,12,1,1,1,7,1,1,1,1,1,5,2,10,11,16,1,1,2,1,1,18,1,1,9,23,4,7,11,13,2,1,11,1,1,10,19,1,15,20,1,6,13,8,2,1,7,1,1,1,1,1,1,14,1,1,1,10,11,5,2,9,12,1,2,1,15,6,12,8,1,1,34,1,1,15,1,31,1,38,1,8,1,22,1,3,1,6,1,1,16,1,7,1,13,13,13,1,1,1,19,20,12,13,16,1,1,15,12,10,8,1,9,9,1,1,12,1,1,1,1,14,1,10,3,16,19,16,1,14,11,1,1,14,15,6,1,12,2,16,1,6,14,1,1,1,11,1,1,9,8,1,11,1,1,1,9,1,1,15,5,16,8,6,10,15,1,9,1,14,13,15,1,17,1,1,1,1,1,1,1,1,2,1,9,1,1,2,13,1,10,1,1,5,9,1,1,1,8,16,17,1,2,13,1,1,10,1,20,10,15,18,1,1,1,1,1,8,10,1,9,1,7,26,7,1,7,1,6,20,12,1,7,1,15,7,11,11,14,1,1,1,10,1,1,2,1,16,13,20,9,4,2,1,10,1,1,1,1,9,1,15,14,1,2,1,1,1,15,16,9,17,44,8,7,1,1,9,15,9,19,1,2,1,1,1,1,10,9,1,1,1,1,8,12,13,1,12,1,17,2,16,17,16,1,7,1,1,1,1,1,1,13,1,1,15,16,1,19,11,1,13,1,1,1,1,1,10,11,1,3,1,6,1,1,1,19,17,6,1,1,1,12,10,20,15,13,1,20,1,8,6,6,1,3,22,11,8,19,1,1,1,16,1,1,5,9,111,17,4,14,12,13,1,12,1,35,1,21,1,1,1,1,11,18,2,1,1,18,16,1,9,22,1,1,1,1,1,21,4,1,12,10,15,1,1,18,10,1,7,1,19,30,10,8,1,1,7,1,1,1,2,1,16,1,22,1,1,1,1,1,1,13,1,1,15,16,11,11,10,1,1,1,1,1,1,1,1,19,18,14,1,8,1,15,11,1,12,1,11,1,1,10,1,1,1,7,1,8,1,13,7,1,1,6,2,2,18,1,15,1,11,17,1,21,9,1,14,1,1,1,12,10,11,1,8,1,12,14,12,14,15,1,16,1,16,15,1,1,13,9,6,1,9,1,13,12,28,1,1,20,1,1,21,1,1,14,1,14,1,1,32,14,1,8,4,4,1,1,1,1,16,1,1,1,1,1,2,14,1,1,1,11,11,1,4,1,14,16,1,16,1,11,20,17,1,9,5,26,1,16,1,1,18,13,17,12,1,1,12,4,1,7,1,1,15,15,17,8,15,6,18,1,1,17,11,16,14,1,13,17,6,15,1,1,24,1,1,1,1,12,15,1,11,1,1,8,1,13,4,1,1,1,1,1,12,2,1,1,1,125,1,8,11,11,7,3,1,1,11,1,1,1,1,15,1,3,1,1,47,147,1,1,23,12,1,1,19,5,12,12,1,1,32,1,1,5,20,9,15,1,1,12,13,1,1,13,1,1,10,1,22,98,22,1,34,1,18,8,18,16,1,1,2,21,1,1,2,14,7,1,13,1,1,1,7,10,15,11,17,1,14,1,35,1,1,15,1,9,18,1,1,10,1,1,1,12,15,50,2,17,17,12,1,1,1,14,1,1,9,12,1,49,1,2,1,10,8,2,1,1,1,1,24,15,6,1,1,1,13,12,12,6,18,3,1,1,14,1,1,23,1,2,5,2,1,13,1,2,19,11,6,1,11,9,15,1,20,26,12,96,1,1,14,1,1,6,1,17,20,1,1,9,13,1,13,12,1,1,1,5,22,1,14,15,1,11,11,1,10,17,10,1,1,1,1,9,1,10,16,13,9,20,1,10,1,1,1,1,1,1,1,9,14,10,1,1,13,1,16,2,1,10,1,13,12,10,1,35,11,1,8,12,1,17,1,1,13,1,9,1,1,1,9,1,1,5,1,8,1,33,1,15,22,18,24,1,14,22,1,13,17,17,1,1,14,1,11,14,12,15,11,1,17,18,1,17,5,1,1,1,1,20,1,1,1,1,26,18,6,1,13,5,12,1,14,1,13,11,10,1,1,1,15,9,1,13,1,1,9,16,1,3,1,9,11,1,1,8,16,8,1,1,1,12,1,1,13,1,22,1,12,2,15,15,4,11,1,8,22,12,15,2,1,1,11,1,1,1,1,4,39,13,1,15,13,17,11,11,10,1,6,17,1,1,24,15,1,19,1,1,9,1,12,1,1,9,13,22,1,1,10,1,12,2,7,2,1,1,15,1,3,1,16,9,24,1,1,6,1,12,8,1,1,1,7,1,1,13,1,16,3,9,16,10,1,8,15,1,12,1,1,17,16,5,22,14,1,115,11,1,9,13,1,2,11,13,8,1,2,9,1,4,1,1,10,1,1,1,1,1,1,1,1,8,14,14,1,16,1,1,10,2,1,11,11,14,1,1,22,10,1,1,14,1,1,10,1,1,8,1,1,1,1,12,10,26,13,30,10,10,1,1,1,12,11,13,14,8,13,1,10,12,1,6,1,1,1,13,17,13,1,1,16,2,1,1,1,1,73,12,1,1,17,1,11,1,6,11,1,1,2,14,13,1,1,1,1,21,7,9,1,6,1,11,6,6,1,1,1,14,1,1,1,1,1,1,20,8,1,1,1,8,1,5,1,1,1,1,7,1,11,1,12,12,8,16,11,14,15,18,1,1,1,2,13,1,16,1,15,19,16,13,1,13,5,13,12,18,11,18,2,1,19,1,1,1,13,1,1,15,1,5,1,1,1,1,1,18,1,1,16,16,1,16,17,14,18,16,1,10,1,10,1,17,1,2,9,12,11,4,1,1,1,1,1,1,1,1,1,8,1,9,1,14,11,1,11,20,1,1,1,29,1,1,1,1,1,1,1,1,1,12,1,1,1,12,2,9,21,1,1,1,6,14,1,76,1,10,13,1,1,8,1,1,4,16,8,15,1,16,1,2,1,1,1,1,5,1,12,1,1,15,1,32,1,1,10,8,20,1,2,1,21,14,11,1,3,19,7,12,1,1,1,19,1,1,2,1,1,1,1,1,1,1,1,21,1,1,17,1,1,1,6,13,1,14,13,1,1,8,24,51,109,16,1,1,1,9,1,1,14,9,1,3,9,10,1,1,8,7,18,4,13,1,12,2,5,12,13,1,14,20,1,1,1,434,11,1,10,1,1,9,7,6,9,21,9,1,10,1,20,4,1,1,1,4,1,13,1,9,1,1,1,7,12,16,16,1,1,11,1,1,1,22,1,1,1,1,1,1,1,1,1,1,1,25,1,1,1,13,9,17,21,1,11,1,1,9,20,1,1,9,19,1,6,13,7,1,1,16,9,1,12,1,12,13,1,9,1,1,1,9,3,4,1,1,1,12,1,1,1,22,8,1,1,8,1,1,1,12,13,1,10,10,1,11,8,88,10,1,1,16,8,1,12,1,12,12,1,1,1,3,2,18,1,14,1,1,12,1,3,1,11,1,19,10,1,2,124,1,1,1,1,9,1,12,16,1,1,1,10,12,10,1,10,1,1,15,1,15,1,1,1,1,18,1,3,14,1,17,13,1,1,1,14,1,1,1,18,1,10,14,1,29,1,1,1,10,1,1,1,1,13,1,10,1,24,1,1,18,1,1,1,12,9,8,1,14,1,14,13,1,1,1,15,1,5,18,1,10,2,30,20,14,12,1,18,12,9,4,1,21,44,11,7,1,11,1,9,9,17,13,1,1,9,1,1,1,11,16,1,2,11,1,1,1,1,1,12,15,16,12,1,1,1,13,14,52,1,10,1,1,1,12,1,1,1,12,13,1,8,1,15,8,7,10,8,1,1,1,1,1,1,1,16,14,9,8,10,10,1,1,7,1,1,10,18,1,1,10,10,21,9,1,1,10,19,1,15,12,1,1,1,1,1,13,16,1,24,1,12,9,15,1,12,24,16,1,1,20,2,9,1,17,1,15,11,1,9,1,1,1,11,13,13,32,15,15,1,1,19,12,12,1,8,1,1,1,5,1,1,12,1,8,1,1,1,1,12,2,1,1,1,1,1,24,4,1,1,39,10,11,22,15,13,1,14,1,1,12,7,1,1,14,1,12,1,1,1,17,1,1,12,1,9,1,14,17,1,1,1,1,15,8,17,1,1,12,15,17,1,16,8,11,11,21,22,1,3,14,21,1,1,9,6,1,5,1,16,1,9,16,1,9,2,1,9,1,1,17,1,1,12,8,6,1,4,1,1,1,1,1,1,51,1,6,1,1,1,9,1,1,1,12,20,1,12,13,1,1,14,11,1,10,19,1,20,1,16,15,1,1,14,1,8,1,4,1,4,12,12,1,37,4,26,39,1,13,1,4,10,7,9,1,3657,1,1,7,1,2,1,5,1,19,17,9,1,1,9,24,1,1,9,1,8,13,19,1,8,13,1,28,1,1,8,1,7,14,14,16,14,1,1,11,1,1,1,14,1,15,6,18,18,6,1,15,8,1,8,15,1,1,1,17,7,22,21,13,12,6,16,64,7,19,1,1,11,1,1,1,10,1,9,1,1,13,14,1,1,1,14,1,1,2,1,1,1,16,4,6,15,10,48,11,1,1,11,3,16,2,1,14,8,14,1,1,13,13,13,1,1,15,1,1,1,1,1,7,1,12,12,1,34,1,8,7,1,8,18,18,18,7,1,1,9,13,17,11,1,1,21,1,10,16,12,114,9,3,14,1,17,8,27,1,8,12,1,1,28,11,1,1,1,13,9,1,1,14,6,1,7,2,1,1,13,9,8,16,19,8,1,18,12,12,11,1,1,16,1,1,4,15,10,1,1,14,1,13,1,12,1,1,10,19,1,1,7,1,23,1,1,1,18,1,10,9,18,11,1,9,1,8,11,20,5,14,1,1,12,1,1,1,1,14,1,14,6,1,11,1,6,1,23,1,1,1,1,2,20,2,14,15,1,1,1,1,5,1,1,11,7,1,15,1,1,13,1,1,1,15,23,1,8,14,1,12,13,9,11,10,1,1,1,2,1,15,1,13,1,9,1,10,18,1,1,24,1,15,2,1,10,15,1,1,1,1,1,13,4,10,1,1,7,10,7,1,1,1,12,1,11,14,11,10,4,28,8,13,1,1,8,1,1,12,1,1,14,1,1,1,6,1,11,1,1,1,13,1,11,15,17,1,16,19,1,4,1,12,1,1,10,1,1,2,23,1,8,1,1,2,11,1,36,1,13,4,1,29,9,14,1,1,13,14,1,1,6,15,17,1,1,1,10,1,19,14,1,1,2,1,1,1,1,1,11,1,7,501,5,18,1,3,1,1,4,1,10,13,14,10,1,1,1,10,1,11,5,23,10,1,21,1,1,10,1,14,1,1,1,1,11,9,13,5,1,16,1,1,15,13,1,1,12,1,18,1,1,1,1,1,14,12,16,1,4,1,5,18,15,2,9,11,11,1,1,1,12,11,1,1,13,15,8,1,1,8,1,13,15,6,10,17,13,7,1,140,13,18,1,2,1,12,1,1,14,1,1,1,1,1,14,1,1,1,9,13,9,3,1,15,9,1,1,15,1,8,16,1,1,8,1,21,1,13,12,3,1,1,9,13,12,17,4,1,9,1,1,1,15,6,1,1,3,1,1,8,10,8,11,25,1,10,21,15,1,6,1,1,1,11,6,1,1,1,1,19,12,1,1,28,1,1,1,7,1,16,12,19,14,1,7,1,1,1,14,11,1,1,11,4,1,1,1,1,1,1,1,1,1,1,1,1,16,11,11,1,2,1,16,14,1,8,8,13,14,1,16,1,16,1,12,1,1,1,1,30,13,1,1,1,1,24,4,1,1,14,1,5,1,1,11,6,11,16,20,1,1,21,1,9,1,5,2,8,1,14,1,1,1,1,9,11,1,121,10,1,15,1,6,1,5,1,1,1,1,1,21,1,17,1,9,8,19,10,12,14,35,11,1,1,1,1,1,13,15,5,1,1,1,1,21,12,1,1,18,1,15,16,1,17,24,7,11,13,12,10,13,18,9,18,17,1,8,1,1,9,15,14,16,1,1,1,16,1,1,10,1,1,1,1,1,10,1,1,1,1,16,1,1,13,1,22,16,1,15,1,11,15,9,1,1,1,3,1,1,1,1,2,11,1,17,21,12,1,9,12,3,1,10,4,9,1,1,2,15,1,10,12,5,13,16,21,11,1,1,18,15,12,1,11,6,8,24,1,11,16,13,1,16,13,1,12,15,12,2,17,1,1,1,14,15,1,10,12,12,2559,20,1,9,11,1,1,18,19,1,21,1,1,14,1,14,1,13,1,1,1,1,1,1,1,10,17,1,11,3,1,1,24,1,8,12,17,16,1,3,9,16,1,2,10,15,1,22,1,11,18,4,6,1,22,15,1,1,16,1,1,1,7,20,8,1,1,13,29,1,1,1,16,19,1,17,12,1,8,19,5,11,1,26,16,10,9,11,1,1,1,1,2,1,22,1,1,12,6,7,6,1,1,1,11,24,5,15,18,1,10,1,54,17,12,1,1,7,1,1,20,7,1,1,12,1,1,76,10,1,17,1,17,1,2,1,10,7,84,1,1,1,20,1,1,1,10,1,15,8,1,1,1,8,1,18,10,15,1,15,12,1,1,15,2,1,24,1,16,1,22,1,1,1,9,3,1,1,1,16,1,1,1,23,1,12,1,11,17,1,1,1,1,19,1,19,1,8,1,5,17,32,14,1,14,1,1,1,14,9,10,10,1,5,9,10,1,1,13,16,1,1,1,12,10,11,13,1,13,1,15,1,1,1,5,7,1,7,36,1,10,6,1,1,5,19,1,8,12,10,1,1,9,1,1,1,1,1,7,1,17,1,1,1,11,1,1,1,1,14,1,7,7,11,18,1,1,13,4,10,19,4,10,1,26,1,1,1,11,1,1,28,19,1,10,10,23,1,1,7,1,16,18,10,11,1,22,1,11,1,1,1,1,9,7,1,1,1,1,14,1,1,11,1,13,1,19,15,1,83,1,1,1,7,5,2,15,11,1,1,67,1,1,1,1,14,23,2,1,1,6,1,5,1,15,8,25,14,12,1,24,1,6,4,1,1,5,1,15,9,1,13,15,14,1,13,1,14,14,1,7,6,30,11,1,1,1,1,11,1,61,1,1,20,155,1,8,14,1,15,1,1,12,1,15,581,1,3,17,1,1,16,19,21,1,1,6,16,1,8,1,10,1,8,1,1,14,14,11,1,18,1,12,1,1,1,1,1,20,6,1,1,24,13,11,8,18,1,1,1,1,1,17,10,1,12,1,1,6,15,14,1,2,1,1,4,1,1,1,1,13,1,6,1,1,10,11,13,1,12,1,1,5,6,13,6,10,1,7,1,2,1,1,5,8,5,10,1,17,14,1,14,12,16,8,1,6,1,1,17,9,26,10,13,1,15,10,1,12,1,10,1,12,21,11,14,15,1,2,15,12,19,19,3,1,13,1,1,1,1,4,1,14,13,12,1,1,1,12,7,8,8,1,16,1,1,12,1,76,1,1,30,1,14,1,1,1,10,9,7,1,1,17,1,1,14,1,1,1,10,1,1,1,1,5,1,9,1,7,19,1,15,15,1,10,1,15,14,2,14,1,9,1,1,16,10,1,12,1,1,1,1,6,1,10,24,1,19,1,1,15,1,1,1,14,12,11,15,1,1,12,21,138,1,13,9,1,6,14,18,1,8,26,19,1,1,1,15,2,21,14,13,1,13,1,12,1,19,1,9,1,5,1,14,24,1,1,1,1,11,1,15,71,1,1,1,1,1,5,17,12,1,37,12,17,23,15,2,5,6,1,1,1,17,10,1,17,1,16,1,15,1,12,1,1,1,11,1,9,14,1,1,8,1,10,1,1,1,1,1,1,1,6,14,1,1,20,1,13,1,9,15,1,17,1,14,13,12,1,1,11,12,24,1,1,1,14,3,8,8,19,5,1,6,7,3,1,1,25,14,8,1,15,13,1,1,16,3,8,1,26,10,1,7,11,1,10,59,16,1,1,1,1,25,9,1,13,1,21,16,1,9,16,14,1,1,12,1,1,5,1,13,7,1,30,1,11,12,1,1,1,12,11,7,1,1,1,19,10,1,10,10,16,1,15,1,8,13,12,1,1,8,15,13,1,13,16,1,27,12,8,1,1,1,1,1,30,20,13,1,1,1,1,9,1,1,9,1,1,1,1,1,1,27,15,16,1,1,15,1,1,8,17,1,16,20,15,1,13,1,8,1,8,1,1,1,1,1,25,6,1,1,1492,8,1,17,17,16,16,12,1,1,8,1,1,7,8,1,1,12,10,1,1,19,6,15,13,22,17,17,3,15,13,1,1,3,2,1,12,15,1,13,1,1,22,17,1,1,1,12,1,13,10,20,13,1,7,10,7,1,15,12,12,1,1,1,1,1,16,1,1,10,1,3,1,1,1,1,1,6,15,1,11,21,11,1,11,2,1,1,71,1,14,1,7,10,1,13,9,14,1,1,4,7,5,12,26,6,6,15,15,1,17,16,1,18,1,12,8,23,13,1,1,1,14,1,1,16,14,31,1,1,1,8,17,16,3,1,1,1,8,12,20,1,21,16,9,10,1,20,16,13,9,1,19,1,7,5,13,1,18,5,10,1,1,14,1,18,9,4,1,1,8,9,1,6,1,1,1,2,1,1,20,13,1,1,11,1,1,1,2,4,1,15,1,1,12,9,1,1,1,7,1,11,1,1,1,3,8,20,16,20,8,16,1,1,1,1,1,1,3,1,12,28,12,13,1,13,1,1,91,1,12,1,23,1,11,15,4,1,1,5,40,1,1,16,22,1,9,9,14,1,19,1,7,12,1,7,1,15,7,8,16,1,1,17,15,18,1,1,18,63,9,1,1,1,1,18,11,1,14,13,13,7,14,1,1,2,10,1,25,13,1,16,1,15,10,16,9,18,15,7,1,10,11,1,1,11,16,1,11,1,4,17,1,7,1,1,1,1,1,15,1,1,8,7,1,1,11,26,1,23,1,1,11,13,1,1,1,19,1,9,14,1,9,28,15,1,1,16,12,15,11,5,12,1,27,29,1,10,1,1,1,1,20,1,14,10,1,17,1,1,1,17,14,21,13,1,1,11,1,1,1,1,14,11,1,12,1,17,13,41,1,10,9,11,23,1,11,1,1,10,20,1,1,12,11,17,1,12,2,1,1,1,1,22,1,2,1,23,15,19,1,14,15,1,10,18,1,13,1,11,17,5,1,1,1,1,12,1,12,18,1,1,4,1,20,2,1,5,19,1,6,1,1,1,1,1,12,11,9,16,1,11,1,15,1,15,1,1,17,1,1,2,19,6,1,1,22,14,1,13,1,43,10,17,5,4,6,2,4,12,1,11,1,9,1,8,1,10,12,12,13,1,1,13,13,2,15,1,1,1,7,17,15,1,13,25,7,11,7,13,1,10,1,1,9,13,9,1,1,10,14,1,1,15,1,1,15,1,1,1,1,1,13,16,1,15,1,10,24,13,1,14,15,1,1,1,16,1,1,1,10,1,1,18,9,13,18,19,1,14,112,16,15,1,9,10,19,1,12,12,19,1,43,16,16,1,23,1,1,14,1,1,82,1,10,1,1,1,1,1,1,16,11,4,1,1,10,7,12,1,13,9,13,1,1,2,1,1,1,1,1,2,1,16,1,6,9,1,17,1,10,1,1,1,3113,1,1,1,1,9,1,2,1,3,1,1,14,1,11,17,1,1,9,3,21,1,1,1,14,10,1,1,101,14,1,8,10,1,1,1,14,1,7,11,1,18,12,1,16,11,1,28,1,16,2,1,20,1,22,1,1,17,1,1,18,8,16,1,14,1,1,1,13,131,1,7,17,6,1,11,1,1,10,1,9,7,1,14,1,1,9,11,1,17,1,1,13,10,23,17,11,9,1,1,1,65,1,11,15,8,2,1,19,13,17,17,6,2,19,1,18,13,19,11,1,6,12,13,11,1,1,1,6,1,8,10,8,1,11,1,13,16,1,15,1,14,1,15,1,17,9,26,1,1,1,13,8,1,17,1,17,1,1,3,11,1,24,11,1,16,5,1,1,22,1,22,1,19,22,10,1,4,17,1,12,1,1,38,14,18,1,10,1,1,1,2,14,1,16,1,9,17,1,11,11,16,1,1,20,1,16,10,24,1,1,16,16,1,12,12,12,1,21,11,11,15,21,1,15,97,1,9,1,7,11,1,1,1,1,1,1,1,1,1,1,1,6,1,33,5,12,1,14,10,5,1,13,2,20,1,1,1,1,18,11,23,3425,14,10,1,16,1,1,1,1,1,1,1,1,11,18,17,12,1,1,1,1,13,12,1,20,28,12,25,6,6,5,22,11,1,1,14,1,1,1,7,1,1,1,14,1,17,1,17,4,12,17,1,1,10,1,1,1,24,1,1,1,1,1,1,1,1,14,1,1,15,20,1,15,1,14,1,1,1,1,1,5,1,6,8,1,1,1,1,1,21,11,1,1,9,10,1,16,11,13,1,6,1,1,1,10,19,1,1,3,1,1,13,1,1,14,1,1,13,1,1,23,20,1,12,2,1,17,4,1,9,23,1,1,13,1,24,1,10,1,1,8,1,14,1,3,8,8,1,18,1,1,7,1,1,1,1,9,6,1,13,20,6,1,1,13,1,1,1,13,1,1,1,1,8,1,1,6,15,11,1,1,15,1,1,24,10,5,1,12,1,6,14,13,1,10,1,24,14,10,10,1,5,1,12,14,1,8,1,1,1,13,5,15,10,11,1,16,12,1,1,1,23,14,1,12,1,15,1,1,14,1,17,1,13,8,7,1,1,8,10,23,1,26,6,11,22,1,12,1,1,13,1,1,1,1,11,2,1,13,1,1,1,15,1,1,1,1,17,9,8,6,5,15,4,11,112,1,1,17,8,1,1,14,11,7,13,1,1,15,1,12,1,1,1,3,8,6,14,10,9,8,1,11,1,11,1,1,14,4,1,1,1,1,14,1,6,4,8,15,16,1,17,26,1,1,1,1,97,9,1,1,1,1,1,17,1,20,10,1,1,7,12,1,9,1,1,1,1,1,6,11,1,2,92,9,1,1,10,14,1,1,11,15,88,30,7,1,13,15,3,1,11,1,17,15,24,14,1,12,831,7,1,1,14,1,14,15,17,14,1,1,15,17,18,17,31,19,10,1,1,1,1,17,1,1,13,20,11,1,9,7,1,1,16,1,14,19,1,13,11,1,1,1,9,1,1,1,11,1,18,17,1,1,20,10,23,10,6,1,1,1,8,13,20,1,1,1,6,8,1,21,1,1,7,1,13,1,2,1,1,15,1,9,10,13,1,1,102,10,9,1,1,1,1,1,25,13,11,1,15,5,1,1,6,24,2,1,3,1,18,14,14,17,3,16,14,6,1,1,13,5,16,1,1,1,1,1,10,1,1,7,1,14,1,7,18,10,1,1,14,1,9,21,1,21,8,8,17,1,13,1,10,1,24,11,1,15,20,14,14,17,1,1,7,1,9,1,1,1,12,13,3,1,1,10,11,9,15,1,1,1,1,10,11,12,14,9,1,1,76,1,7,1,11,2,1,5,1,15,11,12,1,39,8,27,1,9,1,1,11,5,1,16,1,1,1,15,13,11,1,1,18,1,4840,5,1,1,1,10,1,12,1,6,1,17,1,13,1,12,12,12,1,1,1,1,1,25,1,12,32,13,1,6,1,1,1,1,1,1,12,8,1,1,1,14,11,1,1,1,22,19,8,14,1,5,1,1,8,12,13,10,16,1,9,3,1,1,7,1,10,9,2,18,1,1,1,1,1,8,1,4,14,1,17,10,12,1,17,1,11,13,1,1,4,1,3,11,1,1,13,5,1,1,1,1,5,6,21,19,14,12,2,1,69,17,7,1,6,9,14,1,16,13,20,28,1,1,1,12,9,1,14,1,4,1,1,1,9,1,1,1,9,1,1,1,3,1,1,1,1,1,1,7,1,10,1,1,16,15,6,17,1,18,1,15,10,1,1,1,15,1,20,11,18,9,1,1,85,1,11,1,2,1,1,1,12,1,4,1,1,5,1,19,3,1,1,1,12,1,15,18,2,19,1,1,1,21,20,6,6,10,3,10,8,12,15,1,1,1,1,1,1,11,1,1,8,1,9,8,1,1,1,1,18,1,8,1,1,1,13,39,1,1,1,85,18,9,8,1,1,13,1,1,1,19,97,17,10,7,49,21,1,11,22,1,1,13,16,7,1,1,12,9,1,1,1,9,1,1,17,3,8,1,12,1,1,12,1,1,16,5,11,1,1,1,1,1,1,10,1,11,1,1,13,4,3,1,1,8,14,1,3,11,18,1,1,21,1,11,1,1,1,11,1,17,11,7,6,33,13,1,6,1,20,17,7,1,11,1,2,1,1,1,1,1,16,16,1,10,9,1,16,7,14,18,6,8,13,1,7,39,6,1,8,1,1,11,29,17,1,1,9,12,14,1,9,1,1,14,2,14,8,24,9,6,1,1,1,10,1,1,1,1,1,13,1,9,1,3,7,1,1,1,1,16,6,1,1,5,8,1,14,1,24,11,1,1,10,8,1,22,12,1,1,13,1,1,1,1,18,1,1,1,4,8,1,1,12,1,1,1,1,1,9,10,1,1,1,1,1,1,11,4,13,1,1,6,1,16,1,1,19,14,10,11,1,10,1,1,11,1,13,1,24,10,1,15,11,1,1,17,1,1,1,1,1,43,1,1,1,1,18,14,10,15,1,13,1,1,23,17,1,8,1,11,1,17,1,9,1,4,1,10,16,1,1,13,12,1,13,1,9,1,10,1,1,10,22,9,10,21,1,10,1,17,1,1,12,10,9,1,1,8,6,17,26,1,1,18,1,14,15,1,10,9,11,1,11,1,15,1,1,8,8,8,12,1,1,1,7,19,15,10,37,1,14,1,1,16,1,1,9,90,1,18,10,11,1,1,1,16,1,12,5,10,2,11,21,1,1,13,5,7,1,5,1,16,1,11,1,34,15,23,15,9,1,13,16,1,17,14,1,1,11,9,9,1,1,11,8,1,15,1,1,12,1,1,1,12,10,12,1,1,10,20,1,10,15,15,14,8,8,13,12,1,13,7,7,1,16,1,1,1,1,1,11,1,1,21,1,17,1,1,1,13,1,12,1,1,1,1,14,13,1,1,1,1,1,1,1,10,15,1,11,11,1,1,1,1,1,14,10,1,16,1,2,19,1,1,1,1,1,13,2,1,19,1,14,11,15,17,13,17,13,1,1,1,1,14,1,7,19,1,8,15,1,21,19,16,2,18,7,13,8,1,13,10,1,1,1,11,12,1,14,16,1,17,16,1,1,1,11,12,1,1,1,22,10,1,13,1,4,15,13,2,23,1,1,1,1,15,22,11,1,16,1,9,1,13,1,1,10,17,1,1,1,1,1,16,11,14,1,8,1,11,9,19,12,1,1,1,1,11,15,1,16,1,14,6,1,1,1,16,1,12,26,1,17,1,10,1,1,17,2,5,5,15,13,1,14,1,1,1,11,1,8,66,10,2,1,1,1,5,11,11,1,23,6,32,7,3,6,20,1,10,2092,14,1,1,15,1,1,11,1,38,16,1,1,1,15,1,1,1,15,9,1,1,1,1,11,16,1,15,11,15,1,7,12,1,1,1,10,11,11,17,7,15,1,10,22,8,6,14,7,12,37,11,14,1,13,10,8,11,13,1,12,11,1,22,14,5,11,16,11,1,13,17,1,1,21,10,1,1,1,2,1,12,1,9,13,1,1,1,1,10,13,3,9,1,19,13,1,15,10,7,1,11,5,1,2,1,1,1,1,1,10,1,1,8,10,16,1,1,6,13,15,22,28,1,28,5,15,38,16,13,1,1,1,10,5,15,1,1,1,1,1,1,18,1,54,1,1,1,1,13,14,1,11,12,1,1,1,1,12,7,6,1,9,12,4,10,1,12,1,30,10,8,1,1,16,11,1,9,1,19,1,8,9,15,1,16,13,1,1,13,1,12,13,3,1,1,1,1,1,1,1,12,8,9,11,6,14,1,8,1,1,1,1,10,4,1,19,1,1,5,19,13,16,16,22,12,9,1,7,1,1,1,9,1,1,13,1,11,1,12,1,1,13,16,10,1,1,1,9,1,1,12,4,15,1,26,1,13,7,1,13,8,1,1,1,1,6,9,3,11,1,1,1,11,1,9,1,1,1,8,1,1,15,1,15,11,22,7,1,14,38,1,9,1,1,1,1,1,1,9,14,1,21,2,14,1,13,23,1,7,1,1,9,13,1,1,1,4,4,1,7,1,20,1,16,13,1,14,4,19,1,1,1,15,1,1,1,1,11,6,15,2,16,1,17,11,11,6,1,10,12,7,1,21,1,17,11,6,1,25,5,1,1,7,19,15,5,8,1,1,1,16,10,7,8,5,1,1,16,1,1,1,10,13,1,1,1,1,1,10,28,1,1,13,1,6,1,1,1,1,10,13,1,15,1,1,16,1,1,5,1,1,7,8,1,1,1,1,1,1,1,14,1,1,1,8,1,13,13,16,14,11,1,1,3,3,5,8,1,18,13,19,14,2,11,17,1,1,11,11,6,11,1,1,2,1,8,1,1,1,10,1,10,15,1,1,12,13,10,2,7,23,8,6,5,1,18,1,1,1,11,2,1,11,12,5,15,1,12,16,1,15,15,1,11,13,18,1,8,1,18,1,1,10,7,2,16,18,22,1,1,12,15,16,29,12,1,11,1,1,10,1,1,12,14,1,9,11,1,1,17,12,12,1,1,14,1,1,1,6,1,11,1,1,14,1,12,1,1,1,5,15,1,1,19,1,5,21,10,1,1,1,6,1,1,1,12,8,1,9,19,1,1,1,1,19,22,12,1,12,1,17,1,1,1,18,15,12,8,1,5,1,17,16,4,1,1,20,1,11,1,1,11,10,9,14,4,7,15,10,26,1,1,1,21,1,22,5,15,10,1,1,90,19,1,1,11,2,16,16,1,1,1,1,8,18,1,1,7,28,24,1,6,1,11,1,1,1,1,4,12,12,18,1,11,7,1,1,1,1,16,13,1,1,11,1,13,1,1,17,15,9,1,19,1,88,1,11,1,1,1,19,16,10,20,15,1,1,16,16,17,1,1,8,1,11,15,1,1,6,8,8,8,20,1,1,1,12,1,1,1,1,15,13,1,1,1,8,17,1,1,1,10,12,1,7,1,1,1,24,1,1,1,13,12,15,6,19,1,1,10,16,12,1,1,6,12,1,11,1,1,1,1,2,1,10,1,15,4,1,1,1,1,1,13,1,13,1,1,6,1,1,14,1,14,11,1,1,1,5,1,27,1,18,3,7,1,5,20,1,15,1,6,1,1,6,1,1,11,1,27,14,39,13,11,6,1,1,4,11,8,9,7,1,1,1,33,20,1,1,1,1,8,1,1,1,1,1,7,1,4,1,1,4,1,1,1,1,21,9,12,1,3,1,1,8,1,14,11,13,6,1,2,15,1,1,1,1,8,1,12,1,16,1,11,1,1,3,1,1,1,20,15,102,16,1,1,13,11,1,21,10,1,7,25,12,1,14,18,1,3,24,1,8,1,14,21,6,4,1,12,1,25,1,1,13,12,1,1,1,69,1,5,23,1,9,1,8,1,1,1,13,1,1,17,1,1,1,3,3,21,8,6,1,18,4,7,18,14,1,5,1,19,1,10,1,1,9,1,1,1,1,16,14,19,8,11,1,1,9,1,9,8,10,1,1,1,1,1,10,9,6,17,1,1,1,9,23,1,14,14,1,1,15,17,1,3,1,1,1,1,15,4,12,11,11,1,1,1,10,6,9,9,1,12,1,1,1,15,13,15,1,11,1,20,1,1,4,2,1,1,14,1,14,1,1,1,11,1,8,16,14,1,1,1,12,1,11,1,1,21,5,12,15,1,7,3,10,1,19,6,15,1,1,1,15,1,20,16,18,33,1,1,1,1,10,17,14,1,1,1,1,11,7,1,1,27,11,1,19,10,17,13,2,20,1,4,10,8,25,14,1,9,22,11,1,1,1,16,1,3,1,9,11,11,10,15,9,16,1,8,10,1,2,1,5,17,1,12,1,1,10,1,9,1,7,17,1,18,16,1,25,16,1,15,1,22,10,2,9,1,18,13,1,1,10,27,12,8,15,3,16,2,1,5,1,7,19,5,11,15,13,1,8,14,17,1,1,1,1,14,11,1,13,1,1,1,1,7,1,17,1,1,1,1,1,3,1,1,13,12,1,23,1,1,7,16,1,1,1,13,10,7,1,12,1,1,6,9,8,1,1,10,1,1,1,10,1,1,8,1,1,9,11,1,10,13,9,10,46,5,15,7,1,12,11,11,1,1,22,7,1,9,1,18,10,16,7,1,10,16,16,1,19,1,14,2,2,2,12,14,2,17,1,1,32,2,1,1,1,11,4,1,1,2,1,1,1,6,1,15,1,11,10,12,5,16,1,21,1,14,13,109,1,34,1,10,19,8,10,1,1,1,19,11,1,1,17,9,10,10,1,1,1,8,13,1,10,17,6,1,1,1,1,12,1,1,12,1,1,30,1,11,14,1,1,423,1,1,10,3,2,1,13,6,20,1,1,1,1,38,1,1,1,8,1,10,7,1,13,1,1,1,1,8,1,10,1,3,1,1,1,37,4,1,12,14,40,11,4,1,1,1,1,7,1,1,1,12,1,10,1,10,10,1,1,15,1,26,4,1,1,12,9,11,13,18,1,1,1,1,1,19,1,16,15,1,1,1,6,15,6,11,6,15,14,1,1,1,1,1,1,2,1,7,11,13,87,1,1,18,10,1,8,12,10,12,8,1,1,8,1,1,19,1,1,1,1,1,14,1,33,1,1,1,9,9,13,1,11,1,1,7,1,1,85,20,1,1,1,33,1,1,1,11,1,1,9,18,22,9,1,1,1,1,9,1,1,1,22,14,1,32,14,8,1,14,1,10,13,12,12,11,8,1,1,25,38,1,17,11,1,1,1,7,14,14,1,1,1,1,2,1,29,19,21,1,12,6,4,1,15,1,4,1,1,13,1,1,1,1,11,14,1,16,1,1,1,1,1,20,17,1,15,1,10,5,10,9,2,10,1,12,1,12,1,17,9,10,1,10,1,13,16,12,2,1,21,1,16,1,21,1,1,1,20,1,1,12,9,13,12,12,6,10,10,1,9,48,1,1,1,1,1,8,15,11,1,13,16,1,1,12,1,1,1,1,15,19,1,11,1,14,1,2,1,9,15,14,13,17,1,16,1,1,1,1,9,1,18,11,12,13,6,18,1,13,1,8,1,14,15,1,7,1,1,1,9,2,1,14,1,16,2,1,9,10,1,1,8,1,1,7,14,1,6,15,11,1,12,9,6,16,16,1,1,1,13,8,1,1,1,1,12,2,1,12,1,1,1,1,60,24,15,1,26,8,15,2,1,9,1,1,1,12,18,1,11,1,1,14,1,1,1,2,193,1,13,2,1,19,1,10,1,18,8,3,1,19,21,8,2,12,1,7,12,14,1,1,8,13,17,15,1,7,1,1,6,2,1,9,1,1,15,1,11,8,14,9,13,1,1,1,35,110,1,1,6,15,17,1,1,13,12,14,1,18,13,8,1,1,70,1,11,1,1,1,15,1,4,14,1,1,8,2,17,8,20,1,7,24,1,17,1,11,13,14,15,1,12,1,9,1,15,1,9,8,1,9,15,1,28,1,1,1,1,21,1,1,15,1,19,1,4,1,1,13,7,1,13,19,25,1,23,1,9,16,8,1,19,8,8,16,6,5,15,2,18,12,1,1,1,1,8,1,1,1,10,26,1,7,1,1,1,1,1,1,12,13,6,1,15,9,1,15,1,2,8,13,1,1,19,3,11,18,1,10,9,1,1,1,24,7,12,10,18,15,14,8,1,10,1,1,1,50,1,12,4,1,1,12,19,1,21,3,15,1,7,1,14,10,19,12,2,1,15,1,1,1,13,1,5,1,11,11,1,1,1,5,12,1,6,27,15,1,313,1,1,9,8,1,2,1,1,3,1,12,1,47,10,1,1,11,8,20,13,1,1,1,17,15,10,1,1,1,1,20,1,1,1,1,9,1,6,11,1,1,10,1,1,7,1,1,13,20,14,11,16,1,23,13,16,14,9,1,21,1,2,4,17,8,1,16,17,27,1,1,22,6,14,1,15,1,8,1,12,7,1,11,1,7,1,1,8,1,1,1,8,43,1,10,31,1,1,1,1,13,10,7,9,11,1,1,1,1,12,1,2,1,20,1,1,1,1,1,1,16,1,1,1,64,14,15,1,1,1,1,10,1,1,1,1,14,8,8,12,1,10,14,1,16,1,13,10,12,19,1,45,16,9,45,1,10,9,10,1,8,1,7,1,11,1,1,1,12,5,1,18,11,8,1,18,1,6,1,7,1,1,8,1,4,1,4,5,1,1,22,11,1,22,8,1,12,19,1,9,8,1,11,1,1,1,8,15,13,1,11,1,1,11,8,7,1,6,1,2,24,1,46,1,1,1,16,1,11,1,10,1,1,10,9,10,12,6,1,31,13,1,10,20,17,1,13,26,1,1,1,12,13,1,15,13,1,2,7,1,15,1,18,1,148,1,19,2,10,23,17,9,1,14,1,13,1,1,7,13,9,1,1,1,3,21,20,1,31,1,24,1,8,17,1,1,18,4,1,1,15,1,17,1,1,12,11,5,1,2,14,15,1,15,15,1,11,20,1,1,1,1,1,1,1,1,16,5,1,11,1,11,12,1,15,1,1,1,1,15,17,1,1,1,31,9,17,7,1,13,1,13,4,12,15,8,14,1,1,18,15,1,4,2,1,22,14,11,1,15,1,21,6,1,18,16,1,1,5,10,8,14,1,1,24,17,1,1,18,1,15,23,19,58,4,1,1,1,1,9,23,1,19,1,1,13,14,8,24,1,6,1,1,1,1,14,1,1,20,1,2,1,8,1,1,103,1,18,14,1,1,12,13,1,1,8,16,1,17,21,26,20,1,1,1,1,2,7,1,1,13,18,1,1,1,8,1,12,1,1,12,1,1,1,1,1,20,11,11,1,5,1,7,1,1,11,10,9,1,20,3,1,1,6,12,14,1,14,8,9,1,13,1,1,8,19,6,8,12,1,8,1,14,1,1,8,17,13,15,18,9,9,1,792,26,14,1,1,1,1,1,6,1,8,12,12,1,17,18,1,7,1,1,19,8,7,1,1,18,1,18,1,9,16,28,21,10,1,1,20,1,1,1,1,9,13,1,9,1,7,8,1,17,21,3,18,14,10,9,1,1,9,11,9,1,15,14,1,15,1,6,6,10,18,9,1,1,17,1,12,1,1,11,16,1,1,8,7,1,1,15,9,14,15,13,1,1,24,16,1,1,1,1,1,1,1,1,14,7,14,11,12,18,20,1,1,10,1,2,11,8,1,1,19,1,20,1,1,13,28,11,8,33,17,1,2,10,1,1,1,1,8,11,1,6,2,8,1,10,1,1,1,1,16,1,14,3,7,1,1,1,1,16,1,7,1,13,17,15,19,18,1,1,14,8,1,14,1,1,1,16,5,8,19,7,1,24,1,1,1,1,1,1,1,15,15,1,7,1,15,12,1,1,1,1,13,1,14,12,9,1,1,5,3,8,11,5,6,20,1,10,1,12,1,1,1,1,6,1,1,1,1,15,1,13,1,18,1,7,1,15,29,16,23,4,1,13,1,16,1,5,14,14,1,1,14,1,16,1,2,6,1,1,1,1,12,1,1,12,13,1,1,12,17,1,1,34,14,12,1,7,1,10,1,1,10,1,1,1,13,7,14,11,1,16,1,1,17,2,6,17,3,10,1,1,17,1,19,1,12,1,14,1,1,1,7,10,8,23,2,1,1,1,1,15,1,1,12,1,1,24,1,11,1,39,22,12,1,1,9,1,1,22,1,1,1,1,22,1,5,11,14,1,1,11,32,14,1,19,18,1,26,1,1,1,1,7,1,11,14,1,13,2,10,1,12,17,13,20,17,1,1,1,1,16,7,15,12,1,10,1,1,13,1,1,1,17,1,1,9,16,1,5,17,1,5,3,9,21,1,1,1,1,1,9,1,19,1,9,7,1,1,1,10,1,10,1,16,13,1,2,1,9,1,1,1,14,20,1,1,6,20,1,1,1,32,14,10,1,21,1,11,4,14,1,1,1,1,1,1,1,11,15,1,1,1,17,1,8,11,1,1,1,1242,9,1,16,82,1,17,1,1,1,1,1,6,1,1,1,19,11,1,1,1,10,1,19,12,1,1,14,1,9,11,10,9,18,3,1,17,14,1,1,12,6,2,1,21,19,9,14,8,9,1,9,1,1,11,1,17,1,10,1,14,1,1,68,16,12,1,1,16,1,1,1,15,7,11,1,13,15,21,1,9,12,6,1,1,1,1,11,23,13,1,2,21,13,8,1,7,1,1,39,18,17,15,11,1,49,13,12,1,3,12,16,13,1,14,13,1,1,1,1,1,13,1,1,1,10,1,1,10,17,1,1,13,20,11,6,5,14,1,12,1,10,79,3,12,8,1,15,1,10,1,14,1,16,11,2,13,1,8,1,21,23,11,1,1,1,1,56,1,4,1,3,1,1,11,1,1,1,22,1,13,1,9,12,1,1,10,1,23,11,1,20,12,1,11,1,11,2,1,11,1,1,14,16,1,1,15,15,1,1,6,1,14,11,9,11,8,15,1,1,1,1,5,11,5,5,14,16,11,9,1,1,1,13,1,16,8,1,6,10,1,18,10,9,29,3,15,25,1,1,1,9,10,10,1,7,1,6,18,6,11,12,21,13,1,1,18,16,1,7,11,1,1,1,1,4,7,21,6,1,1,1,20,21,10,9,41,12,1,17,1,14,17,13,22,1,7,13,18,16,10,8,12,13,1,1,10,1,1,16,1,18,8,3,1,1,1,1,18,1,16,7,9,8,26,1,4,2,1,1,1,13,1,1,13,1,6,9,1,9,1,10,1,5,10,9,2,12,1,19,1,1,17,4,14,1,19,23,1,1,1,1,12,1,17,1,1,1,14,1,19,2,6,1,20,1,10,1,1,12,14,1,15,1,11,1,1,1,1,9,8,7,27,23,30,15,1,10,14,12,14,2,14,1,1,11,17,1,10,13,1,1,18,2,9,9,13,1,1,10,11,7,17,18,1,19,12,1,1,15,7,2,1,1,1,12,1,7,1,14,1,12,1,10,6,1,122,9,1,10,1,1,1,17,1,1,9,19,9,1,16,21,1,1,1,16,1,13,17,23,1,1,18,22,1,12,1,9,2,1,1,1,7,8,1,1,10,19,11,16,15,1,13,1,1,7,16,12,8,6,5,1,13,13,1,12,1,12,1,12,1,1,8,8,11,1,21,1,17,14,1,16,1,8,21,1,10,1,2,6,1,9,1,1,15,13,13,1,1,9,15,1,13,1,14,10,9,15,10,1,154,16,4,8,21,3,1,16,1,14,17,9,17,1,15,8,1,1,1,14,1,1,5,27,2,1,1,1,21,1,14,1,1,10,1,8,1,1,10,1,1,11,1,1,10,9,1,1,14,1,10,18,14,19,1,1,19,1,11,1,8,15,8,1,1,14,1,9,16,24,1,16,16,1,15,14,15,16,13,50,14,21,1,4,1,11,1,1,14,1,17,8,8,5,23,19,1,12,1,10,2,12,7,14,1,1,14,1,1,11,1,1,1,1,1,8,10,11,12,9,13,1,6,12,1,16,1,5,1,18,1,11,1,31,1,1,5,8,12,1,15,12,5,15,9,13,12,1,1,7,10,4,1,15,15,14,7,5,1,21,24,16,1,1,1,11,1,1,1,1,20,1,1,3,1,1,5,17,1,1,10,13,1,1,21,19,14,14,1,10,17,14,13,1,1,1,20,1,1,1,22,1,47,1,1,1,13,5,14,1,15,1,10,1,17,5,2,8,1,1,1,17,16,16,11,13,1,21,13,3,1,1,12,14,1,1,12,1,23,8,1,1,11,1,1,1,12,1,9,20,17,1,14,15,8,1,16,5,1,12,1,1,9,13,1,1,1,14,16,1,8,1,1,10,2,11,1,19,16,1,4,7,16,19,1,12,13,13,1,7,1,16,9,1,15,17,13,1,1,5,1,1,7,1,1,1,1,17,18,1,12,1,12,10,1,12,1,1,1,1,1,16,1,12,8,4,14,1,10,24,1,1,10,9,1,1,1,1,17,2,2,258,11,1,13,16,1,10,1,1,1,1,12,9,14,9,1,7,18,14,6,1,17,12,1,3,12,13,12,1,13,6,126,1,1,1,2,1,1,11,15,12,1,11,1,1,1,2,1,11,26,9,20,2,16,12,9,19,13,1,13,1,11,11,14,1,19,13,16,13,13,10,1,2,5,1,6,1,1,8,11,1,13,1,1,15,1,1,14,1,1,16,17,15,1,1,1,13,10,6,14,1,1,10,8,13,14,9,8,1,6,1,2,1,13,1,1,14,13,17,13,2,1,1,21,12,1,14,15,1,7,4,1,5,16,12,1,5,18,2,1,18,1,1,14,12,13,1,1,1,12,1,15,1,1,18,25,1,11,1,1,1,12,1,16,1,1,12,1,1,1,15,2,12,15,18,1,17,1,10,1,11,1,19,1,1,17,1,18,1,10,1,1,1,1,11,9,13,1,15,14,1,1,1,1,1,18,8,1,1,11,2,1,1,1,10,17,4,11,1,1,1,1,1,1,1,1,28,1,3,21,1,7,1,1,10,16,25,1,10,10,18,7,1,12,1,1,1,8,1,15,12,1,13,23,14,1,11,11,14,19,16,8,1,16,9,8,1,17,1,7,1,6,7,2,22,1,1,17,11,6,21,1,4,1,17,9,1,67,10,1,8,10,11,17,1,12,1,1,1,17,1,1,12,10,1,7,20,123,1,1,16,1,1,1,9,1,1,6,17,10,11,4,1,9,1,5,8,1,1,1,1,1,8,13,1,20,14,6,1,1,1,1,1,1,1,12,15,2,1,1,1,6,1,13,1,3,3,17,3,1,13,1,1,11,1,1,1,2,19,1,4,6,1,1,1,11,1,12,1,1,12,1,16,6,11,9,1,1,14,1,1,11,6,10,1,9,13,11,1,1,1,8,13,1,1,30,8,9,1,1,13,18,7,8,1,16,1,1,10,77,17,1,10,1,29,1,36,1,1,1,1,1,1,69,7,5,9,28,1,7,9,1,1,10,9,12,14,11,11,1,14,1,1,9,15,10,1,17,83,1,1,2,2,7,1,8,1,21,6,14,1,8,13,1,15,15,9,1,10,1,1,1,1,24,1,1,1,1,14,16,1,18,3,1,32,4,7,1,1,1,1,5,11,1,1,8,10,12,1,15,1,6,4,14,1,1,1,10,2,1,1,1,1,1,1,2,16,9,5,1,1,21,15,1,1,1,1,8,15,1,1,1,1,15,1,9,14,14,9,4,1,6,1,19,11,9,1,12,1,2,1,1,1,1,1,22,1,13,14,1,1,4,17,1,1,38,12,16,12,13,18,13,1,1,8,15,12,1,11,31,2,1,9,1,17,1,1,1,1,1,14,6,1,10,1,1,1,15,18,14,1,14,12,10,1,1,1,1,1,1,16,1,7,13,1,17,8,9,9,8,1,1,8,10,11,13,11,17,1,17,1,1,1,18,18,16,1,2,1,21,15,1,1,1,1,1,14,17,15,23,10,1,1,1,5,15,1,8,1,1,1,1,13,1,1,1,1,12,11,1,10,108,9,1,15,7,1,8,18,16,1,1,1,18,1,1,1,1,8,67,1,9,1,11,16,8,1,9,5,1,1,1,11,7,1,9,1,6,13,1,1,1,18,1,16,1,12,11,1,1,6,8,5,10,1,1,13,1,21,15,1,12,16,5,13,23,13,11,18,6,1,1,1,11,1,1,1,15,1,10,13,18,11,1,1,1,12,7,1,1,10,1,1,1,11,1,14,1,17,13,10,1,13,1,2,1,13,1,11,1,1,21,21,2,17,13,13,20,1,11,13,14,11,1,12,1,3,12,7,1,1,1,12,1,1,12,1,1,11,1,10,1,1,1,18,1,17,12,8,1,1,9,14,1,1,1,7,1,11,1,1,24,1,1,16,1,2,1,11,1,9,20,19,26,12,1,1,1,1,10,17,21,12,11,1,6,3,13,11,9,1,1,1,14,1,1,1,12,1,1,10,1,1,1,30,7,1,17,76,1,11,1,12,17,16,1,4,13,1,1,29,1,6,1,19,13,7,8,15,1,9,15,1,6,1,15,1,17,1,12,2,11,1,1,1,12,20,1,15,6,1,3,7,2,1,1,11,13,11,11,32,10,1,13,3,12,1,1,22,10,12,13,14,12,1,62,11,1,13,2,1,1,1,15,1,1,1,1,5,1,1,22,1,9,1,1,1,1,1,1,1,1,20,1,1,10,16,8,1,22,1,10,1,7,1,1,13,16,1,1,1,10,1,1,1,1,1,12,1,1,13,1,1,16,9,18,14,16,1,10,16,1,1,1,9,1,31,9,1,4,1,8,1,1,18,1,2,1,1,1,1,15,1,1,13,14,10,6,1,13,9,6,1,2,1,1,1,1,1,22,1,17,12,14,1,14,1,1,37,1,14,9,8,1,18,16,1,15,10,14,10,1,1,1,19,9,18,14,1,3,9,1,13,17,15,15,1,12,1,12,7,14,1,1,14,7,11,1,1,43,1,17,1,12,10,1,1,1,12,1,1,1,12,1,11,1,7,1,11,1,16,1,1,1,1,25,1,1,9,18,1,1,1,19,1,1,17,16,4,7,1,12,1,13,9,1,1,1,1,1,1,1,1,14,1,12,16,1,8,1,9,10,2,1,10,1,7,1,12,1,15,9,1,1,1,16,1,1,1,11,12,1,10,1,8,27,4,9,1,1,12,1,1,7,16,1,20,9,1,1,14,14,2,1,25,1,1,16,13,1,14,1,1,12,19,1,1,1,7,1,18,1,11,20,1,19,1,1,1,23,12,1,13,1,11,1,13,6,1,1,1,7,1,18,23,17,1,1,2,1,11,1,8,2,1,8,12,1,19,16,12,8,1,1,1,11,13,1,1,1,1,8,11,22,1,1,6,11,16,12,11,6,18,1,1,11,9,14,12,1,15,1,44,12,1,10,11,6,14,7,24,1,1,13,4,1,1,1,9,18,12,1,14,1,13,1,1,1,1,10,20,1,8,1,1,6,6,11,1,12,16,1,1,1,14,41,1,1,1,1,1,22,1,1,1,5,1,2,22,6,13,1,39,1,12,29,18,12,13,8,12,1,14,1,2,1,8,7,15,33,10,1,1,15,65,19,12,5,18,1,1,5,9,1,1,1,16,56,1,13,5,1,1,11,1,11,10,30,20,1,1,20,13,1,1,17,1,10,9,12,11,1,11,1,14,1,16,15,1,16,1,1,10,11,13,1,1,1,1,11,16,13,1,1,14,9,21,17,17,1,18,1,1,10,1,1,1,1,1,2,1,1,1,12,14,1,1,9,20,1,11,1,1,9,20,15,15,1,1,1,1,16,1,11,15,15,1,1,1,14,15,5,1,1,1,14,9,1,22,1,11,10,11,16,12,1,8,12,1,10,1,5,1,14,1,12,2,1,1,1,7,1,1,12,16,1,1,1,1,1,6,1,8,12,15,5,13,7,8,1,1,7,1,1,8,1,1,12,17,11,16,1,1,1,1,1,5,1,9,6,2,2,23,14,2,2,49,1,1,12,1,10,24,1,7,1,18,1,15,15,1,8,1,13,11,9,13,1,1,11,1,20,1,12,16,1,1,1,1,1,7,10,10,1,1,13,1,1,1,1,11,1,1,11,1,1,1,7,6,10,20,1,10,1,2,1,1,12,1,3,1,19,12,9,18,1,18,11,2,1,17,18,1,1,7,23,10,9,16,15,20,26,1,1,1,1,1,11,18,14,1,2,1,15,13,4,16,11,16,8,13,1,1,1,1,1,1,18,11,1,15,1,1,17,1,1,1,1,1,1,1,1,1,1,19,22,10,13,11,12,16,7,1,9,11,1,8,1,18,17,13,19,17,1,2,9,1,1,1,5,7,1,15,14,33,12,11,12,27,39,4,1,1,11,1,1,7,1,31,1,13,10,31,8,1,1,11,1,61,1,1,1,1,1,8,1,1,1,18,1,1,2,20,15,1,1,17,1,1,1,9,19,28,1,1,18,12,8,9,15,1,14,1,13,5,8,1,1,4,14,1,14,10,16,16,1,1,1,1,1,1,1,5,1,1,1,1,1,6,61,12,14,1,4,1,1,1,9,7,1,1,13,15,9,1,18,1,1,1,15,1,10,16,13,25,7,1,1,1,1,9,11,1,6,1,21,11,1,18,11,7,8,15,11,1,1,17,1,1,1,1,8,16,1,1,9,1,1,1,16,1,2,1,1,11,1,13,26,17,1,11,1,1,8,1,13,1,1,8,1,1,9,1,1,13,1,18,1,1,1,1,1,5,12,14,1,1,17,1,12,1,15,1,1,314,2,12,17,17,7,10,17,2,17,1,1,1,13,12,1,13,14,1,1,11,9,16,11,16,1,10,8,1,1,1,1,1,1,1,22,1,11,1,16,6,12,1,11,11,1,22,1,7,12,85,1,1,14,1,10,1,5,16,15,1,1,21,23,4,1,6,1,1,18,1,11,5,10,1,31,16,13,18,1,9,21,1,7,1,13,13,33,1,1,1,1,13,1,9,8,1,1,10,13,1,13,29,11,14,15,1,1,13,1,1,1,1,7,22,14,1,1,1,11,11,19,17,11,1,7,18,4,24,1,1,1,15,1,13,1,1,6,5,13,3,1,1,14,11,2,1,13,1,1,1,9,14,1,15,18,1,14,10,1,15,7,1,1,12,14,1,17,1,1,9,1,1,1,1,8,1,11,14,30,1,17,1,8,108,16,13,1,11,13,1,12,16,1,8,1,12,6,14,1,13,3,1,1,6,14,1,1,17,1,1,1,1,1,22,1,26,1,1,1,16,21,99,1,14,1,14,1,11,1,1,1,11,1,1,68,18,1,12,1,1,2,6,14,13,6,11,18,6,8,1,23,10,1,1,1,18,17,1,1,1,11,1,18,1,1,1,1,1,1,1,1,1,18,11,1,1,3,24,33,15,1,6,8,1,1,1,1,1,14,7,1,8,1,11,7,17,7,13,1,13,5,1,2,1,9,1,1,1,17,64,1,8,12,1,16,1,2,17,1,19,14,15,13,28,1,1,1,13,23,1,15,1,11,187,1,14,1,5,1,10,10,1,1,2,11,3,1,1,1,20,6,2,15,1,11,7,1,19,14,10,1,1,1,13,1,9,16,13,1,5,1,13,11,13,10,4,1,1,1,7,11,1,1,17,1,1,1,12,1,18,1,1,1,3,10,11,1,1,88,17,1,1,1,1,17,1,1,1,13,1,2,6,23,5,8,1,18,1,1,14,22,8,19,1,8,11,1,11,1,16,21,1,13,2,15,9,12,2,15,1,1,1,11,1,1,1,1,9,18,1,10,1,1,1,11,12,1,8,9,1,1,1,6,14,5,1,16,1,1,3,19,11,1,17,17,1,1,1,12,1,2,23,20,16,10,3,43,1,17,1,1,1,20,19,8,6,1,1,1,1,5,24,1,1,13,1,1,10,1,1,1,1,17,7,8,16,14,2,1,12,1,14,14,1,9,4,1,13,1,1,12,1,1,1,1,10,1,25,1,13,1,16,1,13,15,1,15,13,1,17,1,1,12,10,1,1,1,1,4,1,10,17,1,1,6,12,22,9,20,14,13,1,1,8,14,1,1,10,10,11,1,1,9,9,1,16,1,1,9,12,45,14,1,1,1,1,1,11,1,1,1,8,4,1,1,1,1,13,8,1,8,15,1,1,17,8,19,1,9,1,1,10,1,18,1,15,20,1,1,1,8,1,1,119,1,1,11,1,1,8,1,18,1,1,1,14,5,12,13,1,12,1,1,1,1,20,1,14,1,1,20,8,1,27,1,1,5,1,19,1,1,15,19,13,978,1,31,11,13,1,11,22,5,1,1,12,18,1,12,17,1,10,1,1,1,1,1,16,1,7,11,1,1,1,1,1,1,1,1,9,7,10,1,13,7,16,10,6,20,1,1,12,4,10,12,8,120,12,1,1,1,1,14,16,11,7,1,1,1,12,1,13,7,14,2,3,1,1,1,2,6,11,18,1,1,1,1,15,1,14,16,644,1,1,1,10,13,14,17,13,1,4,10,10,11,19,13,1,1,1,1,13,12,1,1,1,22,7,1,1,1,18,12,1,4,66,18,1,1,1,1,27,20,1,13,1,18,11,1,1,17,16,4,9,11,1,1,12,1,1,13,7,1,1,16,10,15,1,6,1,7,10,20,78,1,1,1,13,1,14,11,1,1,1,11,1,67,1,1,7,1,1,19,1,1,1,1,1,1,1,9,16,1,43,1,25,1,1,1,9,1,1,1,1,1,9,13,2,4,1,1,4,1,1,1,2,14,1,5,1,1,1,11,19,1,1,11,21,1,1,1,23,1,16,1,1,1,9,1,10,11,1,2,1,1,1,8,1,1,1,17,1,1,1,4,7,17,1,1,10,15,1,1,1,1,14,7,18,1,14,16,14,16,1,26,9,17,1,22,10,21,1,1,13,1,1,8,13,22,1,1,1,15,14,1,1,1,1,9,1,12,11,16,1,10,7,1,1,2,16,1,1,8,1,1,1,1,1,17,13,12,1,17,15,10,1,1,1,8,1,9,3,15,14,1,1,15,4,1,8,13,14,14,1,14,1,1,8,18,1,1,1,11,6,1,1,17,1,1,18,5,14,1,12,3,8,16,12,1,1,1,1,1,12,1,1,1,1,10,1,1,1,11,1,1251,1,1,17,17,2,10,11,11,1,27,8,1,16,16,14,1,14,1,14,10,6,11,1,1,46,18,1,1,15,15,1,1,5,3,10,14,1,1,1,13,13,1,1,10,18,1,12,17,18,1,23,17,7,1,15,7,11,20,2,9,12,83,11,2,10,1,1,9,18,1,1,18,9,1,1,1,1,2,11,18,15,1,1,1,37,8,4,25,1,1,17,9,11,10,1,16,10,1,21,1,1,13,1,1,1,1,22,15,1,1,1,1,13,7,1,1,13,10,25,1,1,6,1,1,16,14,19,1,1,1,10,20,13,1,16,11,14,11,1,12,1,1,1,23,1,10,9,1,17,1,1,1,1,19,1,1,11,9,5,1,1,4,12,20,8,6,1,1,1,1,15,1,1,1,1,11,5,1,4,1,14,1,13,12,13,22,8,19,11,1,1,1,1,1,1,21,1,1,19,1,1,14,7,22,1,13,1,16,1,16,1,1,1,1,19,1,8,1,1,1,1,7,11,13,1,1,9,1,12,1,1,1,5,1,11,16,13,22,1,8,22,25,1,1,1,3,14,17,1,1,1,1,5,12,1,1,10,1,13,16,1,10,1,1,1,1,4,1,1,1,1,5,1,8,7,1,1,11,9,1,7,1,1,9,1,10,16,1,1,1,1,1,14,18,21,1,12,1,1,14,1,1,12,1,1,22,79,8,12,10,1,2,7,12,1,1,1,33,11,61,8,1,1,13,13,1,1,11,1,11,18,12,12,1,6,1,10,1,25,1,1,7,7,17,11,4,5,1,13,9,13,21,3,1,7,13,1,1,1,1,1,1,1,19,8,1,1,1,10,1,23,1,1,1,8,1,13,1,12,1,1,15,8,1,10,69,16,9,1,14,18,1,1,1,16,17,1,1,19,11,1,13,1,8,1,17,9,11,1,1,1,7,1,1,14,1,1,12,1,1,1,1,1,1,1,10,1,11,7,1,1,8,19,1,19,1,1,1,1,1,16,21,1,1,18,14,1,1,13,1,1,15,1,1,8,31,1,4,1,1,13,14,9,21,11,75,1,16,15,1,1,1,1,14,1,18,1,16,1,2,13,13,47,1,1,12,6,1,1,1,1,26,10,23,12,1,13,15,1,1,9,1,1,5,18,15,8,8,6,2,1,9,1,9,15,18,14,15,24,13,52,1,5,11,2,20,9,8,1,1,1,1,10,1,1,1,1,12,20,2,10,1,16,7,15,1,5,22,1,16,1,12,14,10,1,5,81,1,13,1,10,19,8,1,9,1,7,21,1,8,1,8,15,1,11,1,15,12,1,1,13,1,1,17,6,1,1,1,11,1,1,9,2,15,1,9,17,1,12,96,1,10,15,12,7,9,7,1,13,1,11,1,10,16,1,16,17,6,1,1,1,17,1,15,1,19,1,1,2,1,1,1,7,1,1,24,1,1,1,1,1,1,25,18,16,17,1,15,15,12,1,1,17,15,1,1,13,12,15,1,26,1,5,1,9,8,1,15,1,5,25,1,12,1,12,16,1,1,1,1,12,1,12,15,12,1,12,1,1,1,1,23,26,1,14,11,4,13,1,6,9,13,1,1,1,1,1,26,4,12,1,1,9,7,15,1,5,8,1,19,14,16,18,1,2,26,10,16,16,13,20,1,1,17,23,1,19,19,1,16,12,24,1,8,1,1,11,27,1,1,1,9,1,7,7,17,15,1,1,20,1,1,17,1,11,1,17,7,13,10,1,10,13,13,1,1,16,11,1,16,11,24,1,2,116,1,1,2,1,13,14,12,7,1,1,1,12,15,1,1,1,1,5,1,1,14,13,1,1,1,17,1,13,11,3,3,1,11,18,20,10,17,1,18,1,16,1,2,1,1,6,1,16,1,12,17,1,12,19,1,1,1,11,1,1,1,12,22,9,1,6,1,1,12,1,1,1,1,9,20,12,17,14,1,90,14,1,1180,13,21,12,7,1,2,15,1,13,1,67,1,1,1,1,1,1,8,10,11,16,1,167,2,9,20,1,12,14,1,1,6,12,4,1,10,16,1,11,8,7,11,10,15,1,13,1,1,11,9,14,10,15,1,1,2,15,1,4,1,16,1,1,1,19,1,1,1,10,12,13,15,1,13,1,7,26,9,1,15,12,1,1,1,1,1,1,11,1,1,1,15,1,10,15,16,15,13,1,11,11,12,18,1,6,1,8,20,1,7,12,15,12,18,1,1,10,1,1,1,1,2,1,15,8,11,51,2,1,7,1,1,7,1,1,5,1,7,12,21,15,11,1,19,7,1,11,7,1,20,18,8,75,9,14,7,1,1,1,13,1,1,1,2,1,1,1,7,1,8,1,1,9,8,16,16,5,14,9,4,1,1,1,11,2,1,1,1,1,9,10,7,1,6,1,20,12,23,13,2,9,16,6,9,5,6,1,1,1,13,11,1,1,11,20,7,1,1,4,1,15,1,1,1,23,1,7,1,1,1,15,1,1,10,1,1,9,6,1,9,1,11,10,1,11,1,1,8,3,18,15,1,1,1,1,1,1,9,7,12,1,50,11,1,1,15,8,1,1,15,577,1,21,1,16,9,1,1,27,20,1,1,4,19,1,14,1,8,1,4,1,1,1,17,14,8,9,1,11,14,6,1,5,30,1,11,7,17,1,1,13,21,1,1,8,15,1,1,1,16,14,1,8,1,1,1,1,10,11,14,11,1,13,1,1,1,9,16,8,1,1,1,14,15,1,1,2,1,11,1,1,1,14,10,7,1,1,9,1,17,17,18,20,7,1,13,16,15,8,12,7,1,1,1,1,1,1,10,51,1,7,1,1,1,1,1,1,19,3,25,1,1,11,1,1,1,9,1,1,7,62,1,13,10,17,1,1,14,9,1,12,1,14,1,13,1,11,19,18,1,1,14,22,21,1,21,1,33,1,1,9,1,1,1,1,23,1,1,1,1,1,1,1,1,6,14,1,19,1,19,13,1,7,3,1,1,1,13,15,17,1,1,7,1,10,17,1,12,8,1,16,8,12,10,14,1,3,1,1,1,11,17,33,1,1,9,13,20,10,1,22,20,1,8,13,13,19,10,1,1,1,15,9,13,16,8,2,1,1,14,7,25,12,13,1,1,15,1,1,118,13,1,10,1,27,11,10,1,1,1,12,7,13,30,14,1,1,1,1,10,17,10,1,1,15,1,2,22,1,7,174,9,1,12,1,11,10,16,1,18,1,19,1,1,7,12,10,10,1,1,16,8,1,1,1,1,1,9,11,1,1,1,1,16,23,1,11,9,1,338,15,1,10,1,25,6,1,1,20,10,12,1,29,1,1,14,10,1,4,1,1,10,13,1,11,42,1,21,3,9,1,1,1,1,18,1,1,11,31,1,21,1,1,1,1,8,13,1,18,11,1,14,1,15,1,1,10,2,23,1,1,25,1,14,6,1,1,17,13,1,8,25,11,1,11,24,1,77,13,1,1,16,23,13,1,1,29,11,11,7,1,10,1,1,26,15,14,9,1,11,9,1,8,1,5,1,10,17,1,13,1,12,13,513,12,1,1,1,1,1,16,6,14,10,1,13,1,13,8,17,11,1,5,13,16,14,16,2,1,14,1,1,1,22,1,11,2,1,5,6,1,20,7,14,1,1,1,9,12,1,1,19,1,1,12,10,1,15,1,5,1,2,6,3,6,9,1,14,21,9,1,11,1,9,1,1,23,11,1,13,10,1,10,15,1,18,1,1,1,11,10,16,7,21,1,13,10,1,5,4,5,15,14,1,10,23,16,1,11,1,1,10,1,1,1,1,1,9,18,1,1,3,18,1,11,1,6,8,1,15,11,21,1,1,1,1,1,21,1,13,10,2,2,14,1,1,1,7,1,17,15,20,15,12,14,1,14,13,1,1,15,9,8,1,1,20,1,1,11,12,15,1,16,15,14,1,1,13,9,15,1,1,1,1,15,1,19,1,9,10,1,1,21,8,1,10,2,15,1,15,1,1,1,1,17,12,15,13,1,1,1,21,1,5,3,9,1,13,1,1,1,1,8,6,1,4,3,10,10,18,114,17,1,1,2,5,1,1,11,1,13,12,1,15,16,9,1,15,16,10,11,1,1,1,1,10,1,34,17,13,1,1,1,5,1,2,1,13,1,1,1,14,13,1,17,1,19,1,1,1,12,1,1,1,1,1,15,1,1,17,3,3,18,12,24,3,1,1,1,1,11,1,1,4,13,14,1,1,11,11,1,1,11,11,1,1,1,16,21,1,8,9,1,1,5,9,18,61,1,7,1,8,42,7,3,1,2,15,1,1,1,1,1,1,12,1,1,7,6,1,1,1,1,1,1,21,23,12,15,20,13,1,13,14,1,1,13,12,18,6,13,11,1,1,1,14,9,22,4,1,17,1,1,11,1,21,12,1,16,14,13,1,1,8,8,1,1,1,1,1,1,10,1,14,1,10,16,8,1,17,1,1,7,1,15,22,7,1,17,1,10,1,18,7,1,1,1,1,1,1,13,1,11,1,18,13,1,14,6,10,14,2,7,1,4,12,1,11,9,1,1,11,7,18,1,74,1,17,1,19,22,1,93,7,20,1,1,14,1,1,17,10,17,1,16,21,3,5,1,11,1,16,1,14,8,10,11,1,1,1,14,17,1,17,1,1,15,18,1,1,1,13,1,9,1,10,16,1,10,6,11,13,12,1,15,2,12,3,1,8,9,9,1,1,27,2,15,6,17,14,3,12,15,1,10,7,15,1,12,14,14,1,1,1,3,1,1,1,1,16,7,1,1,13,26,1,1,7,1,15,5,12,1,23,11,1,1,1,1,33,12,22,14,13,9,1,1,1,1,1,14,4,1,1,1,8,1,13,1,12,11,1,1,9,90,1,1,1,1,2,1,4,13,12,18,10,7,16,14,1,1,1,1,10,1,1,1,1,8,9,16,29,1,1,14,13,12,1,10,12,8,15,14,13,21,12,1,1,10,1,19,13,15,14,1,21,24,8,1,1,5,18,1,1,19,12,1,23,10,1,10,5,1,1,20,16,1,14,16,1,2,30,1,15,17,1,1,1,1,1,1,1,1,232,12,1,1,1,7,1,1,11,1,1,1,1,1,1,1,1,1,10,4,13,9,13,1,12,1,1,1,1,1,11,15,1,9,1,14,10,10,6,1,1,1,1,23,12,11,1,1,14,25,1,25,15,1,1,1,9,1,1,1,12,10,9,1,1,11,10,1,10,11,1,20,25,57,1,11,19,1,1,1,1,1,22,1,1,1,1,12,1,1,1,9,18,1,1,16,1,3,7,1,1,12,17,9,1,7,9,1,1,1,1,12,1,12,10,1,1,1,1,16,1,1,12,15,52,17,11,1,6,1,4,11,17,1,1,1,1,14,12,25,17,12,7,19,14,1,1,1,1,1,1,18,1,1,1,1,9,1,14,6,1,1,3,1,20,1,1,8,1,1,2,34,16,12,14,56,6,1,20,20,18,9,1,1,12,1,1,7,19,18,1,1,31,24,11,6,1,1,15,1,8,25,11,1,1,1,11,1,18,605,3,1,1,1,18,8,18,13,1,1,1,1,20,1,1,14,9,8,12,1,13,1,1,1,25,1,1,11,10,1,18,16,1,1,11,1,10,10,10,16,1,1,11,11,95,1,1,1,22,1,2,12,13,1,11,8,1,1,6,6,16,1,1,17,1,1,1,16,1,1,11,1,12,1,1,12,8,1,15,1,1,10,1,1,1,16,1,1,1,1,10,12,1,1,1,29,6,1,1,19,1,1,1,12,1,1,14,1,15,13,9,4,1,16,11,1,11,1,1,13,16,1,15,1,1,1,1,1,18,14,2,15,1,13,2,10,1,1,15,1,1,1,5,15,18,1,1,11,1,13,10,1,1,1,1,1,1,22,5,1,12,1,1,3,11,1,1,1,1,1,1,16,1,10,6,1,1,9,2,12,16,2668,15,7,1,17,9,1,1,1,1,14,1,2,1,18,1,18,9,17,1,10,1,11,1,1,35,1,1,23,1,16,5,30,12,10,39,19,11,1,20,9,8,8,1,19,1,17,14,8,1,3,20,8,5,1,1,17,17,8,92,1,12,16,1,1,10,8,1,1,1,1,1,44,1,1,4,1,14,1,1,7,16,18,3,5,17,18,6,1,1,1,17,1,1,19,15,5,1,1,15,8,1,8,8,21,15,5,1,12,1,1,7,5,1,12,22,26,1,9,1,1,1,8,1,1,13,1,1,15,1,18,1,1,1,1,1,7,9,1,1,10,1,10,7,1,12,9,1,1,1,10,14,7,58,1,7,7,1,1,16,9,3,1,1,1,1,14,1,2,1,5,21,75,1,11,1,1,12,9,1,1,1,16,9,1,18,14,1,1,1,1,12,19,1,4,115,1,9,2,5,1,1,16,14,11,12,1,11,18,15,10,1,1,36,18,23,1,1,9,1,16,23,1,11,8,10,1,10,7,1,1,8,15,1,1,5,13,1,1,1,5,1,1,1,10,16,1,1,1,1,1,1,9,1,10,19,18,1,11,4,1,3,9,7,15,11,187,1,1,22,1,9,20,1,1,59,12,15,1,1,18,1,1,6,9,5,17,1,25,1,20,6,1,19,15,11,1,6,13,1,7,2,10,14,4,1,1,1,1,1,63,1,9,10,11,1,1,1,15,29,1,6,1,1,1,1,22,20,1,12,1,20,1,1,12,1,12,14,7,1,1,12,8,84,8,13,1,16,20,10,1,1,13,17,5,5,21,1,28,1,1,1,11,1,10,8,17,13,1,18,10,18,10,1,25,4,11,1,1,1,9,11,10,1,1,14,1,1,6,1,1,1,1,12,1,15,1,1,11,10,14,7,1,1,18,10,7,14,1,1,3,13,3,1,13,12,9,1,13,1,1,1,1,21,10,16,1,21,1,13,14,1,10,1,1,1,1,23,14,13,10,25,1,7,1,1,1,12,1,12,14,19,9,17,1,7,10,1,11,1,80,1,1,14,15,18,1,7,14,9,1,1,1,12,13,15,1,1,1,16,50,1,1,11,11,1,20,9,24,12,10,1,27,24,13,11,3,1,1,8,1,1,11,11,20,395,14,1,1,9,14,21,1,12,10,1,17,12,1,1,1,1,1,1,1,13,22,1,8,23,1,1,15,11,1,1,11,1,1,15,1,14,1,17,16,1,1,17,1,14,12,1,11,17,20,1,1,1,12,1,1,9,24,13,17,1,1,1,14,17,1,1,7,10,12,1,1,11,7,8,20,1,5,18,1,1,1,1,1,12,1,19,9,1,1,13,25,3,16,13,1,7,1,1,18,1,6,1,14,1,13,1,1,1,1,21,9,20,16,1,8,1,1,10,1,18,2,8,1,1,1,9,1,1,21,13,11,1,1,25,1,1,16,1,16,20,34,7,17,11,11,1,1,16,18,1,11,18,11,1,9,16,11,13,1,11,29,1,17,10,1,1,1,20,1,3,1,1,12,1,1,19,1,12,1,1,1,1,10,16,1,4,1,1,11,15,1,3,13,4,1,7,1,1,8,12,12,1,14,1,1,1,10,1,9,1,20,1,9,1,1,15,1,20,1,10,12,1,1,1,7,1,8,10,1,7,1,1,8,1,14,1,1,1,1,3,12,1,8,1,1,10,7,12,5,1,1,17,8,12,1,1,1,1,1,13,1,1,1,1,13,13,11,5,1,14,9,6,16,14,1,14,17,10,1,1,7,1,1,15,6,1,13,12,5,1,1,1,1,17,8,1,1,4,12,1,1,1,1,1,1,20,1,17,12,1,5,9,5,12,1,1,7,20,7,22,9,15,1,21,1,1,13,1,93,1,12,8,16,1,10,15,1,17,19,114,1,16,16,1,1,10,1,1,1,11,1,9,1,1,1,13,1,13,8,8,1,1,9,18,22,1,3,1,1,3,5,16,1,14,7,16,8,1,7,15,15,20,13,1,15,15,1,14,9,2,1,11,8,12,13,1,1,1,1,14,15,1,15,1,6,4,1,8,9,13,8,10,15,2,9,1,1,8,13,1,25,11,14,1,1,1,5,1,5,1,1,1,1,1,1,11,9,16,2,1,16,14,13,1,13,3,1,1,1,1,15,15,1,18,1,1,1,1,1,13,523,1,14,9,1,1,1,14,1,1,16,21,13,1,15,1,10,8,1,1,20,1,1,1,18,1,1,138,1,1,21,1,14,1,1,11,12,2,7,10,1,8,1,1,10,13,1,13,6,17,16,20,1,1,13,1,1,18,10,1,13,1,1,1,11,8,17,1,1,5,8,13,6,14,1,12,10,12,15,1,7,1,10,1,15,16,15,8,12,14,19,1,7,2,1,1,1,1,9,1,1,13,1,15,12,17,1,1,7,12,1,1,8,74,12,20,13,8,8,1,1,1,12,6,9,13,29,16,12,16,1,1,1,1,14,8,1,1,14,1,1,1,7,1,1,10,12,1,2,1,6,1,25,11,1,1,1,13,9,1,1,1,13,15,1,13,8,11,8,1,1,9,1,1,1,1,13,36,1,1,1,1,1,19,12,1,1,13,1,1,18,1,3,1,1,1,1,1,12,1,17,1,1,7,1,10,3,20,10,15,1,6,1,12,1,8,6,2,1,1,12,22,14,1,16,17,1,1,1,1,1,20,2,1,15,10,1,1,20,11,5,1,11,7,1,1,15,13,1,13,1,1,16,1,1,17,7,1,1,1,1,1,200,12,4,1,18,6,1,14,1,5,1,16,1,11,30,7,9,10,1,27,1,1,19,1,6,8,1,1,9,26,1,14,1,1,21,1,15,1,10,1,3,1,15,6,1,4,1,15,10,15,13,9,10,1,1,8,1,1,1,1,12,11,18,1,5,1,19,1,1,1,1,13,1,13,1,1,1,9,1,1,45,2,1,1,1,16,12,17,11,9,1,1,18,1,13,1,1,17,1,5,1,2,1,16,1,1,1,17,1,1,19,15,26,8,1,1,8,1,15,1,1,1,1,4,1,1,17,1,13,1,1,21,340,1,1,1,1,12,1,19,1,4,5,1,20,17,1,1,1,1,11,1,1,1,18,1,6,1,1,5,11,8,1,18,1,14,1,1,1,1,11,1,1,10,13,1,9,1,1,1,13,12,6,2,1,14,4,11,1,6,1,11,1,69,20,1,10,16,22,4,1,11,12,3,14,1,1,1,2,11,14,11,9,12,13,19,3,1,1,1,7,12,1,1,9,18,12,7,1,1,1,2,26,1,1,13,1,7,1,1,1,11,14,1,1,16,1,18,9,1,11,6,2,6,12,3,1,16,1,14,13,9,1,1,3,1,15,17,1,1,12,1,1,8,17,953,1,1,9,15,1,10,17,1,11,1,1,10,1,1,1,14,1,1,1,1,7,1,1,1,5,1,8,7,1,14,13,2,3,1,1,11,24,11,14,1,6,1,13,21,104,7,30,1,131,8,1,1,11,1,6,1,2,1,12,1,1,1,11,10,1,1,1,14,1,13,2,1,10,16,11,12,1,10,1,1,21,12,1,13,14,1,10,1,12,1,1,1,1,1,1,1,12,1,18,1,10,16,2,1,6,1,15,3,1,1,1,10,11,11,13,1,11,1,15,1,1,1,1,55,1,16,1,1,20,1,1,12,1,1,16,11,9,9,12,1,1,1,1,15,10,4,7,15,1,1,1,15,17,5,1,10,2,23,16,16,12,13,12,1,12,1,1,10,1,7,2,7,1,1,1,17,12,1,1,6,1,11,14,9,7,6,8,21,11,1,1,13,1,23,1,16,1,1,1,1,1,12,19,66,1,3,1,1,1,1,1,1,13,16,1,1,1,7,8,1,1,13,1,2,1,12,1,1,12,10,1,1,1,1,1,8,1,12,14,2,1,10,1,1,5,1,9,87,18,1,8,11,18,13,1,1,20,10,8,1,1,1,1,12,1,25,4,18,4,20,12,1,1,1,1,11,11,1,1,1,5,7,22,1,1,1,64,1,13,1,1,1,1,1,1,8,33,19,10,8,1,19,29,17,13,3,10,1,8,16,8,1,11,1,1,2,1,1,1,14,8,1,15,6,1,3,11,1,1,3,1,17,1,15,6,1,1,82,13,1,17,77,1,5,1,1,1,14,1,1,1,1,10,2,26,18,1,1,12,1,1,1,1,9,1,1,9,1,1,16,13,14,1,23,11,4,12,4,20,10,1,7,1,1,1,15,18,10,14,18,1,1,13,1,1,20,1,1,12,1,13,1,12,1,107,1,13,8,8,1,1,1,24,20,22,12,1,1,1,1,1,13,1,1,13,5,1,3,5,2,1,11,1,1,1,1,10,1,1,1,1,12,1,10,13,14,1,12,1,17,18,1,1,1,23,1,1,1,11,13,3,1,15,1,15,1,15,1,1,1,1,11,1,13,1,20,1,10,1,1,1,58,1,13,6,23,1,5,17,15,8,9,1,1,1,23,14,1,14,8,13,1,1,1,1,15,1,16,12,15,1,9,7,1,1,1,1,13,1,10,1,1,9,6,1,1,20,18,22,1,7,12,10,13,15,12,1,16,1,17,10,2,16,1,14,7,6,17,8,16,1,1,1,15,16,2,16,9,1,1,15,15,15,1,16,16,13,1,1,12,1,18,9,14,10,1,1,1,7,1,38,12,7,1,1,1,15,1,8,8,10,12,14,1,1,1,1,11,1,1,14,21,9,1,11,1,1,12,1,12,17,13,10,9,1,1,2,1,9,7,13,10,5,18,2,11,20,1,1,1,32,1,12,1,1,1,7,19,1,6,1,1,1,4,18,2,6,1,1,10,19,1,1,1,1,11,1,29,11,1,1,1,1,1,13,6,1,1,1,23,14,19,21,11,1,1,1,18,1,8,1,1,13,10,1,13,1,15,9,1,1,1,2,8,14,9,1,20,1,20,1,1,17,1,1,1,4,8,1,15,15,11,40,1,15,1,1,13,14,12,9,18,1,16,14,14,21,16,15,1,12,1,1,10,9,1,5,5,1,13,11,1,8,1,1,1,18,13,1,1,1,6,1,1,13,1,8,1,1,1,18,14,33,1,9,20,12,1,11,1,1,8,1,12,12,1,1,14,1,6,7,1,20,12,11,1,14,1,15,10,1,19,16,1,8,16,14,1,1,4,8,14,1,1,1,1,1,1,16,16,1,2,1,1,11,24,18,21,14,9,8,1,11,1,1,1,1,1,15,18,13,1,9,1,8310,13,15,8,15,28,1,11,1,10,1,18,15,20,1,1,1,5,12,13,1,6,1,12,1,10,1,1,9,10,1,75,11,12,12,17,17,1,10,10,8,9,13,16,1,1,117,1,8,12,1,1,8,14,16,10,1,24,14,14,5,13,9,5,8,1,13,8,1,1,12,1,12,1,1,11,8,7,12,1,1,1,9,10,1,1,1,1,14,21,13,163,14,12,10,13,9,1,1,97,4,1,1,5,18,1,12,15,1,16,11,10,1,6,1,15,1,1,3,6,5588,26,18,16,23,1,15,1,1,1,1,10,1,1,1,13,1,1,1,10,1,1,1,18,7,1,7,1,2,17,1,13,16,1,1,16,8,1,1,18,1,14,20,1,13,1,1,4,11,8,18,1,10,1,1,13,1,1,9,1,1,13,13,12,1,9,1,19,11,10,1,1,8,1,15,1,11,11,1,23,1,12,10,3,1,1,12,1,1,11,1,1,11,9,2,1,1,9,8,1,6,1,9,1,16,13,1,1,1,1,14,1,19,1,1,14,16,9,8,13,7,13,1,1,12,8,1,8,1,11,17,1,1,18,1,1,19,1,1,1,20,12,1,1,1,15,17,1,16,1,1,8,1,1,14,19,1,6,18,12,13,1,13,21,12,1,1,9,13,1,1,10,1,7,12,9,1,13,38,13,15,1,1,1,6,1,1,12,4,6,1,13,8,1,6,10,1,2,1,3,1,1,1,2,1,1,1,1,22,2,10,1,1,1,12,13,1,1,1,1,7,1,1,14,3,1,16,13,1,1,9,1,1,1,7,13,16,5,1,21,1,8,1,1,1,1,1,1,1,6,1,1,1,9,1,1,16,7,11,1,4,1,1,11,6,1,1,15,23,3,16,10,10,20,14,6,11,1,1,10,4,86,16,1,11,1,1,1,1,1,18,1,8,10,1,1,8,6,32,6,17,1,1,1,6,1,5,1,11,11,1,1,1,14,7,10,1,6,17,15,12,1,1,1,1,1,13,1,1,14,1,1,9,22,7,1,2,1,1,1,19,1,15,1,1,1,1,17,3,91,12,14,1,13,15,79,6,17,9,1,1,1,1,8,1,1,1,9,24,9,12,1,14,1,2,1,1,1,6,13,9,1,14,10,1,5,5,1,15,1,1,1,16,1,1,15,1,1,18,12,21,1,1,1,14,15,39,1,1,15,23,1,1,1,29,1,16,1,7,1,8,9,6,15,1,23,7,1,13,12,1,1,1,12,8,1,20,1,1,12,1,11,1,9,6,1,7,9,20,11,1,4,12,2,17,1,12,1,1,1,1,17,20,9,18,1,1,2,1,17,1,9,2,17,12,1,13,1,14,2,19,11,2,1,1,16,1,8,1,7,16,17,8,13,1,7,6,19,1,9,7,4,2,1,1,1,8,22,1,1,1,1,21,6,6,15,1,16,15,23,1,27,7,1,12,9,1,14,1,11,12,12,15,7,17,10,1,4,1,9,9,18,10,28,7,10,17,1,8,23,30,1,16,11,1,1,1,1,1,1,17,13,3,11,9,15,9,2,20,17,1,6,11,12,21,27,1,1,1,1,17,1,1,12,1,5,1,9,1,1,1,1,1,2,19,1,59,6,1,14,1,8,1,16,1,1,1,15,2,3,127,12,1,1,1,12,13,12,12,11,17,8,18,1,2,1,1,21,1,1,21,1,1,1,12,14,1,1,1,1,1,12,1,1,9,15,1,11,1,19,13,1,12,20,1,1,16,9,1,1,1,24,22,1,1,1,1,8,1,19,15,9,16,11,12,16,1,4,10,10,1,1,13,26,5,1,12,21,15,13,22,2,1,1,11,1,1,1,1,1,11,21,63,1,2,9,20,21,1,19,4,5,18,1,1,9,1,1,17,1,11,1,72,1,1,1,1,14,12,13,5,1,20,18,14,1,16,11,1,12,1,1,2,1,1,6,17,1,1,32,14,13,1,1,11,1,16,1,1,1,1,1,1,1,9,8,1,16,1,8,1,1,5,7,55,1,1,7,1,12,15,17,6,14,1,8,1,14,3,1,1,1,1,12,1,1,8,17,1,1,19,1,2,13,6,1,1,1,9,6,8,1,1,6,1,11,10,11,1,10,8,1,23,65,1,16,5,16,4,10,5,41,22,14,5,13,1,102,1,1,1,1,17,1,16,1,5,17,12,1,13,15,1,1,2,1,16,8,12,18,1,1,17,1,6,1,31,13,22,15,16,1,1,1,1,1,16,1,1,1,1,1,14,1,22,4,1,13,1,1,1,1,1,14,1,2,1,1,13,21,16,1,13,12,13,1,14,1,2,2,61,1,10,1,12,11,6,8,14,13,1,13,1,1,2,7,15,14,1,1,1,7,19,1,21,6,1,1,1,12,8,1,8,1,11,1,1,1,14,16,1,16,1,8,16,13,1,7,8,1,1,8,10,1,9,1,14,1,16,7,1,1,3,1,2,19,1,7,18,14,1,1,1,1,1,15,1,10,12,1,13,1,13,1,11,1,1,1,11,1,17,10,1,12,18,1,1,1,1,14,52,1,16,1,17,64,1,12,1,1,9,1,1,9,8,1,1,13,17,1,25,1,8,1,12,1,26,1,1,15,1,11,19,1,4,5,1,14,1,14,11,8,1,1,1,1,1,1,1,1,20,1,1,1,20,2,15,7,1,1,1,18,1,1,8,1,9,1,14,1,2,1,17,13,12,19,1,18,1,1,1,14,1,26,1,1,1,14,1,19,7,16,12,1,20,11,21,9,1,1,13,7,1,1,1,1,1,17,1,12,1,1,10,6,1,1,11,1,1,7,10,1,1,10,6,6,18,13,1,9,10,1,1,12,1,13,8,8,1,1,12,1,1,1,1,3,10,1,1,1,2,1,1,1,1,1,12,14,1,21,1,1,1,18,1,1,1,1,1,1,13,1,7,12,1,14,1,14,1,2,10,1,1,8,1,1,16,9,1,1,18,1,4,1,1,1,3,1,15,13,2,7,8,15,1,1,1,15,10,15,1,1,13,2,1,12,12,1,1,1,16,13,13,1,13,1,11,9,1,13,1,1,1,8,1,1,8,14,10,1,1,1,1,1,12,5,16,6,1,1,1,5,15,10,1,14,6,21,1,6,1,13,15,1,11,5,1,1,10,1,20,14,17,1,16,13,11,8,1,1,1,14,12,15,1,1,1,12,1,1,16,1,1,9,15,3,1,1,12,11,21,13,6,14,4,1,1,1,22,1,11,19,6,13,1,1,14,1,1,1,12,1,1,7,1,1,1,4,13,11,1,16,17,1,1,1,1,1,8,1,8,2,1,12,1,1,1,29,1,15,10,17,21,1,1,1,1,18,13,21,17,14,1,1,14,11,1,1,32,1,17,1,9,12,1,11,1,4,2,1,10,2,1,1,16,1,3,1,14,1,1,1,8,1,1,1,11,57,16,1,8,3,2,1,9,8,36,12,11,10,17,14,1,1,8,14,17,15,1,20,12,1,2,1,17,17,11,11,13,9,1,1,19,1,1,3,16,15,3,12,17,1,14,1,1,2,1,14,10,1,1,1,9,644,1,7,2,1,1,15,1,1,8,19,10,10,7,12,3,10,1,1,12,12,18,1,13,1,8,15,1,16,1,21,1,19,1,17,11,17,1,9,12,1,10,1,1,6,1,1,18,5,1,1,1,1,14,1,1,1,11,10,12,14,1,16,7,15,2,12,1,1,16,12,1,1,15,12,1,1,8,24,14,1,15,8,1,2,1,1,12,1,17,10,1,1,8,1,1,4,1,1,1,13,1,64,1,9,1,1,13,8,16,1,21,1,1,1,1,1,10,1,16,1,1,14,1,4,12,1,1,1,8,11,21,17,11,19,11,1,1,1,1,11,1,8,1,11,1,16,1,17,16,15,1,12,22,48,10,1,1,10,1,1,1,8,15,1,5,1,1,13,14,2,1,16,1,7,15,12,9,14,1,1,13,1,1,1,1,13,11,1,1,13,6,17,15,3,19,14,1,1,12,18,15,1,25,1,1,15,1,1,1,2,1,1,6,19,1,7,1,1,1,6,1,1,18,1,1,1,1,10,7,1,1,14,9,1,9,9,1,1,13,16,1,1,18,27,32,1,1,24,1,7,1,1,1,1,16,1,9,6,1,35,22,19,1,1,1,4,1,1,13,1,13,1,1,1,1,1,13,1,1,13,6,5,1,22,8,7,1,1,10,1,8,14,1,1,1,7,17,9,1,14,8,1,9,11,8,30,14,1,1,1,1,2,4,1,1,1,1,16,7,2,1,1,15,2,11,22,1,13,16,1,9,1,16,1,1,1,11,1,13,5,1,12,10,10,6,1,1,1,1,1,1,1,1,1,14,20,11,13,21,1,1,10,15,1,1,19,14,18,1,26,11,1,1,16,36,12,8,1,10,28,6,9,13,1,9,17,1,1,8,2,10,1700,1,1,1,13,14,14,1,1,13,14,14,11,1,1,1,10,1,1,1,1,12,2,14,17,7,10,12,14,1,1,1,14,18,15,1,8,15,12,1,15,12,17,1,13,10,13,17,1,13,1,30,1,9,5,19,31,9,4,1,1,20,1,19,14,1,18,1,13,1,1,1,2,11,1,1,16,16,14,19,1,9,1,19,1,17,15,1,14,13,19,17,1,1,1,1,1,1,2,11,8,1,1,1,14,5,1,11,1,1,1,1,1,19,1,12,1,6,6,3,20,1,13,1,1,18,10,1,19,53,1,17,14,44,2,1,1,4,1,1,6,8,1,79,1,92,6,1,1,14,13,1,1,25,1,21,20,12,1,16,12,1,8,1,12,1,1,1,8,1,1,1,5,8,1,7,1,1,2,20,18,11,18,8,1,1,4,1,11,1,12,63,1,6,12,14,1,1,4,1,14,1,3,19,20,14,1,1,22,9,8,1,1,8,1,1,1,9,13,1,17,1,4,9,25,1,1,1,15,5,10,12,1,2,1,1,1,17,2,9,1,17,2,1,15,1,1,1,18,1,1,11,8,14,1,10,19,14,1,4,13,16,19,1,14,1,11,4,1,18,1,1,1,7,8,1,4,6,1,1,78,14,10,1,1,1,1,16,1,1,13,1,1,1,35,8,1,5,1,5,1,85,1,1,28,12,1,1,9,1,1,14,1,26,1,1,14,13,1,14,11,9,1,1,1,12,3,1,9,17,15,7,1,1,1,9,1,1,1,16,1,1,1,1,15,7,5,1,1,9,10,14,15,1,8,1,1,104,1,1,1,13,1,1,12,1,9,1,11,19,16,10,1,16,14,11,1,1,14,1,1,1,175,1,11,17,1,7,4,10,13,1,1,25,1,1,14,1,3,1,15,6,1,1,4,1,13,10,14,13,1,1,1,1,4,16,1,12,11,13,1,1,1,1,1,10,12,16,1,11,24,12,1,1,1,19,15,1,1,14,1,1,8,1,15,1,13,9,2,11,1,1,11,16,9,8,1,15,8,1,5,8,15,13,1,14,6,1,1,13,9,11,1,1,1,1,1,25,9,1,1,8,16,4,12,1,1,1,5,1,1,1,1,1,1,1,1,9,8,7,1,10,22,1,11,1,1,16,1,17,19,11,1,1,9,16,1,22,1,6,19,16,1,1,13,9,12,11,1,14,14,1,8,1,1,1,1,1,1,7,1,11,7,10,1,11,1,1,11,16,1,9,1,7,17,8,6,8,1,1,14,1,12,16,1,1,1,1,1,11,1,1,13,10,1,10,13,10,1,1,23,2,1,2,17,8,106,1,1,8,1,14,11,1,1,11,10,11,16,1,5,1,15,1,13,1,9,7,1,1,1,1,1,1,6,1,10,1,15,8,1,1,1,1,11,1,1,1,1,1,17,14,1,1,7,1,1,9,17,1,9,12,1,1,1,9,1,1,1,10,12,8,9,1,17,9,1,12,10,1,1,13,12,1,11,1,10,13,15,1,1,14,18,1,15,1,1,1,12,16,1,1,103,7,3,1,1,1,1,18,14,19,1,1,13,1,18,8,1,1,1,1,19,1,1,1,1,1,1,14,1,1,19,171,11,1,10,1,1,10,1,58,6,1,9,10,7,1,1,1,1,1,1,1,1,12,10,1,22,13,1,1,1,18,1,1,6,1,11,1,3,69,1,1,17,7,8,1,7,1,1,7,13,1,1,15,12,1,9,4,1,1,15,1,4,1,6,1,33,18,11,1,11,1,12,10,38,1,13,1,1,6,1,1,1,3,35,10,12,1,1,1,1,1,3,11,16,10,9,1,19,20,10,10,1,12,9,16,1,1,19,1,1,10,1,11,2,13,7,18,23,10,19,1,1,1,12,11,1,12,2,1,1,5,10,1,14,1,1,1,1,16,3,21,13,8,1,1,1,1,1,12,10,10,1,1,20,8,20,17,9,10,1,1,16,11,9,10,1,16,14,6,1,2,1,1,1,24,18,1,10,12,13,10,16,1,16,9,1,1,1,1,1,1,1,22,23,1,1,1,1,1,18,8,15,1,1,14,4,1,1,1,3,9,4,16,1,8,28,1,1,1,12,2,1,20,1,2,1,1,14,1,10,14,10,1,1,18,1,1,4,1,1,1,1,1,1,1,1,1,1,15,14,1,1,18,1,1,9,33,9,1,1,1,1,1,1,1,1,23,1,14,12,19,1,1,1,12,18,1,1,3,9,17,1,2,14,12,1,1,9,1,1,14,1,1,18,1,1,1,6,1,1,1,1,336,1,10,15,12,1,15,20,13,1,1,11,11,1,1,1,1,1,26,16,1,1,8,1,1,1,1,8,9,12,1,28,1,9,1,3,2,1,1,15,17,14,11,1,1,1,10,18,1,22,15,1,1,10,1,17,16,1,13,1,10,18,1,19,1,16,1,1,16,1,11,1,38,1,1,11,1,10,6,1,1,40,12,1,15,8,9,22,12,14,1,1,1,1,1,1,5,8,1,1,1,15,1,2,16,1,1,1,20,1,1,1,13,1,1,1,1,7,15,1,1,1,11,10,11,10,1,1,14,13,16,1,13,4,7,1,1,1,1,1,11,1,14,6,9,1,8,17,10,1,1,9,2,1,1,17,25,15,1,1,5,1,1,7,1,5,14,15,11,1,1,1,71,2,1,1,1,17,11,1,13,1,1,19,10,1,20,15,1,1,1,1,16,12,16,1,1,4,1,1,5,7,11,1,1,10,1,14,10,1,38,1,18,19,11,13,1,1,8,10,1,1,1,1,1,13,13,1,19,1,12,9,6,1,13,91,1,1,14,16,1,1,9,1,22,5,15,10,11,7,1,5,10,5,1,15,1,16,1,11,12,1,12,13,15,17,1,1,1,32,1,9,8,1,14,24,26,19,12,1,6,19,1,22,11,11,1,1,1,1,7,1,1,13,1,14,17,17,1,1,18,13,12,19,15,18,16,16,20,11,1,1,1,2,1,16,12,2,1,1,1,1,1,1,16,1,8,1,25,1,1,8,7,1,13,1,1,1,4,7,13,1,11,9,13,1,1,15,1,1,1,5,19,7,6,1,21,1,14,1,1,8,11,1,1,1,11,1,9,1,1,12,1,12,1,1,1,1,1,16,11,1,21,1,1,1,10,15,8,1,10,18,8,1,11,13,1,1,3,1,1,1,1,1,16,11,12,20,1,23,3,1,25,1,1,1,16,7,7,14,16,10,1,1,18,6,10,9,9,1,15,1,1,12,18,1,13,1,13,1,1,17,11,1,15,16,9,7,5,1,1,17,17,14,5,1,9,9,2,12,1,1,1,26,14,22,10,12,12,14,10,1,1,15,1,1,2,13,1,18,1,34,2,77,11,7,2,2,1,11,13,1,19,10,15,4,13,1,8,17,2,9,1,8,1,1,1,1,1,1,1,1,1,12,1,13,1,18,11,1,1,1,8,17,1,1,1,1,1,14,67,7,1,4,46,1,20,9,11,1,15,17,17,13,1,1,10,10,1,8,1,1,13,1,1,8,1,1,8,1,1,1,1,14,19,15,1,1,13,15,18,1,3,1,1,108,1,1,1,1,26,8,19,11,1,18,18,1,8,7,1,20,1,1,16,1,15,1,1,2,7,13,1,1,10,1,2,1,1,1,1,30,15,1,12,1,15,11,1,1,1,11,1,1,13,29,1,1,1,16,1,18,1,12,1,7,10,13,3,14,1,17,10,13,1,3,10,12,9,1,11,1,12,1,1,1,1,10,17,1,1,7,6,13,11,13,1,19,6,1,13,11,17,1,9,1,1,1,1,1,2,10,1,8,12,7,1,20,4,15,19,1,1,1,1,1,14,1,4,8,1,14,8,7,1,1,1,20,14,1,9,1,9,1,1,1,1,13,1,21,1,1,13,1,16,12,1,1,1,11,11,5,19,1,15,8,14,14,1,12,7,1,16,1,1,88,1,12,10,1,13,1,1,18,16,1,1,14,1,8,14,9,1,36,11,1,11,1,1,1,1,10,1,11,9,6,1,1,1,12,9,12,1,1,1,8,1,12,8,15,1,13,14,12,1,12,10,1,1,2,1,1,1,8,1,4,13,1,27,1,1,14,1,12,11,1,3,1,20,2,9,12,11,11,1,1,12,20,6,1,1,1,2,9,4,1,1,1,7,1,4,17,1,1,13,1,1,14,1,1,15,1,6,12,1,1,7,16,1,15,5,31,10,12,1,3,1,1,1,12,3,8,11,16,1,1,1,9,8,1,11,1,1,13,6,16,11,1,1,37,1,1,1,1,17,12,1,1,1,20,6,1,1,4,1,1,9,12,3,8,11,5,1,19,16,1,1,17,1,11,14,1,21,8,1,1,1,1,1,13,2,12,5,13,1,1,1,1,1,3861,1,1,1,1,27,1,1,1,1,1,10,7,1,10,16,6,1,13,1,1,1,11,1,13,1,14,18,13,17,1,15,1,12,14,28,20,1,15,16,10,22,10,48,1,18,21,9,1,8,5,1,1,1,1,1,9,13,1,1,12,12,9,8,1,14,18,1,15,1,1,2,1,35,1,10,1,1,1,1,3,16,12,9,1,1,9,24,3,13,12,1,1,11,1,4,1,1,1,14,5,1,11,11,12,1,9,2,1,10,14,3,17,14,13,10,1,140,1,13,10,1,14,90,21,1,1,1,1,1,1,16,16,10,1,12,1,1,1,7,1,15,2,7,8,1,23,11,1,1,1,1,1,2,13,13,1,9,28,9,49,1,1,11,12,1,16,17,12,18,2,1,1,1,17,179,11,9,1,9,10,1,1,15,1,13,19,7,14,17,1,13,1,12,1,13,6,1,15,11,1,1,1,7,1,1,1,9,9,22,1,16,1,8,9,3,12,13,22,15,15,1,1,14,1,1,1,1,1,1,1,58,16,8,15,16,13,8,8,14,14,1,1,1,1,9,1,13,15,2,1,13,17,21,16,1,1,17,21,1,14,16,12,1,1,18,1,1,8,5,7,14,6,45,1,15,1,1,1,7,5,1,13,13,9,1,1,10,1,16,1,18,1,10,4,1,12,12,1,11,1,6,1,1,1,11,1,2,1,13,1,3,1,11,1,1,12,12,1,1,16,12,3,9,1,5,1,18,1,1,1,1,1,1,1,1,1,11,6,14,100,10,14,16,8,16,18,1,1,1,8,15,1,1,1,1,1,4,17,1,1,2,1,12,1,20,1,1,1,9,2,14,12,1,11,78,11,4,3,8,8,20,1,1,1,1,17,1,1,3,1,17,1,1,8,1,1,1,1,1,1,1,1,12,1,23,8,19,17,6,1,1,12,1,9,1,18,1,1,9,1,14,9,15,2,16,7,4,1,1,1,1,14,14,1,1,1,1,10,19,13,20,1,1,6,12,1,1,13,1,13,1,13,10,1,1,1,1,1,14,3,1,14,1,1,1,1,13,26,1,1,9,13,1,1,1,11,11,1,1,1,14,1,11,1,1,1,19,1,1,11,14,1,1,1,1,9,1,1,1,10,1,19,1,1,1,1,1,1,1,12,1,16,21,1,8,18,1,1,13,18,71,16,1,8,8,26,8,1,1,1,1,1,1,11,17,1,1,1,1,1,11,14,1,10,16,10,1,14,1,11,76,1,14,14,1,3,10,20,9,1,1,19,1,1,1,12,1,20,1,16,1,13,20,8,4,1,12,17,1,11,1,6,1,1,1,21,2,7,9,1,1,7,12,14,9,1,1,10,3,11,1,1,1,1,1,19,11,10,15,1,1,1,1,11,1,46,1,6,8,12,13,15,1,10,1,13,5,1,1,1,9,9,1,17,17,14,16,1,1,14,10,9,17,1,3,17,8,146,1,1,15,11,14,16,1,10,8,21,5,1,1,12,7,1,12,2,12,1,5,1,10,1,9,1,17,1,13,1,1,1,1,15,13,1,17,16,13,1,1,1,1,11,10,1,17,10,16,33,1,18,22,8,1,11,1,59,1,16,7,1,13,15,10,13,1,9,1,8,12,1,15,1,1,11,16,1,9,8,11,1,16,13,1,19,11,1,1,1,17,1,1,1,1,20,12,8,17,1,13,14,1,1,14,10,13,19,18,1,6,1,14,1,12,1,1,1,7,5,1,3,1,1,14,16,21,11,8,12,1,14,15,19,1,2,16,16,1,1,6,66,5,1,14,5,10,6,14,5,17,11,1,11,2,21,11,1,1,11,6,12,13,15,1,13,1,2,1,1,14,1,1,6,11,1,34,1,75,1,12,1,16,4,27,13,1,1,1,19,1,1,10,11,1,19,14,13,16,1,1,6,9,1,1,1,1,1,1,1,1,16,1,1,1,16,11,1,85,1,11,1,8,12,1,1,1,4,17,1,13,8,3,13,12,14,8,1,1,1,16,4,12,1,2,1,18,1,12,5,17,1,13,1,12,9,14,8,1,1,5,1,76,12,1,1,1,3,14,1,18,10,17,11,14,1,6,15,8,1,20,14,1,1,1,20,17,5,11,1,1,1,1,10,1,21,70,1,10,1,1,1,1,12,28,5,12,1,1,12,9,1,12,6,1,1,9,9,23,11,1,12,1,2,16,11,1,10,1,9,1,7,23,1,1,8,8,13,11,1,1,4,1,1,13,1,17,1,10,1,19,11,16,1,1,1,1,1,10,1,8,1,1,3,3,10,1,7,1,1,9,1,1,11,1,1,5,1,9,12,14,1,14,1,16,9,1,16,1,1,1,1,4,15,1,3,17,1,1,22,15,14,1,1,12,1,1,22,1,10,1,1,1,12,1,1,1,1,15,6,1,1,19,1,1,13,19,11,14,6,1,22,1,1,1,1,13,11,12,1,1,9,19,1,1,10,13,1,1,25,1,1,1,15,9,1,15,1,1,1,15,9,1,1,1,1,14,12,10,13,167,1,13,1,9,18,9,1,14,1,1,1,1,1,9,11,1,12,1,1,1,1,1,5,12,13,1,1,13,22,1,11,9,1,1,13,32,1,1,8,13,19,1,15,1,13,1,1,2,1,1,1,1,1,11,18,9,1,10,1,16,13,1,1,15,13,1,1,14,4,1,13,1,9,1,1,14,1,11,1,19,22,22,1,1,1,18,9,1,14,1,9,22,9,15,11,13,1,15,1,30,1,14,11,1,19,1,1,78,11,122,10,1,1,1,1,1,1,7,10,13,1,1,1,16,7,7,2,1,13,17,20,1,20,12,1,1,3,11,16,1,1,1,1,1,1,1,13,22,1,13,19,12,1,12,1,5,13,7,17,1,18,1,1,15,11,1,1,6,1,12,11,18,1,1,5,18,6,1,1,1,1,4,17,11,8,11,9,1,3,1,1,12,23,1,14,26,15,1,7,11,45,3,1,1,1,4,20,13,1,9,18,6,12,12,1,1,10,13,8,8,13,2,1,8,1,4,14,1,24,22,10,1,1,1,1,1,14,12,14,22,1,1,11,1,1,16,1,1,1,10,1,1,8,14,1,1,1,6,1,5,6,1,1,1,16,12,1,14,1,16,13,17,20,12,1,1,1,1,1,11,11,1,7,1,6,33,16,29,1,1,8,3,6,1,8,13,1,1,15,12,13,15,4,1,14,13,1,1,25,28,5,14,1,9,1,2,13,1,18,1,1,14,1,6,1,9,1,12,1,1,1,1,9,1,101,9,17,1,15,1,1,4,2,1,17,15,1,20,24,1,2,1,1,1,1,1,1,16,12,1,1,13,1,1,1,1,1,8,13,1,13,1,1,1,1,1,4,9,11,2,1,14,1,14,14,1,1,14,1,1,7,1,21,9,1,15,7,1,1,1,8,1,30,1,12,1,14,1,10,20,22,16,1,1,1,1,11,24,1,10,27,1,7,1,15,7,1,16,1,1,12,5,1,16,15,13,1,10,1,12,12,8,35,2,8,1,1,1,2,17,1,7,1,9,14,13,7,1,97,18,2,11,1,1,6,7,7,3,2,1,16,1,10,18,15,1,5,5,1,1,9,12,1,16,1,9,9,1,101,1,1,12,1,15,1,1,1,1,1,1,8,6,15,1,2,16,14,1,8,20,19,1,16,14,24,2,11,15,11,13,10,1,10,1,1,1,13,18,1,18,1,9,1,1,5,18,1,1,1,11,11,8,27,1,1,1,14,12,2,1,1,1,5,4,10,29,1,15,1,14,13,22,4,1,10,12,1,1,11,18,12,1,6,9,21,2,1,1,6,9,9,1,1,3,6,18,1,14,1,1,1,15,10,14,1,1,16,1,1,14,1,11,11,1,1,1,1,1,1,1,1,15,1,1,14,1,1,1,1,10,11,22,14,18,33,1,1,1,1,1,1,1,5,15,15,1,13,2,13,1,3,1,1,1,17,1,1,1,1,9,11,1,15,10,1,1,1,1,19,14,11,1,1,8,17,7,9,1,13,1,1,1,1,14,1,6,1,1,1,12,1,1,1,1,1,1,19,14,15,9,11,22,8,12,1,1,3,1,1,1,1,1,1,1,1,16,34,12,20,6,9,1,1,1,15,1,1,1,17,12,14,1,11,1,1,16,15,1,8,5,13,1,1,17,1,12,13,1,15,9,1,1,26,1,1,72,5,9,10,12,12,1,10,23,17,1,13,17,1,1,1,1,1,1,1,15,10,10,18,1,13,10,11,1,134,9,1,1,5,1,11,16,1,18,1,3,17,16,13,20,10,2,1,1,21,1,13,1,14,1,13,5,12,10,15,1,1,4,14,10,10,20,14,12,8,20,13,7,12,7,10,1,19,14,19,13,2,16,18,1,6,1,1,15,17,18,2,15,8,18,1,10,1,1,1,1,13,15,10,14,17,1,10,23,1,16,1,18,11,15,1,1,9,20,8,1,1,1,13,1,8,28,1,1,1,1,8,1,1,1,1,9,1,7,19,10,14,17,4,1,106,1,1,16,6,1,21,15,1,1,12,9,1,1,1,1,1,13,1,6,4,1,20,2,7,16,13,1,1,1,10,1,1,1,9,1,10,10,1,7,1,1,1,1,17,1,1,1,1,1,1,6,1,27,27,1,1,16,22,10,1,1,7,1,14,11,12,11,10,13,2,4,1,1,11,1,12,1,13,5,12,1,1,1,1,60,1,1,15,7,11,2,9,1,1,1,19,18,1,1,8,18,1,1,18,7,1,1,11,1,11,1,1,1,12,24,15,1,1,1,1,1,1,18,1,1,2,8,12,1,7,8,8,14,1,12,14,1,24,11,11,5,11,1,1,10,1,55,7,1,16,1,19,8,16,17,1,1,1,17,14,10,14,13,1,1,15,9,1,1,1,3,1,16,1,1,17,8,2,3,10,13,12,1,1,1,12,1,1,73,17,1,6,10,1,1,1,1,11,1,1,15,11,1,1,8,7,1,12,1,17,1,1,1,1,1,19,1,12,1,1,1,1,12,1,11,1,14,9,5,14,1,10,1,1,1,11,28,10,15,14,1,31,1,1,1,17,8,9,1,9,1,11,1,1,9,1,1,3,16,10,9,13,1,1,12,1,1,14,16,1,25,1,2,9,22,1,10,1,7,1,1,4,1,8,1,1,12,15,1,1,12,1,14,1,9,1,10,1,13,2,19,14,1,6,13,1,22,24,1,1,8,1,1,1,8,1,11,1,1,12,1,19,1,12,1,1,1,1,1,3,10,1,1,1,1,1,1,12,1,2,1,1,1,9,19,1,14,1,11,18,1,14,9,1,10,1,1,4,1,10,17,9,5,1,1,1,1,4,13,12,26,1,1,2,15,3,1,2,10,16,1,1,13,1,13,11,1,11,8,1,16,1,1,1,8,13,13,13,9,1,6,1,1,17,1,18,1,1,15,14,1,1,14,10,10,1,11,1,8,1,9,1,11,10,1,2,17,1,21,18,11,1,1,19,7,15,10,20,13,1,1,5,15,1,1,14,1,1,1,1,1,23,1,1,1,1,1,1,10,2,7,19,11,1,16,1,8,1,18,1,14,7,12,10,1,17,10,9,10,42,11,11,1,11,13,1,1,15,1,11,1,8,1,8,1,11,6,14,1,12,9,10,11,13,1,9,1,1,15,27,14,1,1,1,1,1,1,1,1,1,1,1,1,2,1,1,8,1,8,1,1,1,21,6,1,17,19,1,17,1,9,1,10,1,17,1,11,1,9,7,1,7,9,10,1,9,1,1,1,15,13,18,14,7,16,12,31,1,16,1,1,1,1,1,1,12,9,1,1,30,1,1,11,14,16,14,1,15,1,1,12,11,22,9,5,10,1,11,1,21,17,6,1,1,1,9,12,1,16,197,76,1,11,1,11,12,1,13,18,10,1,1,1,11,1,1,4,1,17,1,2,1,1,1,14,1,1,5,11,1,14,1,1,10,15,1,13,15,2,1,1,9,25,8,1,1,1,9,22,13,18,16,1,12,6,1,13,6,12,13,1,1,1,2,1,2,16,9,1,1,1,1,1,5,17,1,1,14,12,13,1,1,5,1,4,14,12,9,8,11,1,14,1,8,1,1,11,1,1,1,1,13,8,1,1,11,12,13,8,16,8,1,18,10,1,1,12,1,1,16,1,19,1,17,1,16,9,1,1,9,11,7,1,2,1,1,1,1,1,1,9,9,9,8,1,11,15,1,29,14,1,1,14,18,14,15,1,1,1,12,7,4,1,1,1,15,1,10,1,35,1,1,1,1,1,2,1,15,1,20,9,1,20,1,9,8,1,1,13,1,1,15,1,5,1,1,12,13,15,7,36,13,1,1,1,1,1,1,1,1,5,1,19,15,11,1,9,10,1,14,1,13,3,10,1,9,26,1,1,21,1,1,1,6,55,2,1,14,1,1,1,1,1,1,1,11,7,1,1,6,1,1,11,19,8,18,11,1,1,1,7,1,1,1,6,1,7,1,1,1,11,10,1,5,11,14,12,11,1,9,15,64,1,14,16,33,18,1,16,14,5,14,1,2,1,13,1,19,11,11,1,1,25,1,18,13,1,12,14,1,16,6,6,15,1,1,1,13,1,10,1,1,1,16,1,1,1,8,1,1,6,1,1,14,2,1,11,1,17,1,1,1,18,12,1,4,1,4,1,17,18,1,1,14,8,1,1,7,12,12,15,12,1,5,9,21,18,25,7,1,1,1,8,16,1,1,1,1,1,1,14,1,2,1,7,1,1,9,1,1,1,18,1,19,15,1,10,1,16,16,13,16,1,18,1,6,10,26,14,9,31,14,11,1,1,14,3,1,1,9,14,4,1,14,9,1,1,18,1,1,16,1,1,1,13,1,1,1,14,5,1,1,21,11,1,23,1,25,4,1,1,1,1,7,1,1,1,1,11,9,12,1,5,1,1,1,1,1,11,9,12,14,1,1,1,15,1,1,2,1,11,8,1,1,10,1,5,17,11,1,1,13,1,11,14,15,1,5,6,13,1,1,1,8,1,1,1,29,15,3,11,12,1,1,8,2,12,1,1,1,14,1,1,18,11,7,17,11,11,1,15,1,1,1,1,1,19,1,1,11,1,12,1,11,15,11,1,1,1,1,12,11,2,1,1,16,14,11,18,1,1,13,1,1,1,1,9,1,1,14,1,11,1,1,1,15,1,1,19,7,2,1,1,1,1,1,1,16,1,1,18,12,1,1,19,13,5,2,12,1,17,23,14,26,23,8,89,4,14,53,1,1,1,1,20,1,14,1,1,14,12,1,10,33,1,1,16,12,12,1,1,13,10,1,1,1,1,7,1,16,19,43,1,1,8,1,1,1,1,9,11,1,12,1,11,95,12,1,1,19,17,8,1,8,11,18,1,10,1,1,1,1,48,10,1,9,1,1,1,15,1,8,1,23,12,1,16,1,1,1,1,19,12,17,1,1,9,8,1,10,1,31,1,1,17,65,13,1,6,1,3,1,10,1,5,1,1,23,7,10,1,2,1,1,1,22,8,1,9,1,1,12,1,16,1,1,1,1,6,10,6,30,1,1,1,1,1,1,1,14,13,7,1,9,1,17,14,1,12,9,18,17,1,1,1,29,1,8,1,11,1,1,5,1,12,1,11,13,1,1,11,6,11,1,1,1,8,15,1,1,1,1,63,17,1,1,1,1,1,1,1,12,16,1,34,10,12,4,11,1,12,17,1,1,9,1,1,9,8,1,16,17,1,1,3,10,1,1,1,8,12,1,2,1,1,10,13,1,13,1,1,1,3,10,14,13,1,18,1,14,13,1,1,1,1,1,1,11,11,1,3,14,14,1,1,1,1,1,11,15,1,16,5,1,12,10,11,12,11,1,13,7,1,1,17,1,1,12,1,1,1,1,1,1,13,16,21,10,12,28,2,14,11,1,15,2,6,1,1,10,20,1,19,25,8,1,1,1,12,10,12,10,4,1,1,17,1,1,20,6,1,10,1,16,1,12,1,1,14,1,1,2,1,1,1,1,6,1,13,7,2,7,6,11,1,9,9,1,22,13,17,1,2,1,19,8,14,1,1,1,9,1,11,8,17,1,10,1,12,1,1,1,12,1,3,1,1,16,13,17,1,7,1,1,13,1,38,10,16,3,1,15,10,18,9,12,7,10,15,11,17,7,13,9,15,1,13,17,1,1,13,9,1,8,14,6,1,1,1,12,12,1,15,9,1,17,1,3,11,7,1,11,14,1,15,14,1,2,11,1,9,15,1,11,16,1,17,1,11,12,1,9,12,1,7,1,18,8,9,14,8,1,1,1,16,1,10,9,1,8,1,1,1,2,1,1,6,8,6,1,1,5,7,16,1,14,1,1,15,1,17,1,1,1,1,1,13,1,7,26,1,1,22,1,1,1,15,13,13,1,18,14,1,1,19,1,1,12,1,1,1,1,13,1,1,1,1,1,1,22,92,10,1,1,5,8,1,3,19,2,1,8,11,11,12,1,1,1,1,1,7,13,1,19,1,19,11,1,1,15,1,1,16,1,1,16,12,10,58,10,19,12,1,3,16,1,1,22,1,1,1,13,3,1,1,1,1,1,1,11,1,1,8,1,13,1,2,1,17,11,21,11,13,1,1,4,1,16,9,7,11,18,10,15,1,1,1,1,9,1,6,21,1,15,1,19,1,11,1,1,20,5,1,11,1,21,9,1,1,9,12,13,10,25,1,1,1,8,11,11,1,1,1,9,1,20,1,11,1,12,17,1,1,1,1,1,1,8,3,1,13,23,1,11,1,15,1,1,2,9,18,1,8,8,1,1,23,4,20,1,28,6,9,16,1,10,1,15,16,11,16,1,1,1,9,10,23,11,16,12,1,1,1,19,1,1,18,7,143,8,8,1,1,1,1,6,4,37,1,1,1,1,8,1,9,22,1,6,1,10,8,1,20,14,1,1,12,1,6,13,11,18,17,13,15,12,1,18,20,10,13,1,10,4,19,1,9,16,1,17,11,15,1,1,15,17,1,1,1,1,1,1,1,9,23,1,1,12,5,1,1,15,1,7,14,21,1,1,1,1,1,13,1,9,1,1,12,11,1,1,1,10,5,11,1,9,2,1,19,11,10,16,66,1,1,14,1,1,1,1,1,1,1,1,1,8,13,1,14,2,12,15,1,1,17,1,16,8,1,10,16,17,14,1,1,16,1,9,19,1,11,9,11,14,7,16,1,1,16,14,18,1,9,9,2,1,2,2,1,10,18,500,1,16,1,17,10,19,1,1,10,22,1,6,1,8,15,10,7,1,10,5,18,16,18,13,1,15,1,10,2,28,1,1,16,1,6,21,6,1,1,10,17,17,12,12,9,1,11,70,1064,16,1,7,1,9,9,9,8,22,1,1,15,2,14,6,1,1,12,12,1,1,1,9,17,1,10,1,1,17,24,2,13,19,9,1,16,25,16,1,1,1,1,1,10,9,1,19,21,11,1,1,1,1,1,17,1,1,3,1,1,14,15,1,1,1,1,1,1,1,21,1,3,1,1,1,1,13,5,14,1,1,1,12,1,8,1,1,18,13,15,13,13,17,12,1,1,1,1,11,1,1,1,30,1,1,10,1,9,1,1,1,12,17,1,12,1,1,1,14,20,1,1,17,10,1,1,14,1,1,12,1,13,1,10,2,1,13,1,15,1,1,1,7,1,22,9,1,10,1,21,1,1,1,14,21,9,11,1,13,12,2,13,1,14,1,1,11,11,15,1,1,1,1,1,62,14,8,17,1,1,1,1,11,1,8,1,1,5,1,15,18,11,18,28,8,1,11,1,24,8,15,18,24,11,1,10,1,1,19,1,12,1,1,8,13,1,13,1,1,44,13,9,1,22,13,1,1,1,1,14,15,12,75,14,1,1,1,14,12,1,9,1,11,1,12,1,1,1,1,4,13,1,1,11,17,3,14,11,10,12,9,1,8,1,17,1,1,13,1,8,1,10,1,9,1,13,6,13,1,1,21,11,1,28,1,10,12,1,16,1,1,22,1,1,1,1,12,17,6,287,11,8,203,1,1,9,10,1,1,1,4,1,1,1,12,5,14,21,10,15,1,1,14,15,13,1,1,1,1,1,1,1,19,11,10,10,39,18,20,14,21,1,5,1,1,14,1,1,21,1,9,1,8,1,10,9,16,15,13,10,12,2,16,1,13,11,1,1,18,1,12,1,1,2,1,12,1,1,9,14,1,16,16,15,10,10,11,1,15,11,8,1,1,2,1,7,9,10,16,89,12,9,1,10,13,5,1,1,1,14,23,5,19,1,1,23,27,1,1,1,1,1,13,1,1,5,1,20,1,1,6,15,1,12,12,13,1,12,16,1,28,1,1,27,12,15,1,1,1,79,11,1,5,17,11,1,17,18,1,16,8,15,1,7,16,1,5,8,17,1,16,1,9,6,1,1,1,15,1,13,1,1,1,1,1,4,1,21,2,1,1,1,1,15,11,1,20,12,16,24,9,20,1,1,1,9,1,1,7,16,1,14,19,1,21,12,1,11,12,8,1,1,2,1,16,11,1,1,2,1,1,1,1,14,1,1,12,1,12,1,14,20,1,19,1,10,1,1,1,1,1,1,1,1,9,19,1,1,20,1,10,1,1,14,1,11,9,10,1,14,27,14,1,15,13,16,7,1,1,11,1,1,1,13,10,12,19,297,1,8,6,1,49,1,9,13,2,1,1,1,14,1,14,4,1,13,24,17,11,62,12,14,1,1,1,1,30,18,10,1,1,1,14,16,12,1,16,1,2,11,1,3,17,1,15,13,12,12,10,1,1,11,15,15,4,12,1,1,1,8,12,2,1,6,1,1,16,3,24,1,11,1,1,13,1,14,13,16,15,1,12,1,23,1,1,1,1,5,1,1,21,5,14,2,3,1,6,1,1,46,14,1,1,14,10,1,1,1,1,1,1,21,14,1,1,10,5,18,1,1,1,1,16,10,1,13,1,1,1,13,10,1,7,10,10,13,13,2,11,2,12,5,1,1,1,11,13,10,18,1,1,1,4,1,1,21,9,22,1,19,14,1,9,18,1,1,1,12,1,1,1,1,8,1,9,1,13,5,1,11,11,9,1,1,7,12,13,1,19,90,1,10,5,11,5,29,1,15,2,1,1,1,1,1,13,11,6,1,16,19,1,1,1,10,1,1,1,9,7,13,11,5,1,19,11,1,2,9,5,1,16,1,1,1,1,1,1,1,1,1,12,1,7,14,14,1,18,17,20,14,8,7,1,19,13,1,16,5,1,13,1,15,23,11,1,11,17,1,1,89,13,1,1,1,7,23,1,19,1,13,1,1,3,17,1,16,1,9,7,7,31,12,1,6,12,1,13,8,15,1,24,10,25,1,1,12,1,79,1,15,1,14,1,14,1,10,1,1,1,14,12,19,9,1,20,1,24,6,18,13,1,10,7,1,15,1,10,1,1,1,13,12,1,4,6,1,44,1,1,1,1,21,1,2,1,1,2,14,11,12,15,1,1,12,12,63,12,1,1,1,11,2,1,11,1,2,7,1,1,1,17,18,25,13,1,20,1,17,12,16,1,10,1,15,1,1,14,24,13,1,31,1,8,8,15,1,1,1,1,1,1,11,21,1,10,28,20,1,1,1,1,4,12,1,1,1,1,1,1,12,10,7,1,1,9,3,1,14,3,14,18,10,17,1,1,1,12,13,14,1,15,1,1,1,1,10,2,11,1,9,1,6,15,10,7,12,2,10,1,17,10,16,1,15,16,15,1,2,7,1,9,14,1,2,2,10,19,1,17,13,1,2,1,14,1,11,1,11,5,1,1,1,12,1,10,1,13,1,10,1,1,1,12,1,1,18,10,1,12,1,13,15,1,18,1,1,1,1,1,15,11,24,25,1,1,1,18,1,12,11,1,1,1,12,1,1,8,1,1,3,1,13,1,88,38,1,1,15,16,1,1,16,13,13,11,11,10,8,3,5,12,1,1,7,1,13,6,19,1,1,1,14,5,1,8,1,1,1,11,8,1,7,1,6,1,1,9,26,1,18,10,18,1,13,1,21,1,11,12,1,8,1,14,1,10,22,11,11,6,1,1,1,6,6,8,1,1,1,1,1,13,15,17,1,12,21,1,1,4,18,1,5,2,9,1,11,1,1,16,1,12,1,1,7,1,19,1,1,12,1,1,12,1,17,12,1,56,1,13,1,1,1,6,18,15,11,13,10,15,1,1,21,9,16,12,1,1,5,1,87,1,1,1,8,2,16,12,1,1,12,1,1,1,13,1,1,1,1,1,3,11,1,1,17,1,1,12,82,10,1,25,1,1,15,9,1,1,6,1,15,1,1,14,6,1,2,1,1,14,11,1,1,10,10,20,1,1,8,9,1,1,1,1,7,1,1,6,1,9,7,1,15,1,19,17,1,1,1,10,1,2,2,1,1,1,1,1,1,9,10,5,1,1,14,8,1,1,1,1,1,11,3,1,1,1,1,13,15,3,1,1,1,1,12,1,1,1,11,1,20,2,20,1,10,14,25,1,2,1,1,16,4,1,1,27,1,9,38,9,1,1,1,1,19,1,1,1,1,1,1,21,13,22,12,14,49,16,8,1,10,16,11,1,10,4,5,17,672,1,13,2,1,22,19,1,14,1,1,9,12,20,1,4539,1,8,12,12,16,1,9,1,9,16,39,1,1,1,11,16,1,5,1,1,1,12,10,1,1,16,1,26,1,9,1,1,9,1,29,12,1,1,14,7,11,1,28,10,14,1,1,1,1,4,19,7,1,13,14,17,1,1,34,1,14,3,5,1,1,17,11,1,15,1,15,12,11,12,15,16,10,1,7,1,1,14,9,10,1,4,1,1,11,1,1,1,1,7,83,12,13,1,1,1,1,1,9,1,16,12,1,10,1,10,1,5,11,8,1,1,8,19,1,34,9,4,1,1,2,1,18,1,10,1,1,21,1,8,9,27,7,1,4,1,1,16,27,8,13,28,16,12,1,1,1,16,6,16,12,9,15,45,1,1,3,10,8,1,25,7,11,8,11,1,18,1,18,1,1,1,19,1,14,13,1,11,24,15,1,1,15,1,6,1,1,7,1,1,1,292,1,1,15,1,1,8,1,1,1,1,1,19,12,12,1,17,1,1,1,1,1,16,1,1,7,1,1,1,10,1,10,3,1,11,15,1,11,1,1,20,12,15,1,16,1,1,1,1,1,6,1,27,1,1,11,1,17,12,1,1,1,1,15,18,17,1,11,10,16,1,7,9,4376,9,1,1,1,1,13,1,1,1,23,1,1,16,55,13,1,1,1,11,1,1,1,11,1,10,1,7,17,18,1,1,1,1,1,1,15,1,21,1,1,9,16,12,9,12,1,10,20,39,5,1,2,1,1,13,12,1,1,22,1,1,14,1,8,17,11,1,1,8,10,1,10,1,2,13,1,12,13,9,9,13,1,15,1,26,16,13,5,11,39,8,13,15,6,1,1,1,10,8,13,1,1,8,1,1,13,9,1,7,12,11,12,9,15,5,14,16,5,1,21,1,1,1,1,1,15,1,1,17,7,1,8,10,1,1,10,2,1,1,11,1,1,20,12,1,1,7,92,1,12,9,1,6,1,4,1,18,1,1,1,1,1,1,17,7,1,1,18,1,1,1,1,1,16,1,1,7,10,10,25,14,11,1,12,1,1,15,12,3,8,11,1,18,1,1,2,1,13,1,1,13,11,15,14,13,1,1,16,1,4,31,1,9,1,11,91,1,10,1,13,14,1,1,9,1,11,15,1,1,1,12,1,1,12,7,21,1,13,1,1,7,17,22,1,8,12,19,5,1,8,15,10,11,12,1,10,10,12,1,4,19,1,1,1,11,1,11,18,1,14,1,30,17,1,1,1,11,48,1,1,14,1,16,11,1,1,1,1,1,15,1,1,1,11,14,1,27,1,1,10,18,16,4,14,1,11,1,1,17,10,1,35,1,10,9,4,8,14,20,1,1,1,1,4,10,17,10,1,1,22,11,1,1,9,13,14,3,1,1,11,1,1,21,1,10,2,1,12,1,1,1,1,13,1,1,1,7,14,1,7,1,1,1,1,15,1,1,1,9,1,1,1,15,1,22,12,1,1,3,1,11,21,20,1,18,6,10,1,11,1,1,1,2,2,1,13,12,15,11,13,5,6,16,1,1,1,16,1,11,1,19,10,1,6,3,1,1,13,9,27,21,1,1,1,1,16,12,14,2,1,1,1,5,1,1,6,15,8,1,4,1,16,1,1,2,10,1,1,1,17,1,2,7,17,1,10,12,5,1,9,19,1,1,7,16,6,1,1,7,1,15,14,8,1,6,47,1,9,1,1,11,7,1,15,19,20,1,10,10,1,15,18,6,11,11,12,1,8,1,2,8,1,33,1,9,1,1,5,25,14,1,1,12,1,1,9,1,16,1,5,1,1,1,11,1,13,8,14,1,20,11,1,1,1,10,1,1,13,1,8,11,18,1,15,1,12,1,1,1,1,14,53,1,11,1,20,98,1,20,8,1,15,7,21,10,9,1,1,1,1,1,5,23,1,1,12,20,1,1,11,1,7,1,13,1,1,1,1,9,36,1,17,17,1,9,7,22,2,1,20,1,26,2,1,1,9,34,22,7,1,1,12,1,1,12,1,14,9,1,1,8,20,1,13,10,1,1,8,4,12,1,1,14,1,12,1,11,1,24,12,14,10,1,16,1,6,18,1,4,24,20,35,1,1,21,10,23,1,1,3,19,1,1,14,8,1,6,15,1,1,1,1,18,16,1,12,1,1,7,1,1,1,1,15,12,4,2,7,10,1,13,1,1,12,16,1,1,1,13,1,1,13,6,26,1,10,84,1,19,22,7,1,15,1,23,1,1,8,1,1,1,6,1,13,13,19,1,20,1,1,1,12,1,1,1,16,1,16,13,11,14,1,1,1,1,1,1,11,13,1,8,1,13,1,14,1,12,3,20,1,1,20,1,13,1,1,12,17,1,1,1,11,1,1,13,1,6,5,1,22,28,1,7,11,1,75,1,12,11,1,13,11,1,8,1,17,7,1,2,1,16,19,12,16,8,1,1,1,14,1,1,7,1,3,10,3,12,1,1,1,1,1,1,1,1,1,1,7,2,1,8,1,22,1,1,85,13,9,14,1,14,1,10,1,1,20,1,13,23,16,1,13,21,1,1,6,16,1,20,1,5,10,1,9,2,1,4,1,2,12,1,1,13,15,13,1,13,1,13,8,12,14,12,10,47,17,1,11,7,1,125,1,20,10,1,21,31,19,1,1,1,19,1,3,53,8,17,4,1,1,25,17,7,1,1,1,1,1,1,2,3,9,15,10,1,1,1,6,1,2,23,20,1,2,1,16,17,12,1,16,1,1,10,1,19,11,1,1,19,17,7,1,1,1,14,1,19,1,16,1,17,10,2,13,1,19,1,1,22,15,1,15,1,8,35,8,1,1,4,1,14,1,18,12,1,12,28,1,19,12,1,1,18,2,12,1,1,1,5,1,14,10,1,1,1,3,1,1,9,15,15,1,3,50,1,19,1,1,9,2,1,18,1,7,13,1,1,1,1,18,10,14,1,1,1,23,8,1,1,1,11,1,1,1,1,1,29,1,1,1,8,21,1,1,1,4,18,4,1,11,17,13,1,1,1,1,1,5,1,20,4,1,1,21,1,6,61,16,28,12,1,7,15,12,1,10,14,1,16,1,9,1,1,31,1,1,1,9,1,1,16,1,1,9,2,1,1,1,2,8,13,9,3,12,1,1,10,2,1,1,17,1,1,1,1,1,8,9,1,1,12,6,1,1,1,1,10,14,1,23,12,1,5,1,20,14,2,13,1,10,14,6,13,1,1,1,10,1,1,1,17,1,15,4,19,1,1,16,12,1,1,1,5,8,1,11,12,1,17,1,3,3,16,6,25,14,1,1,1,9,2,1,1,1,17,17,15,1,11,1,1,4,1,13,1,1,6,7,8,1,1,1,1,1,1,1,1,14,11,6,1,12,50,6,14,7,1,12,4,1,9,5,10,1,16,15,1,1,10,15,1,10,2,17,15,13,1,1,30,1,1,1,1,10,13,1,1,16,1,11,16,1,15,9,17,13,2,1,12,1,1,14,7,13,1,1,1,12,8,1,15,1,1,14,7,16,1,4,1,12,18,1,1,17,15,1,13,10,12,1,4,1,1,1,1,14,1,1,1,11,1,27,13,10,10,1,2,4,22,1,1,9,1,1,12,1,12,1,7,1,1,12,1,1,15,1,1,77,1,1,10,11,17,1,19,1,1,1,16,1,1,1,18,1,2,5,5,7,1,1,7,11,7,1,1,1,14,1,1,1,1,8,10,1,11,14,1,15,6,1,1,1,1,1,9,1,20,11,1,1,14,17,11,1,1,1,16,15,12,4,1,7,1,15,1,1,1,8,6,4,16,18,11,1,1,1,6,21,7,1,6,8,14,3,10,1,14,1,10,15,9,1,1,1,11,1,12,1,14,3,10,13,1,1,1,1,10,1,16,13,3,1,15,6,15,8,11,13,1,1,1,15,12,10,16,1,1,13,1,7,1,16,8,9,7,12,8,12,1,1,8,1,1,1,8,15,12,18,9,15,23,1,15,8,1,1,1,10,1,1,12,1,12,7,1,704,1,8,2,13,3,21,6,12,17,1,1,1,11,8,12,1,2,8,1,1,12,9,1,1,1,18,1,13,1,1,106,1,9,27,14,1,2,1,17,1,1,5,8,1,13,1,2,12,1,1,11,1,1,8,1,11,1,15,45,1,1,10,4,1,1,1,13,11,10,1,12,1,2,9,8,1,1,31,18,1,1,14,1,1,1,19,13,1,13,21,13,13,1,1,8,1,25,18,16,8,9,12,1,6,7,1,16,13,1,1,1,1,2,1,5,13,6,15,1,13,1,1,16,1,1,15,16,77,8,9,17,1,1,14,1,1,1,2,1,1,1,1,12,24,8,15,1,14,1,1,1,1,1,7,31,1,12,1,1,8,12,6,1,29,1,1,1,1,8,9,1,19,2,1,13,4,1,1,18,11,21,5,1,1,18,19,12,1,16,1,6,1,1,6,20,11,15,1,1,14,14,19,1,70,9,1,14,1,1,1,10,1,10,1,13,1,1,1,13,1,1,1,1,105,1,9,1,1,11,1,1,14,32,11,1,1,13,1,1,1,12,15,1,6,1,1,8,15,1,12,12,1,17,1,1,24,1,1,17,1,19,2,11,1,15,8,19,1,13,5,1,1,7,32,14,1,1,1,9,830,2,7,1,1,1,15,15,14,10,9,12,217,1,19,8,1,1,7,1,1,1,10,1,1,1,1,1,13,1,1,1,1,1,1,1,27,1,1,1,10,1,1,10,1,1,19,12,12,3,9,1,11,1,22,17,9,1,16,7,1,1,17,18,1,12,9,1,2,9,1,14,1,1,13,18,10,1,1,10,12,8,21,8,8,6,1,13,10,1,4,1,16,1,13,4,1,1,2,1,12,18,1,1,15,15,50,1,1,16,14,8,1,16,1,1,7,17,1,10,20,18,20,1,1,9,8,12,4,85,6,14,12,1,10,7,12,16,1,2,13,22,1,10,15,9,17,15,8,43,1,8,1,8,1,6,12,7,1,1,1,6
